index,detector,total_face_num,center_face_num,target_left,target_top,target_right,target_bottom,time_stamp,mark_0_x,mark_0_y,mark_1_x,mark_1_y,mark_2_x,mark_2_y,mark_3_x,mark_3_y,mark_4_x,mark_4_y,mark_5_x,mark_5_y,mark_6_x,mark_6_y,mark_7_x,mark_7_y,mark_8_x,mark_8_y,mark_9_x,mark_9_y,mark_10_x,mark_10_y,mark_11_x,mark_11_y,mark_12_x,mark_12_y,mark_13_x,mark_13_y,mark_14_x,mark_14_y,mark_15_x,mark_15_y,mark_16_x,mark_16_y,mark_17_x,mark_17_y,mark_18_x,mark_18_y,mark_19_x,mark_19_y,mark_20_x,mark_20_y,mark_21_x,mark_21_y,mark_22_x,mark_22_y,mark_23_x,mark_23_y,mark_24_x,mark_24_y,mark_25_x,mark_25_y,mark_26_x,mark_26_y,mark_27_x,mark_27_y,mark_28_x,mark_28_y,mark_29_x,mark_29_y,mark_30_x,mark_30_y,mark_31_x,mark_31_y,mark_32_x,mark_32_y,mark_33_x,mark_33_y,mark_34_x,mark_34_y,mark_35_x,mark_35_y,mark_36_x,mark_36_y,mark_37_x,mark_37_y,mark_38_x,mark_38_y,mark_39_x,mark_39_y,mark_40_x,mark_40_y,mark_41_x,mark_41_y,mark_42_x,mark_42_y,mark_43_x,mark_43_y,mark_44_x,mark_44_y,mark_45_x,mark_45_y,mark_46_x,mark_46_y,mark_47_x,mark_47_y,mark_48_x,mark_48_y,mark_49_x,mark_49_y,mark_50_x,mark_50_y,mark_51_x,mark_51_y,mark_52_x,mark_52_y,mark_53_x,mark_53_y,mark_54_x,mark_54_y,mark_55_x,mark_55_y,mark_56_x,mark_56_y,mark_57_x,mark_57_y,mark_58_x,mark_58_y,mark_59_x,mark_59_y,mark_60_x,mark_60_y,mark_61_x,mark_61_y,mark_62_x,mark_62_y,mark_63_x,mark_63_y,mark_64_x,mark_64_y,mark_65_x,mark_65_y,mark_66_x,mark_66_y,mark_67_x,mark_67_y
31,h,1,1,775,1023,1147,1394,1.0333333333333334,762,1122,758,1176,756,1230,758,1282,770,1330,793,1370,823,1403,861,1429,909,1444,961,1444,1011,1430,1055,1408,1092,1376,1119,1335,1138,1286,1153,1235,1166,1183,807,1057,833,1032,872,1027,909,1034,942,1052,1005,1062,1039,1053,1077,1055,1111,1069,1130,1099,965,1102,959,1129,953,1154,947,1182,905,1222,923,1229,942,1235,963,1236,984,1235,842,1099,866,1088,891,1090,911,1112,887,1112,862,1109,1015,1124,1040,1110,1066,1114,1084,1133,1062,1136,1038,1132,863,1299,893,1280,919,1271,935,1279,952,1278,976,1296,1002,1325,970,1336,942,1335,924,1333,906,1327,885,1318,877,1298,916,1294,932,1299,949,1301,988,1320,946,1309,929,1306,913,1301
42,h,1,1,775,981,1147,1353,1.4,789,1095,781,1148,778,1200,779,1252,788,1299,812,1337,847,1365,886,1385,933,1400,986,1402,1036,1393,1084,1378,1119,1350,1144,1310,1163,1262,1177,1212,1189,1162,825,1036,852,1009,892,1002,933,1011,970,1028,1033,1044,1071,1038,1109,1041,1142,1059,1159,1092,992,1076,989,1099,985,1122,981,1147,933,1189,952,1195,970,1201,990,1203,1010,1204,864,1070,888,1060,914,1063,935,1081,910,1080,884,1078,1042,1101,1070,1092,1095,1099,1114,1117,1090,1115,1065,1109,883,1258,917,1241,944,1231,959,1240,975,1240,1000,1262,1024,1293,991,1299,962,1295,945,1290,928,1284,906,1274,897,1258,940,1255,955,1261,971,1265,1011,1287,967,1268,951,1263,936,1258
44,h,1,1,775,981,1147,1353,1.4666666666666666,796,1084,789,1139,785,1193,785,1246,794,1294,817,1333,852,1361,891,1382,938,1396,991,1399,1040,1391,1088,1375,1124,1347,1150,1307,1169,1259,1183,1211,1196,1160,834,1029,861,1004,901,999,941,1009,977,1026,1041,1040,1079,1036,1117,1040,1150,1056,1167,1088,1001,1071,996,1093,992,1115,987,1140,940,1181,957,1188,975,1194,995,1197,1015,1198,872,1064,897,1054,922,1057,943,1076,919,1075,892,1073,1049,1096,1077,1088,1102,1095,1120,1113,1097,1112,1072,1106,887,1251,921,1233,949,1224,963,1233,980,1233,1005,1255,1029,1287,995,1291,967,1286,949,1282,933,1276,909,1266,901,1250,945,1246,960,1252,976,1256,1015,1281,972,1261,956,1256,941,1251
45,h,1,1,775,981,1147,1353,1.5,796,1084,789,1139,785,1193,785,1246,794,1294,817,1333,852,1361,891,1382,938,1396,991,1399,1040,1391,1088,1375,1124,1347,1150,1307,1169,1259,1183,1211,1196,1160,834,1029,861,1004,901,999,941,1009,977,1026,1041,1040,1079,1036,1117,1040,1150,1056,1167,1088,1001,1071,996,1093,992,1115,987,1140,940,1181,957,1188,975,1194,995,1197,1015,1198,872,1064,897,1054,922,1057,943,1076,919,1075,892,1073,1049,1096,1077,1088,1102,1095,1120,1113,1097,1112,1072,1106,887,1251,921,1233,949,1224,963,1233,980,1233,1005,1255,1029,1287,995,1291,967,1286,949,1282,933,1276,909,1266,901,1250,945,1246,960,1252,976,1256,1015,1281,972,1261,956,1256,941,1251
47,h,1,1,775,981,1147,1353,1.5666666666666667,793,1088,786,1140,782,1191,782,1241,790,1287,813,1324,847,1351,886,1371,934,1385,987,1389,1037,1383,1084,1369,1119,1344,1145,1306,1164,1261,1179,1213,1192,1164,835,1033,862,1009,901,1006,939,1016,973,1031,1041,1043,1078,1036,1116,1040,1149,1058,1166,1089,997,1067,994,1088,991,1109,986,1132,936,1169,956,1176,975,1183,997,1185,1016,1185,869,1062,893,1050,919,1053,938,1074,915,1072,889,1070,1047,1092,1075,1080,1101,1086,1119,1107,1096,1105,1071,1099,884,1241,918,1222,947,1213,963,1221,981,1222,1006,1243,1029,1277,996,1278,968,1272,949,1268,931,1263,907,1255,897,1241,943,1234,960,1239,978,1243,1016,1270,973,1249,955,1245,938,1240
48,h,1,1,775,981,1147,1353,1.6,791,1075,783,1129,779,1183,778,1236,787,1284,812,1322,847,1348,889,1367,938,1380,991,1383,1042,1375,1089,1360,1125,1332,1148,1293,1167,1248,1183,1201,1197,1150,834,1015,862,987,903,979,946,985,982,1003,1044,1022,1082,1017,1121,1023,1154,1044,1169,1078,1004,1055,999,1078,994,1101,989,1126,941,1166,959,1173,977,1179,997,1182,1016,1183,872,1049,898,1041,923,1044,943,1062,919,1060,893,1057,1051,1083,1078,1076,1102,1083,1119,1102,1097,1099,1073,1091,889,1238,923,1218,951,1209,966,1218,984,1218,1009,1242,1032,1274,998,1276,970,1271,952,1266,935,1260,913,1251,903,1237,947,1231,962,1237,980,1241,1019,1268,976,1246,958,1241,943,1236
49,h,1,1,775,981,1147,1353,1.6333333333333333,791,1075,783,1129,779,1183,778,1236,787,1284,812,1322,847,1348,889,1367,938,1380,991,1383,1042,1375,1089,1360,1125,1332,1148,1293,1167,1248,1183,1201,1197,1150,834,1015,862,987,903,979,946,985,982,1003,1044,1022,1082,1017,1121,1023,1154,1044,1169,1078,1004,1055,999,1078,994,1101,989,1126,941,1166,959,1173,977,1179,997,1182,1016,1183,872,1049,898,1041,923,1044,943,1062,919,1060,893,1057,1051,1083,1078,1076,1102,1083,1119,1102,1097,1099,1073,1091,889,1238,923,1218,951,1209,966,1218,984,1218,1009,1242,1032,1274,998,1276,970,1271,952,1266,935,1260,913,1251,903,1237,947,1231,962,1237,980,1241,1019,1268,976,1246,958,1241,943,1236
50,h,1,1,732,930,1178,1376,1.6666666666666667,788,1079,783,1136,781,1192,787,1245,805,1291,834,1327,872,1352,912,1371,961,1384,1012,1385,1059,1375,1099,1353,1129,1323,1152,1283,1170,1236,1185,1188,1198,1137,837,1004,866,974,906,966,949,972,982,994,1040,1010,1078,1005,1116,1011,1149,1031,1165,1065,1006,1048,1001,1072,997,1095,992,1121,943,1160,962,1168,981,1174,1003,1176,1023,1177,874,1046,900,1036,926,1039,944,1057,923,1057,897,1055,1051,1078,1078,1070,1101,1078,1118,1097,1097,1095,1074,1088,914,1242,938,1213,963,1205,977,1213,996,1215,1022,1239,1044,1275,1015,1283,986,1278,966,1274,950,1267,930,1256,928,1240,959,1228,973,1234,992,1238,1032,1268,989,1253,971,1248,956,1242
51,h,1,1,732,930,1178,1376,1.7,791,1060,783,1115,777,1171,779,1224,790,1271,813,1310,847,1339,886,1360,933,1375,985,1378,1036,1369,1083,1353,1119,1326,1147,1287,1168,1241,1185,1192,1200,1142,840,993,867,966,907,959,948,966,981,987,1039,1005,1077,1001,1116,1007,1148,1028,1165,1060,1001,1037,995,1062,990,1085,984,1110,935,1151,954,1159,972,1166,994,1168,1014,1169,874,1034,900,1027,924,1030,943,1047,920,1045,895,1042,1047,1069,1075,1063,1098,1072,1116,1090,1092,1086,1069,1078,886,1224,920,1204,948,1195,961,1203,979,1204,1006,1229,1033,1262,996,1267,964,1262,946,1257,930,1250,908,1241,900,1224,943,1217,958,1222,974,1227,1020,1256,970,1238,953,1233,938,1227
52,h,1,1,775,940,1147,1312,1.7333333333333334,789,1054,781,1108,775,1163,774,1216,784,1264,807,1302,841,1329,881,1348,930,1362,983,1365,1034,1357,1082,1343,1119,1315,1143,1275,1162,1229,1176,1181,1190,1131,833,989,861,962,901,954,942,961,976,982,1034,998,1071,992,1109,997,1142,1016,1158,1050,997,1031,992,1054,987,1077,982,1103,934,1145,952,1151,969,1157,990,1159,1010,1161,869,1028,894,1021,919,1024,939,1040,915,1039,890,1036,1041,1060,1070,1053,1093,1061,1110,1078,1087,1075,1064,1068,883,1216,917,1196,945,1187,960,1195,977,1196,1001,1219,1027,1251,991,1252,964,1246,946,1241,929,1235,907,1228,897,1214,940,1209,956,1215,973,1219,1013,1244,969,1221,952,1216,936,1211
53,h,1,1,775,940,1147,1312,1.7666666666666666,789,1054,781,1108,775,1163,774,1216,784,1264,807,1302,841,1329,881,1348,930,1362,983,1365,1034,1357,1082,1343,1119,1315,1143,1275,1162,1229,1176,1181,1190,1131,833,989,861,962,901,954,942,961,976,982,1034,998,1071,992,1109,997,1142,1016,1158,1050,997,1031,992,1054,987,1077,982,1103,934,1145,952,1151,969,1157,990,1159,1010,1161,869,1028,894,1021,919,1024,939,1040,915,1039,890,1036,1041,1060,1070,1053,1093,1061,1110,1078,1087,1075,1064,1068,883,1216,917,1196,945,1187,960,1195,977,1196,1001,1219,1027,1251,991,1252,964,1246,946,1241,929,1235,907,1228,897,1214,940,1209,956,1215,973,1219,1013,1244,969,1221,952,1216,936,1211
54,h,1,1,775,940,1147,1312,1.8,786,1053,777,1107,771,1162,770,1214,779,1261,801,1299,835,1325,876,1343,925,1355,979,1358,1031,1353,1079,1340,1115,1314,1139,1276,1157,1230,1171,1183,1184,1134,831,982,858,956,898,948,938,954,971,974,1033,991,1069,985,1106,990,1138,1009,1153,1044,993,1024,988,1046,983,1068,977,1092,931,1137,949,1143,967,1148,987,1150,1006,1151,866,1022,891,1013,916,1016,935,1034,911,1033,886,1029,1039,1054,1067,1045,1090,1052,1107,1070,1085,1068,1061,1061,876,1210,910,1189,939,1178,955,1186,972,1186,997,1208,1023,1241,988,1241,960,1235,942,1232,924,1227,901,1221,890,1208,935,1202,952,1206,969,1210,1010,1235,966,1212,948,1207,932,1203
55,h,1,1,775,940,1147,1312,1.8333333333333333,792,1042,785,1095,781,1147,780,1198,788,1246,807,1284,841,1311,881,1329,930,1343,984,1347,1036,1340,1083,1325,1117,1297,1139,1256,1156,1210,1170,1163,1184,1113,830,977,856,949,895,940,935,946,968,967,1030,981,1067,976,1105,981,1137,1001,1153,1035,990,1015,985,1038,979,1061,973,1086,928,1128,946,1134,963,1140,984,1143,1004,1144,867,1012,891,1002,916,1005,935,1026,912,1024,887,1021,1037,1044,1064,1033,1088,1040,1106,1060,1084,1058,1060,1052,883,1198,914,1177,940,1167,955,1176,972,1176,999,1200,1027,1233,991,1234,962,1229,944,1225,926,1219,905,1211,897,1196,937,1190,952,1195,969,1199,1014,1226,966,1206,949,1201,933,1195
56,h,1,1,775,940,1147,1312,1.8666666666666667,792,1042,785,1095,781,1147,780,1198,788,1246,807,1284,841,1311,881,1329,930,1343,984,1347,1036,1340,1083,1325,1117,1297,1139,1256,1156,1210,1170,1163,1184,1113,830,977,856,949,895,940,935,946,968,967,1030,981,1067,976,1105,981,1137,1001,1153,1035,990,1015,985,1038,979,1061,973,1086,928,1128,946,1134,963,1140,984,1143,1004,1144,867,1012,891,1002,916,1005,935,1026,912,1024,887,1021,1037,1044,1064,1033,1088,1040,1106,1060,1084,1058,1060,1052,883,1198,914,1177,940,1167,955,1176,972,1176,999,1200,1027,1233,991,1234,962,1229,944,1225,926,1219,905,1211,897,1196,937,1190,952,1195,969,1199,1014,1226,966,1206,949,1201,933,1195
57,h,1,1,775,940,1147,1312,1.9,791,1042,784,1093,780,1143,780,1192,787,1238,806,1276,839,1303,880,1321,928,1335,981,1338,1034,1332,1081,1318,1115,1291,1138,1253,1155,1209,1170,1163,1184,1114,834,972,858,943,895,933,933,938,965,957,1030,970,1068,964,1107,971,1140,993,1153,1030,990,1009,984,1030,977,1050,970,1072,925,1116,943,1122,961,1128,983,1130,1003,1132,869,1010,893,998,917,1001,936,1022,913,1020,889,1017,1036,1041,1063,1028,1087,1034,1105,1055,1083,1054,1058,1048,876,1189,909,1166,938,1156,953,1163,971,1164,999,1187,1029,1220,991,1226,961,1221,942,1217,924,1211,900,1204,890,1188,934,1179,951,1183,968,1187,1014,1215,965,1199,947,1194,930,1190
58,h,1,1,775,899,1147,1270,1.9333333333333333,789,1033,782,1085,777,1136,775,1187,783,1233,804,1269,839,1294,881,1310,931,1322,984,1325,1037,1319,1084,1304,1119,1276,1140,1236,1156,1190,1169,1142,1181,1094,832,965,854,934,891,922,930,926,962,945,1026,958,1063,952,1101,957,1133,978,1146,1014,985,997,979,1017,973,1037,967,1060,925,1106,943,1111,960,1116,980,1118,1001,1120,868,1000,891,987,914,990,933,1011,911,1009,887,1007,1034,1026,1058,1013,1082,1018,1100,1038,1078,1037,1055,1033,877,1178,910,1155,938,1144,953,1152,970,1152,998,1174,1026,1207,991,1211,961,1206,943,1202,926,1197,901,1190,891,1176,934,1168,951,1172,967,1175,1012,1201,965,1184,948,1179,931,1175
59,h,1,1,775,899,1147,1270,1.9666666666666666,777,1025,771,1076,769,1128,770,1178,779,1224,802,1259,838,1284,881,1300,932,1311,987,1312,1039,1306,1087,1291,1120,1262,1140,1223,1154,1177,1166,1130,1176,1082,817,953,843,922,881,911,922,915,957,932,1019,944,1057,938,1095,942,1128,962,1144,997,982,983,976,1003,971,1023,965,1045,921,1094,940,1099,959,1103,980,1105,1000,1107,858,991,882,977,907,979,927,1000,904,999,879,997,1030,1014,1055,999,1080,1004,1099,1024,1077,1024,1052,1020,873,1167,906,1143,935,1131,951,1138,967,1138,996,1160,1027,1193,991,1197,961,1193,943,1190,925,1185,899,1179,887,1165,932,1155,949,1160,965,1163,1013,1188,964,1169,947,1165,930,1162
60,h,1,1,775,899,1147,1270,2.0,777,1025,771,1076,769,1128,770,1178,779,1224,802,1259,838,1284,881,1300,932,1311,987,1312,1039,1306,1087,1291,1120,1262,1140,1223,1154,1177,1166,1130,1176,1082,817,953,843,922,881,911,922,915,957,932,1019,944,1057,938,1095,942,1128,962,1144,997,982,983,976,1003,971,1023,965,1045,921,1094,940,1099,959,1103,980,1105,1000,1107,858,991,882,977,907,979,927,1000,904,999,879,997,1030,1014,1055,999,1080,1004,1099,1024,1077,1024,1052,1020,873,1167,906,1143,935,1131,951,1138,967,1138,996,1160,1027,1193,991,1197,961,1193,943,1190,925,1185,899,1179,887,1165,932,1155,949,1160,965,1163,1013,1188,964,1169,947,1165,930,1162
61,h,1,1,775,899,1147,1270,2.033333333333333,776,1018,772,1068,770,1117,770,1165,778,1210,800,1245,836,1268,882,1282,933,1292,988,1293,1040,1288,1087,1274,1119,1246,1139,1208,1152,1164,1164,1118,1175,1070,817,940,841,911,879,900,919,904,953,922,1015,930,1053,923,1092,928,1126,947,1142,982,977,971,973,990,968,1009,963,1031,918,1079,937,1084,956,1088,977,1089,999,1091,851,979,876,965,901,967,922,988,898,987,873,985,1028,1001,1054,987,1079,991,1098,1012,1076,1011,1051,1007,868,1156,902,1129,933,1117,951,1124,970,1123,999,1144,1029,1178,993,1185,962,1181,942,1178,922,1174,896,1169,882,1154,930,1140,948,1144,967,1147,1014,1173,965,1158,946,1155,927,1152
62,h,1,1,775,858,1147,1229,2.066666666666667,763,1002,759,1054,757,1107,761,1158,774,1202,801,1236,841,1258,887,1272,939,1281,994,1282,1045,1274,1092,1257,1124,1227,1143,1185,1155,1139,1163,1091,1171,1042,806,925,832,894,871,882,912,885,947,902,1007,911,1045,903,1083,906,1118,925,1134,960,973,951,970,971,967,991,963,1013,916,1062,937,1066,957,1070,978,1072,999,1073,848,961,873,948,897,949,917,967,895,967,871,965,1023,978,1048,965,1071,970,1090,988,1068,987,1045,983,870,1139,904,1113,934,1101,951,1107,969,1106,998,1127,1028,1160,993,1163,963,1160,944,1158,925,1153,899,1149,884,1136,931,1124,949,1127,967,1130,1015,1154,966,1137,948,1133,929,1130
63,h,1,1,775,858,1147,1229,2.1,765,992,762,1043,762,1093,765,1141,775,1185,799,1220,838,1242,884,1254,935,1262,989,1263,1042,1257,1089,1242,1121,1213,1140,1173,1152,1128,1163,1082,1173,1033,808,913,831,883,868,870,907,872,941,888,1009,895,1047,887,1086,891,1121,911,1138,945,969,937,965,956,962,975,958,996,915,1047,934,1050,952,1054,973,1055,994,1056,846,952,870,937,894,938,915,957,892,957,867,956,1022,967,1047,952,1072,956,1091,976,1069,975,1044,972,865,1125,899,1096,929,1084,948,1089,967,1088,997,1109,1028,1143,992,1150,961,1147,941,1145,920,1141,893,1137,879,1122,927,1106,946,1109,965,1111,1014,1137,963,1125,944,1122,925,1120
64,h,1,1,775,858,1147,1229,2.1333333333333333,765,992,762,1043,762,1093,765,1141,775,1185,799,1220,838,1242,884,1254,935,1262,989,1263,1042,1257,1089,1242,1121,1213,1140,1173,1152,1128,1163,1082,1173,1033,808,913,831,883,868,870,907,872,941,888,1009,895,1047,887,1086,891,1121,911,1138,945,969,937,965,956,962,975,958,996,915,1047,934,1050,952,1054,973,1055,994,1056,846,952,870,937,894,938,915,957,892,957,867,956,1022,967,1047,952,1072,956,1091,976,1069,975,1044,972,865,1125,899,1096,929,1084,948,1089,967,1088,997,1109,1028,1143,992,1150,961,1147,941,1145,920,1141,893,1137,879,1122,927,1106,946,1109,965,1111,1014,1137,963,1125,944,1122,925,1120
65,h,1,1,732,831,1178,1277,2.1666666666666665,757,986,755,1038,756,1089,760,1138,773,1181,797,1214,835,1235,880,1249,929,1257,982,1257,1035,1249,1082,1233,1115,1204,1136,1162,1148,1114,1158,1063,1166,1011,793,904,815,871,853,857,895,858,931,874,997,880,1035,871,1076,872,1112,890,1132,926,958,920,956,939,953,958,950,979,907,1033,927,1037,947,1040,968,1039,989,1039,833,938,857,923,883,923,904,942,881,942,855,942,1014,948,1039,934,1064,938,1084,957,1062,956,1037,953,861,1115,894,1086,924,1071,942,1075,961,1073,991,1093,1022,1126,987,1134,957,1133,937,1132,916,1129,890,1126,875,1111,922,1093,941,1095,960,1096,1008,1120,958,1110,939,1109,920,1108
66,h,1,1,732,831,1178,1277,2.2,751,985,750,1036,752,1086,757,1134,771,1179,796,1212,836,1233,881,1249,932,1256,984,1254,1035,1242,1081,1224,1113,1192,1134,1149,1145,1100,1153,1049,1161,996,792,906,812,873,847,858,886,856,921,869,989,872,1027,863,1066,865,1102,882,1122,918,950,912,947,931,943,949,939,970,901,1024,920,1027,940,1030,960,1029,980,1029,830,938,852,921,877,920,899,938,876,939,852,940,1005,941,1028,925,1053,927,1074,946,1052,947,1028,945,860,1108,890,1076,919,1061,937,1064,954,1062,987,1082,1021,1117,986,1129,954,1130,935,1129,916,1127,888,1124,873,1105,919,1083,936,1084,954,1085,1007,1112,954,1110,936,1108,918,1107
69,h,1,1,734,816,1105,1188,2.3,741,977,738,1022,739,1068,742,1112,753,1153,777,1185,817,1204,864,1215,916,1220,970,1218,1022,1210,1070,1195,1104,1168,1122,1127,1131,1081,1139,1034,1145,986,774,892,793,857,829,840,869,839,904,853,965,854,1004,843,1045,845,1082,865,1101,901,931,897,928,914,925,931,922,950,882,1005,902,1007,922,1010,943,1009,964,1009,813,922,834,905,858,903,880,922,858,924,833,924,986,924,1011,906,1036,908,1056,928,1035,929,1010,927,843,1088,873,1056,902,1040,919,1045,937,1042,969,1062,1004,1094,967,1100,936,1099,917,1098,898,1096,871,1095,857,1084,902,1065,919,1066,937,1067,989,1089,936,1075,917,1074,900,1073
70,h,1,1,734,816,1105,1188,2.3333333333333335,731,959,729,1006,729,1052,731,1098,740,1141,763,1175,801,1197,847,1211,900,1217,957,1213,1011,1203,1060,1187,1095,1158,1113,1117,1121,1071,1129,1024,1135,975,766,885,785,852,819,837,857,836,892,849,957,851,995,839,1035,839,1073,857,1092,894,918,891,915,909,911,926,907,947,870,999,889,1002,908,1004,929,1003,951,1002,803,918,824,902,847,900,869,916,846,917,823,918,973,917,997,901,1022,904,1042,921,1021,922,996,920,830,1085,860,1052,888,1036,905,1040,923,1037,954,1056,990,1087,953,1094,922,1094,903,1093,885,1092,858,1091,844,1080,887,1061,905,1061,923,1061,975,1083,922,1070,904,1069,887,1068
71,h,1,1,734,816,1105,1188,2.3666666666666667,731,959,729,1006,729,1052,731,1098,740,1141,763,1175,801,1197,847,1211,900,1217,957,1213,1011,1203,1060,1187,1095,1158,1113,1117,1121,1071,1129,1024,1135,975,766,885,785,852,819,837,857,836,892,849,957,851,995,839,1035,839,1073,857,1092,894,918,891,915,909,911,926,907,947,870,999,889,1002,908,1004,929,1003,951,1002,803,918,824,902,847,900,869,916,846,917,823,918,973,917,997,901,1022,904,1042,921,1021,922,996,920,830,1085,860,1052,888,1036,905,1040,923,1037,954,1056,990,1087,953,1094,922,1094,903,1093,885,1092,858,1091,844,1080,887,1061,905,1061,923,1061,975,1083,922,1070,904,1069,887,1068
72,h,1,1,683,782,1128,1228,2.4,706,963,706,1013,707,1062,712,1109,726,1151,752,1182,793,1202,839,1214,890,1220,943,1216,995,1208,1045,1193,1079,1163,1097,1121,1106,1073,1113,1023,1120,973,735,879,757,846,794,828,835,827,872,842,942,847,980,833,1022,832,1059,850,1079,887,901,888,899,906,896,923,893,943,853,999,873,1001,893,1003,915,1002,937,1001,778,915,801,899,826,897,848,914,825,915,800,916,960,914,985,898,1010,900,1030,918,1008,918,983,916,810,1085,841,1051,871,1034,890,1037,908,1034,940,1054,977,1085,940,1095,908,1094,889,1095,868,1093,840,1093,825,1080,870,1058,890,1058,908,1059,961,1081,908,1072,890,1071,870,1071
73,h,1,1,692,816,1064,1188,2.433333333333333,697,970,696,1017,698,1063,702,1107,712,1149,735,1181,775,1200,821,1210,873,1214,929,1210,982,1202,1032,1187,1067,1159,1085,1118,1094,1071,1101,1023,1107,974,730,886,747,851,782,832,821,829,857,842,924,845,962,833,1003,833,1040,852,1060,888,886,886,883,905,880,922,877,942,838,997,858,999,878,1001,900,1000,921,999,768,915,790,897,814,895,836,914,814,915,789,917,942,913,967,895,992,896,1013,915,991,916,966,915,797,1082,827,1050,856,1033,874,1037,892,1034,923,1052,959,1084,921,1088,891,1088,872,1089,852,1088,826,1088,811,1078,855,1058,873,1059,891,1059,944,1080,891,1065,872,1065,854,1065
74,h,1,1,692,816,1064,1188,2.466666666666667,677,957,677,1006,680,1053,682,1099,691,1143,714,1176,753,1195,799,1207,851,1213,908,1211,964,1204,1014,1190,1049,1162,1067,1119,1077,1071,1085,1021,1093,970,709,881,729,848,764,831,803,830,840,843,908,846,946,834,988,834,1026,852,1047,888,868,886,865,905,862,924,858,944,820,998,839,1000,858,1002,879,1002,901,1002,750,914,772,897,796,895,818,913,795,914,771,915,925,913,950,897,975,899,997,917,974,918,948,916,778,1083,808,1052,835,1036,853,1040,871,1037,902,1056,940,1088,901,1092,870,1090,851,1090,831,1088,806,1089,792,1079,834,1059,853,1061,871,1061,925,1083,870,1068,852,1066,833,1066
75,h,1,1,692,816,1064,1188,2.5,677,957,677,1006,680,1053,682,1099,691,1143,714,1176,753,1195,799,1207,851,1213,908,1211,964,1204,1014,1190,1049,1162,1067,1119,1077,1071,1085,1021,1093,970,709,881,729,848,764,831,803,830,840,843,908,846,946,834,988,834,1026,852,1047,888,868,886,865,905,862,924,858,944,820,998,839,1000,858,1002,879,1002,901,1002,750,914,772,897,796,895,818,913,795,914,771,915,925,913,950,897,975,899,997,917,974,918,948,916,778,1083,808,1052,835,1036,853,1040,871,1037,902,1056,940,1088,901,1092,870,1090,851,1090,831,1088,806,1089,792,1079,834,1059,853,1061,871,1061,925,1083,870,1068,852,1066,833,1066
76,h,1,1,633,782,1079,1228,2.533333333333333,664,962,662,1012,662,1061,665,1109,677,1153,699,1186,738,1207,784,1218,835,1225,891,1223,945,1214,995,1199,1029,1168,1048,1124,1058,1075,1066,1025,1074,973,694,878,715,846,750,830,789,829,823,844,893,849,930,836,970,836,1006,854,1026,888,852,890,848,910,844,929,839,950,803,1002,821,1006,840,1009,861,1008,882,1007,737,918,758,903,781,902,801,916,780,918,757,919,910,918,935,905,959,908,979,924,956,924,932,921,764,1089,791,1056,818,1040,836,1044,853,1043,884,1062,921,1094,883,1103,852,1101,833,1101,814,1098,790,1097,779,1084,817,1064,835,1066,852,1067,907,1090,853,1079,835,1077,816,1077
77,h,1,1,651,816,1023,1188,2.566666666666667,649,957,647,1008,649,1057,652,1105,660,1149,680,1183,717,1206,760,1220,811,1227,867,1225,921,1216,972,1201,1007,1172,1028,1131,1039,1083,1048,1034,1057,982,682,887,701,853,737,836,777,835,813,848,880,852,917,840,959,842,996,861,1015,898,838,897,834,915,829,933,824,953,785,1007,804,1009,823,1012,845,1011,867,1011,721,922,743,906,767,904,788,921,766,923,742,924,894,924,919,908,944,911,965,929,942,930,917,927,745,1092,774,1061,802,1044,819,1049,837,1046,867,1065,902,1096,866,1105,835,1106,816,1106,797,1104,772,1102,760,1087,801,1069,819,1070,836,1070,888,1093,836,1082,818,1082,800,1081
78,h,1,1,651,816,1023,1188,2.6,634,957,633,1007,634,1056,637,1105,647,1149,670,1183,707,1207,750,1222,800,1231,855,1229,909,1221,959,1206,995,1177,1015,1135,1027,1086,1038,1035,1048,983,668,883,688,850,722,834,762,833,797,846,865,851,903,841,945,844,982,863,1002,898,823,896,819,915,814,934,808,955,771,1008,789,1011,808,1014,830,1014,852,1013,708,920,729,904,753,902,775,920,752,922,728,922,879,923,904,908,930,911,951,930,928,931,902,928,732,1090,760,1061,788,1045,805,1049,822,1047,854,1067,889,1099,852,1109,821,1109,802,1109,783,1106,758,1103,747,1087,787,1069,804,1070,822,1072,874,1096,821,1086,804,1085,786,1084
79,h,1,1,651,816,1023,1188,2.6333333333333333,634,957,633,1007,634,1056,637,1105,647,1149,670,1183,707,1207,750,1222,800,1231,855,1229,909,1221,959,1206,995,1177,1015,1135,1027,1086,1038,1035,1048,983,668,883,688,850,722,834,762,833,797,846,865,851,903,841,945,844,982,863,1002,898,823,896,819,915,814,934,808,955,771,1008,789,1011,808,1014,830,1014,852,1013,708,920,729,904,753,902,775,920,752,922,728,922,879,923,904,908,930,911,951,930,928,931,902,928,732,1090,760,1061,788,1045,805,1049,822,1047,854,1067,889,1099,852,1109,821,1109,802,1109,783,1106,758,1103,747,1087,787,1069,804,1070,822,1072,874,1096,821,1086,804,1085,786,1084
80,h,1,1,584,782,1029,1228,2.6666666666666665,626,959,623,1009,621,1057,622,1105,632,1149,655,1183,691,1208,736,1224,786,1232,840,1230,893,1222,942,1206,979,1178,1002,1136,1014,1087,1023,1037,1031,986,661,886,677,848,713,830,753,828,789,842,858,849,895,835,937,837,973,857,990,897,816,892,812,912,807,931,802,953,760,1006,781,1009,800,1012,823,1011,845,1011,699,921,721,904,746,903,766,919,745,922,720,922,871,922,897,908,922,911,941,930,919,930,894,927,716,1093,747,1061,775,1044,794,1048,813,1046,843,1066,879,1099,842,1108,810,1108,791,1107,770,1105,744,1103,731,1088,775,1068,793,1069,812,1070,864,1094,811,1085,792,1084,773,1084
81,h,1,1,584,782,1029,1228,2.7,615,949,613,1001,614,1052,616,1102,627,1147,649,1182,687,1206,731,1221,782,1230,837,1228,891,1220,939,1203,974,1172,995,1128,1007,1078,1017,1026,1027,973,648,876,669,843,705,828,745,829,781,843,849,849,887,839,928,838,965,855,985,890,808,891,804,912,800,932,795,954,757,1006,775,1009,794,1012,815,1012,837,1011,691,917,712,903,737,901,757,916,735,920,711,920,866,920,891,908,916,911,936,928,914,930,888,926,717,1091,745,1060,771,1045,788,1049,805,1048,836,1068,873,1102,834,1110,803,1110,784,1108,765,1106,742,1102,731,1086,770,1070,788,1072,805,1073,858,1097,803,1086,786,1084,768,1083
82,h,1,1,584,782,1029,1228,2.7333333333333334,613,961,612,1012,612,1062,615,1111,627,1155,651,1189,690,1210,735,1225,786,1231,841,1228,893,1219,940,1201,972,1169,992,1125,1003,1077,1012,1027,1020,977,646,880,665,845,701,829,742,830,777,844,844,849,882,838,922,839,959,857,978,891,805,893,801,913,797,933,792,956,754,1007,773,1011,791,1015,812,1014,834,1013,688,920,710,905,734,903,755,918,733,922,709,922,862,922,887,909,912,913,931,930,909,931,884,928,716,1091,742,1061,769,1047,787,1051,805,1050,836,1069,871,1102,835,1112,803,1110,784,1109,764,1106,739,1103,730,1087,768,1070,786,1071,804,1073,857,1097,803,1087,785,1085,766,1084
83,h,1,1,584,782,1029,1228,2.7666666666666666,613,961,612,1012,612,1062,615,1111,627,1155,651,1189,690,1210,735,1225,786,1231,841,1228,893,1219,940,1201,972,1169,992,1125,1003,1077,1012,1027,1020,977,646,880,665,845,701,829,742,830,777,844,844,849,882,838,922,839,959,857,978,891,805,893,801,913,797,933,792,956,754,1007,773,1011,791,1015,812,1014,834,1013,688,920,710,905,734,903,755,918,733,922,709,922,862,922,887,909,912,913,931,930,909,931,884,928,716,1091,742,1061,769,1047,787,1051,805,1050,836,1069,871,1102,835,1112,803,1110,784,1109,764,1106,739,1103,730,1087,768,1070,786,1071,804,1073,857,1097,803,1087,785,1085,766,1084
84,h,1,1,610,816,981,1188,2.8,610,954,608,1003,608,1052,611,1100,621,1145,644,1180,680,1205,724,1220,774,1228,827,1226,880,1218,929,1203,965,1174,987,1133,999,1085,1009,1034,1018,984,649,882,668,851,703,836,741,836,776,850,843,853,881,844,922,848,957,868,976,902,803,899,799,919,794,937,789,958,751,1010,769,1013,787,1016,808,1017,829,1017,686,921,708,906,733,905,754,922,731,925,707,925,857,927,882,912,908,917,928,935,906,936,880,933,709,1093,737,1064,765,1049,782,1053,799,1051,830,1070,864,1102,828,1110,797,1109,779,1109,760,1106,735,1103,723,1089,764,1072,781,1074,798,1075,849,1097,798,1086,781,1084,763,1083
85,h,1,1,610,816,981,1188,2.8333333333333335,608,963,605,1012,605,1061,608,1110,619,1155,643,1190,682,1214,726,1229,777,1236,833,1234,884,1224,931,1207,965,1178,985,1137,996,1090,1004,1041,1012,991,647,890,667,858,703,843,742,843,776,859,840,862,875,852,914,854,949,872,967,908,801,905,797,925,793,944,789,966,750,1017,769,1021,788,1024,809,1023,830,1022,687,926,708,912,731,911,751,926,730,928,708,928,854,931,879,918,902,922,922,939,900,938,876,935,709,1099,738,1070,766,1055,783,1060,801,1058,830,1077,863,1107,829,1115,798,1115,780,1115,760,1112,735,1108,723,1095,765,1079,783,1080,800,1081,849,1103,799,1093,781,1091,763,1090
86,h,1,1,610,816,981,1188,2.8666666666666667,608,963,605,1012,605,1061,608,1110,619,1155,643,1190,682,1214,726,1229,777,1236,833,1234,884,1224,931,1207,965,1178,985,1137,996,1090,1004,1041,1012,991,647,890,667,858,703,843,742,843,776,859,840,862,875,852,914,854,949,872,967,908,801,905,797,925,793,944,789,966,750,1017,769,1021,788,1024,809,1023,830,1022,687,926,708,912,731,911,751,926,730,928,708,928,854,931,879,918,902,922,922,939,900,938,876,935,709,1099,738,1070,766,1055,783,1060,801,1058,830,1077,863,1107,829,1115,798,1115,780,1115,760,1112,735,1108,723,1095,765,1079,783,1080,800,1081,849,1103,799,1093,781,1091,763,1090
87,h,1,1,584,831,1029,1277,2.9,604,977,605,1029,607,1078,613,1127,626,1171,652,1205,689,1228,732,1244,780,1254,830,1251,880,1239,927,1219,961,1187,983,1143,995,1092,1005,1040,1014,986,646,903,667,870,702,854,741,855,777,868,839,871,877,861,919,862,956,880,976,918,801,910,798,931,794,950,790,973,752,1025,771,1029,790,1032,811,1031,832,1029,685,937,707,921,732,919,753,936,730,939,706,940,855,939,879,925,905,927,926,945,904,947,878,944,713,1110,742,1080,770,1064,788,1068,804,1066,835,1083,867,1114,834,1128,804,1131,786,1132,767,1129,740,1126,727,1106,770,1087,787,1088,803,1088,852,1110,804,1109,787,1108,769,1107
88,h,1,1,584,831,1029,1277,2.933333333333333,607,984,608,1036,612,1086,618,1135,633,1180,658,1215,694,1238,737,1252,786,1259,837,1255,886,1243,932,1222,965,1190,985,1147,995,1098,1003,1048,1012,995,648,908,670,876,705,863,744,863,779,876,846,879,880,866,919,866,954,880,974,913,804,920,801,941,798,962,795,985,757,1039,776,1041,795,1043,816,1042,836,1039,685,947,709,931,734,929,757,947,733,950,708,951,858,947,883,932,909,934,929,951,907,954,882,951,713,1117,744,1090,774,1077,794,1081,813,1077,844,1091,878,1118,844,1135,813,1140,793,1141,771,1140,743,1135,726,1115,773,1098,793,1100,812,1099,865,1116,813,1119,794,1120,774,1119
89,h,1,1,584,831,1029,1277,2.966666666666667,617,985,619,1038,622,1089,628,1140,642,1186,666,1224,703,1247,747,1262,797,1269,850,1264,901,1249,946,1227,979,1193,998,1148,1008,1098,1016,1048,1024,995,654,916,673,882,709,866,748,867,783,879,852,880,888,867,929,867,966,885,985,921,813,923,810,944,806,964,803,986,764,1039,783,1042,803,1044,824,1043,844,1041,693,952,715,934,741,932,764,948,741,953,715,955,865,949,890,934,916,936,937,955,914,956,888,954,723,1122,753,1093,782,1079,802,1083,821,1080,852,1094,884,1122,852,1141,821,1145,800,1147,779,1145,752,1140,736,1118,781,1098,801,1101,821,1100,870,1119,822,1126,801,1126,781,1125
90,h,1,1,584,831,1029,1277,3.0,617,985,619,1038,622,1089,628,1140,642,1186,666,1224,703,1247,747,1262,797,1269,850,1264,901,1249,946,1227,979,1193,998,1148,1008,1098,1016,1048,1024,995,654,916,673,882,709,866,748,867,783,879,852,880,888,867,929,867,966,885,985,921,813,923,810,944,806,964,803,986,764,1039,783,1042,803,1044,824,1043,844,1041,693,952,715,934,741,932,764,948,741,953,715,955,865,949,890,934,916,936,937,955,914,956,888,954,723,1122,753,1093,782,1079,802,1083,821,1080,852,1094,884,1122,852,1141,821,1145,800,1147,779,1145,752,1140,736,1118,781,1098,801,1101,821,1100,870,1119,822,1126,801,1126,781,1125
91,h,1,1,584,831,1029,1277,3.033333333333333,617,999,621,1051,627,1102,636,1151,654,1194,683,1225,725,1244,772,1255,823,1260,874,1252,923,1237,966,1215,994,1182,1009,1137,1018,1088,1023,1039,1029,989,645,917,667,883,704,868,746,866,783,879,853,882,889,869,928,867,965,881,987,912,816,924,816,944,815,962,814,983,774,1040,794,1042,814,1044,835,1042,855,1040,690,950,714,934,741,932,765,951,741,954,713,955,869,950,893,933,920,934,943,952,921,955,894,954,738,1120,768,1090,795,1074,813,1078,830,1075,863,1092,898,1121,864,1139,832,1142,813,1143,794,1141,768,1137,752,1117,795,1096,813,1097,830,1098,884,1119,831,1120,813,1120,795,1119
92,h,1,1,651,858,1023,1229,3.066666666666667,640,991,643,1040,647,1088,651,1134,662,1177,686,1210,724,1230,770,1242,821,1247,876,1243,927,1234,973,1216,1005,1187,1022,1145,1030,1098,1036,1049,1043,999,675,915,695,884,729,870,766,869,799,883,863,886,898,874,937,875,972,890,994,922,829,925,826,944,824,962,821,983,785,1034,803,1037,822,1038,842,1038,862,1037,713,950,734,934,758,933,782,951,758,954,733,954,883,953,906,936,932,938,954,956,931,959,905,957,750,1117,777,1086,803,1071,821,1075,839,1072,870,1090,904,1120,869,1128,838,1128,820,1128,800,1126,776,1124,764,1113,802,1095,821,1096,838,1097,890,1116,838,1105,820,1104,802,1103
93,h,1,1,651,858,1023,1229,3.1,648,1005,650,1052,656,1099,663,1144,675,1185,700,1215,740,1234,786,1243,837,1246,890,1240,940,1228,985,1210,1017,1181,1033,1140,1040,1093,1045,1046,1050,997,667,922,689,887,726,871,768,869,806,881,873,883,910,871,950,871,986,887,1007,920,837,929,836,947,834,964,833,983,793,1038,813,1040,833,1040,854,1039,875,1038,711,954,734,937,761,935,785,954,761,957,734,958,890,954,916,936,943,937,965,955,943,959,916,958,754,1119,784,1087,813,1071,831,1075,849,1072,881,1089,916,1118,881,1130,850,1131,831,1131,811,1130,783,1129,769,1114,813,1094,831,1095,849,1095,901,1115,850,1109,831,1109,813,1109
94,h,1,1,651,858,1023,1229,3.1333333333333333,648,1005,650,1052,656,1099,663,1144,675,1185,700,1215,740,1234,786,1243,837,1246,890,1240,940,1228,985,1210,1017,1181,1033,1140,1040,1093,1045,1046,1050,997,667,922,689,887,726,871,768,869,806,881,873,883,910,871,950,871,986,887,1007,920,837,929,836,947,834,964,833,983,793,1038,813,1040,833,1040,854,1039,875,1038,711,954,734,937,761,935,785,954,761,957,734,958,890,954,916,936,943,937,965,955,943,959,916,958,754,1119,784,1087,813,1071,831,1075,849,1072,881,1089,916,1118,881,1130,850,1131,831,1131,811,1130,783,1129,769,1114,813,1094,831,1095,849,1095,901,1115,850,1109,831,1109,813,1109
95,h,1,1,633,831,1079,1277,3.1666666666666665,665,992,665,1042,666,1091,671,1139,684,1183,708,1218,746,1240,790,1254,840,1260,892,1254,943,1243,992,1225,1025,1194,1044,1150,1052,1100,1059,1049,1066,997,694,920,716,889,751,874,789,872,824,885,891,888,926,873,966,872,1003,887,1024,921,852,929,849,948,846,966,842,987,805,1038,823,1041,843,1043,864,1041,886,1039,737,956,758,940,782,938,804,954,781,956,757,957,908,953,930,937,955,938,976,955,954,956,930,955,765,1121,794,1090,823,1074,842,1078,860,1075,891,1091,927,1119,892,1134,861,1137,841,1138,821,1137,794,1135,779,1116,823,1096,842,1096,860,1096,912,1116,860,1119,842,1119,823,1119
96,h,1,1,692,858,1064,1229,3.2,679,981,680,1030,682,1079,685,1126,694,1169,715,1203,752,1224,797,1237,848,1242,903,1240,956,1232,1005,1218,1039,1190,1056,1149,1065,1102,1073,1053,1081,1003,705,916,725,884,760,868,799,867,835,881,903,884,939,871,980,872,1016,890,1037,925,864,929,861,948,858,966,854,987,817,1038,836,1040,854,1042,875,1041,896,1040,745,950,767,937,792,936,814,951,790,954,766,954,920,954,944,939,970,941,991,957,969,960,943,958,779,1118,808,1087,834,1071,851,1076,868,1072,898,1090,934,1120,897,1126,867,1126,849,1126,831,1125,807,1125,793,1114,834,1095,851,1096,867,1096,919,1116,867,1103,851,1103,833,1102
97,h,1,1,692,858,1064,1229,3.2333333333333334,695,996,694,1043,695,1089,698,1135,707,1176,728,1208,766,1229,809,1240,859,1246,913,1244,966,1238,1015,1224,1048,1196,1066,1154,1077,1107,1085,1059,1093,1009,718,919,738,887,774,871,814,869,851,883,914,887,952,876,993,877,1031,896,1050,931,876,928,873,947,869,964,865,984,828,1035,846,1038,864,1041,885,1040,906,1039,757,948,780,934,805,933,828,951,804,953,778,953,930,954,955,938,981,940,1002,958,980,960,954,958,790,1112,818,1084,844,1070,861,1074,878,1072,909,1090,945,1120,907,1129,876,1128,858,1127,840,1124,817,1122,804,1109,843,1092,860,1094,877,1095,931,1116,877,1107,860,1105,843,1104
98,h,1,1,692,858,1064,1229,3.2666666666666666,695,996,694,1043,695,1089,698,1135,707,1176,728,1208,766,1229,809,1240,859,1246,913,1244,966,1238,1015,1224,1048,1196,1066,1154,1077,1107,1085,1059,1093,1009,718,919,738,887,774,871,814,869,851,883,914,887,952,876,993,877,1031,896,1050,931,876,928,873,947,869,964,865,984,828,1035,846,1038,864,1041,885,1040,906,1039,757,948,780,934,805,933,828,951,804,953,778,953,930,954,955,938,981,940,1002,958,980,960,954,958,790,1112,818,1084,844,1070,861,1074,878,1072,909,1090,945,1120,907,1129,876,1128,858,1127,840,1124,817,1122,804,1109,843,1092,860,1094,877,1095,931,1116,877,1107,860,1105,843,1104
279,h,1,1,734,816,1105,1188,9.3,754,928,741,971,731,1015,722,1060,717,1105,728,1141,755,1166,791,1186,836,1201,892,1211,952,1212,1007,1206,1051,1188,1082,1155,1105,1115,1125,1072,1143,1027,784,855,809,828,844,819,881,824,914,842,983,862,1021,859,1059,868,1091,892,1106,929,931,904,921,922,911,939,899,957,856,1001,872,1006,888,1012,910,1017,932,1021,807,899,831,887,857,892,876,917,851,913,825,908,983,942,1012,927,1038,934,1057,958,1032,956,1006,949,798,1073,828,1048,857,1038,873,1046,891,1047,919,1074,948,1114,907,1115,874,1108,856,1102,838,1096,815,1087,812,1072,852,1066,869,1071,886,1077,933,1107,882,1081,864,1076,847,1071
280,h,1,1,683,782,1128,1228,9.333333333333334,760,915,742,966,729,1019,719,1071,716,1123,726,1168,754,1202,793,1223,843,1240,903,1249,968,1249,1027,1242,1075,1219,1107,1181,1130,1135,1150,1088,1169,1039,793,833,816,809,850,797,885,804,916,827,995,854,1034,851,1076,866,1107,895,1123,933,935,887,923,910,911,931,898,955,854,995,870,1005,887,1014,911,1017,934,1018,814,883,838,875,862,881,882,898,856,893,832,888,993,931,1025,926,1050,938,1068,960,1040,951,1016,940,792,1075,824,1048,854,1037,871,1047,892,1049,924,1076,956,1121,913,1122,876,1116,855,1111,836,1104,811,1094,807,1075,848,1068,867,1073,887,1079,939,1114,884,1090,864,1085,845,1079
281,h,1,1,683,782,1128,1228,9.366666666666667,760,915,742,966,729,1019,719,1071,716,1123,726,1168,754,1202,793,1223,843,1240,903,1249,968,1249,1027,1242,1075,1219,1107,1181,1130,1135,1150,1088,1169,1039,793,833,816,809,850,797,885,804,916,827,995,854,1034,851,1076,866,1107,895,1123,933,935,887,923,910,911,931,898,955,854,995,870,1005,887,1014,911,1017,934,1018,814,883,838,875,862,881,882,898,856,893,832,888,993,931,1025,926,1050,938,1068,960,1040,951,1016,940,792,1075,824,1048,854,1037,871,1047,892,1049,924,1076,956,1121,913,1122,876,1116,855,1111,836,1104,811,1094,807,1075,848,1068,867,1073,887,1079,939,1114,884,1090,864,1085,845,1079
282,h,1,1,734,816,1105,1188,9.4,767,932,750,977,738,1023,727,1069,723,1114,733,1152,760,1180,797,1199,843,1216,898,1227,957,1230,1013,1225,1058,1206,1089,1172,1113,1132,1133,1089,1152,1044,796,856,821,830,856,821,892,825,925,841,997,863,1036,862,1073,872,1103,897,1117,933,944,904,933,922,922,938,910,956,866,1001,882,1006,897,1013,919,1019,940,1023,817,901,841,889,866,893,886,917,861,913,835,909,995,943,1024,930,1051,938,1069,962,1044,959,1018,951,804,1077,832,1049,863,1039,880,1048,899,1050,928,1078,955,1122,916,1127,882,1121,862,1115,843,1108,819,1095,818,1077,858,1067,875,1074,894,1080,939,1115,890,1094,871,1088,853,1083
283,h,1,1,734,816,1105,1188,9.433333333333334,775,928,759,972,748,1018,738,1064,732,1111,742,1149,769,1177,802,1199,848,1217,903,1226,965,1226,1023,1221,1070,1202,1101,1168,1124,1124,1142,1080,1161,1034,798,853,821,827,855,820,890,828,921,846,993,867,1034,866,1073,875,1106,901,1121,939,938,903,928,921,918,937,907,956,864,998,880,1005,897,1013,919,1016,941,1020,820,894,844,881,870,886,889,911,863,905,837,901,993,939,1023,926,1050,935,1069,959,1043,956,1017,947,808,1076,836,1048,866,1038,883,1049,902,1050,931,1078,959,1121,917,1123,884,1118,863,1112,844,1104,822,1092,823,1075,860,1067,878,1073,897,1079,943,1113,891,1091,873,1084,855,1079
284,h,1,1,734,816,1105,1188,9.466666666666667,770,924,755,969,745,1016,737,1062,734,1107,746,1144,773,1170,806,1191,850,1206,901,1214,955,1215,1008,1208,1051,1190,1082,1158,1108,1120,1129,1080,1149,1035,800,851,827,826,863,817,902,823,936,843,1001,866,1040,865,1078,875,1110,898,1123,935,950,904,940,923,929,940,918,960,872,1000,889,1007,905,1014,927,1019,948,1024,823,894,848,881,875,887,893,912,868,908,841,903,1000,941,1028,927,1055,935,1073,960,1048,956,1022,948,813,1075,841,1048,872,1039,888,1050,907,1051,932,1078,958,1121,919,1124,888,1119,869,1112,850,1105,828,1093,827,1073,866,1067,884,1073,901,1079,943,1113,896,1091,878,1084,861,1078
285,h,1,1,734,816,1105,1188,9.5,770,924,755,969,745,1016,737,1062,734,1107,746,1144,773,1170,806,1191,850,1206,901,1214,955,1215,1008,1208,1051,1190,1082,1158,1108,1120,1129,1080,1149,1035,800,851,827,826,863,817,902,823,936,843,1001,866,1040,865,1078,875,1110,898,1123,935,950,904,940,923,929,940,918,960,872,1000,889,1007,905,1014,927,1019,948,1024,823,894,848,881,875,887,893,912,868,908,841,903,1000,941,1028,927,1055,935,1073,960,1048,956,1022,948,813,1075,841,1048,872,1039,888,1050,907,1051,932,1078,958,1121,919,1124,888,1119,869,1112,850,1105,828,1093,827,1073,866,1067,884,1073,901,1079,943,1113,896,1091,878,1084,861,1078
286,h,1,1,734,816,1105,1188,9.533333333333333,782,927,765,970,753,1014,742,1059,738,1105,749,1144,776,1171,810,1193,856,1212,911,1220,968,1219,1023,1212,1065,1192,1094,1158,1116,1116,1135,1075,1152,1031,807,855,831,830,865,823,898,832,928,849,1001,871,1038,870,1074,879,1105,901,1120,937,946,902,936,921,926,938,915,958,873,999,888,1006,904,1014,925,1019,946,1022,829,891,851,880,876,885,895,908,870,903,846,899,998,937,1027,925,1053,933,1072,957,1046,952,1021,944,814,1072,841,1048,872,1040,887,1050,907,1052,936,1079,964,1120,923,1122,889,1115,869,1108,851,1101,828,1088,827,1072,866,1067,883,1074,902,1080,948,1113,897,1088,878,1081,861,1075
287,h,1,1,734,816,1105,1188,9.566666666666666,787,913,769,959,756,1007,743,1055,738,1102,749,1141,777,1170,811,1192,855,1210,908,1219,965,1219,1019,1212,1062,1192,1092,1159,1117,1119,1138,1078,1159,1035,815,845,842,822,878,816,914,824,945,844,1006,866,1047,867,1085,878,1116,903,1129,940,958,903,947,922,934,941,922,961,877,998,893,1006,908,1015,930,1021,952,1026,834,889,860,879,886,886,904,908,879,903,854,898,1006,940,1036,929,1062,939,1079,963,1054,958,1029,949,819,1071,847,1048,876,1041,891,1052,911,1054,938,1081,965,1121,923,1124,890,1115,871,1108,853,1099,832,1087,832,1070,870,1068,887,1075,905,1082,950,1114,899,1088,881,1081,864,1074
288,h,1,1,734,816,1105,1188,9.6,782,923,768,965,756,1008,744,1055,742,1100,755,1136,782,1163,817,1186,862,1202,914,1211,969,1209,1018,1200,1058,1180,1085,1147,1106,1107,1124,1067,1141,1025,805,853,829,830,861,825,894,835,923,854,997,877,1035,874,1072,879,1104,900,1119,935,946,907,937,925,928,941,918,960,873,999,889,1005,906,1013,928,1017,949,1022,826,895,848,884,874,890,893,913,868,910,842,905,996,940,1026,929,1053,937,1072,959,1046,958,1020,950,816,1070,845,1048,873,1040,889,1050,908,1052,937,1079,964,1119,924,1120,890,1112,871,1105,853,1097,830,1086,829,1070,868,1067,885,1074,903,1080,948,1112,897,1085,879,1077,862,1071
289,h,1,1,734,816,1105,1188,9.633333333333333,782,923,768,965,756,1008,744,1055,742,1100,755,1136,782,1163,817,1186,862,1202,914,1211,969,1209,1018,1200,1058,1180,1085,1147,1106,1107,1124,1067,1141,1025,805,853,829,830,861,825,894,835,923,854,997,877,1035,874,1072,879,1104,900,1119,935,946,907,937,925,928,941,918,960,873,999,889,1005,906,1013,928,1017,949,1022,826,895,848,884,874,890,893,913,868,910,842,905,996,940,1026,929,1053,937,1072,959,1046,958,1020,950,816,1070,845,1048,873,1040,889,1050,908,1052,937,1079,964,1119,924,1120,890,1112,871,1105,853,1097,830,1086,829,1070,868,1067,885,1074,903,1080,948,1112,897,1085,879,1077,862,1071
290,h,1,1,734,816,1105,1188,9.666666666666666,787,928,770,971,757,1014,746,1059,743,1103,757,1140,785,1167,820,1189,865,1206,919,1214,974,1211,1026,1202,1066,1181,1095,1149,1117,1109,1133,1070,1150,1029,810,854,835,832,869,829,900,840,928,859,999,879,1037,876,1072,883,1103,903,1117,936,951,910,942,927,933,943,922,961,879,1001,895,1008,910,1016,931,1021,951,1024,833,900,855,889,880,894,899,918,874,914,849,909,999,944,1027,932,1053,940,1072,962,1048,960,1022,953,819,1071,849,1048,879,1040,894,1051,912,1053,941,1079,969,1119,928,1123,895,1116,876,1108,858,1100,835,1088,833,1071,874,1070,890,1076,908,1082,954,1113,902,1087,884,1080,868,1073
291,h,1,1,734,816,1105,1188,9.7,783,927,767,971,754,1016,742,1063,738,1110,752,1149,782,1177,820,1200,866,1218,919,1227,977,1224,1030,1215,1073,1194,1103,1159,1126,1118,1143,1074,1160,1029,806,856,831,832,866,825,902,835,932,855,1000,875,1040,872,1078,880,1110,903,1126,940,950,908,941,925,932,941,922,960,878,1003,895,1009,910,1017,931,1022,952,1027,829,897,853,884,879,890,899,916,873,911,847,906,1001,943,1031,929,1059,937,1078,961,1053,958,1025,951,816,1072,848,1049,879,1041,894,1051,913,1053,943,1082,972,1123,929,1127,894,1119,874,1111,856,1103,833,1089,830,1072,874,1069,890,1076,908,1083,956,1116,901,1091,883,1083,866,1076
292,h,1,1,734,816,1105,1188,9.733333333333333,782,922,767,966,754,1011,743,1059,739,1105,753,1143,783,1170,819,1193,863,1212,916,1221,973,1219,1027,1211,1069,1190,1098,1156,1121,1114,1139,1072,1157,1028,807,861,836,838,873,837,909,851,939,871,996,890,1036,885,1075,890,1109,910,1128,946,954,913,944,929,935,945,924,962,880,1002,896,1008,912,1017,933,1021,954,1026,831,898,854,888,880,894,899,917,874,912,848,907,1004,944,1033,931,1059,940,1078,962,1053,959,1027,952,817,1072,849,1050,880,1041,895,1053,914,1054,944,1082,970,1123,930,1125,896,1116,876,1109,858,1101,834,1088,831,1072,874,1070,890,1077,909,1084,954,1116,903,1089,884,1081,867,1074
293,h,1,1,734,816,1105,1188,9.766666666666667,782,922,767,966,754,1011,743,1059,739,1105,753,1143,783,1170,819,1193,863,1212,916,1221,973,1219,1027,1211,1069,1190,1098,1156,1121,1114,1139,1072,1157,1028,807,861,836,838,873,837,909,851,939,871,996,890,1036,885,1075,890,1109,910,1128,946,954,913,944,929,935,945,924,962,880,1002,896,1008,912,1017,933,1021,954,1026,831,898,854,888,880,894,899,917,874,912,848,907,1004,944,1033,931,1059,940,1078,962,1053,959,1027,952,817,1072,849,1050,880,1041,895,1053,914,1054,944,1082,970,1123,930,1125,896,1116,876,1109,858,1101,834,1088,831,1072,874,1070,890,1077,909,1084,954,1116,903,1089,884,1081,867,1074
295,h,1,1,734,816,1105,1188,9.833333333333334,793,924,775,967,760,1013,748,1061,745,1106,758,1143,786,1172,820,1194,864,1209,914,1218,967,1214,1017,1205,1059,1187,1089,1156,1114,1117,1132,1077,1150,1035,820,858,846,835,879,833,912,846,940,866,1002,885,1040,881,1075,886,1107,908,1119,942,960,912,950,930,940,946,928,964,883,1004,900,1012,915,1020,936,1025,956,1029,843,896,866,885,891,892,908,917,884,913,859,907,1003,945,1031,930,1057,939,1075,962,1052,961,1026,953,820,1074,851,1051,883,1043,897,1053,916,1055,944,1083,970,1124,930,1126,897,1118,878,1111,861,1103,837,1092,833,1074,878,1072,893,1078,911,1085,954,1117,904,1090,886,1082,871,1077
296,h,1,1,734,816,1105,1188,9.866666666666667,793,924,775,967,760,1013,748,1061,745,1106,758,1143,786,1172,820,1194,864,1209,914,1218,967,1214,1017,1205,1059,1187,1089,1156,1114,1117,1132,1077,1150,1035,820,858,846,835,879,833,912,846,940,866,1002,885,1040,881,1075,886,1107,908,1119,942,960,912,950,930,940,946,928,964,883,1004,900,1012,915,1020,936,1025,956,1029,843,896,866,885,891,892,908,917,884,913,859,907,1003,945,1031,930,1057,939,1075,962,1052,961,1026,953,820,1074,851,1051,883,1043,897,1053,916,1055,944,1083,970,1124,930,1126,897,1118,878,1111,861,1103,837,1092,833,1074,878,1072,893,1078,911,1085,954,1117,904,1090,886,1082,871,1077
301,h,1,1,775,816,1147,1188,10.033333333333333,785,910,770,956,760,1004,751,1053,750,1099,765,1137,794,1166,827,1192,872,1212,928,1222,987,1222,1045,1216,1094,1197,1125,1162,1148,1119,1169,1073,1189,1027,818,850,845,824,882,818,920,826,954,844,1017,866,1060,867,1101,878,1135,904,1149,944,970,906,958,925,946,944,933,964,889,1003,905,1011,921,1020,943,1026,965,1031,847,892,872,882,897,889,916,913,890,909,865,903,1019,944,1047,932,1074,941,1092,965,1067,963,1040,954,833,1071,862,1051,891,1045,906,1056,923,1059,953,1087,983,1125,940,1127,905,1119,887,1111,870,1102,849,1088,847,1071,886,1071,901,1079,917,1086,968,1118,913,1092,897,1083,881,1076
302,h,1,1,775,816,1147,1188,10.066666666666666,794,912,777,960,763,1009,754,1058,755,1103,770,1139,798,1168,830,1192,873,1214,928,1226,988,1227,1047,1221,1095,1202,1127,1166,1151,1123,1172,1078,1192,1031,830,841,857,817,895,813,932,822,963,843,1019,866,1063,867,1104,879,1137,908,1151,947,973,902,960,923,948,942,934,964,890,1001,906,1010,921,1019,943,1025,966,1031,857,882,881,877,904,884,920,906,897,899,874,892,1024,938,1052,932,1077,941,1095,963,1069,957,1045,949,835,1068,863,1049,891,1044,907,1056,926,1059,956,1088,987,1126,943,1126,908,1117,889,1109,870,1099,850,1084,847,1069,885,1069,902,1078,920,1085,973,1119,916,1093,898,1084,880,1076
303,h,1,1,775,816,1147,1188,10.1,792,913,776,959,763,1005,753,1054,751,1100,765,1137,792,1165,825,1190,868,1210,924,1223,985,1223,1043,1219,1091,1201,1123,1168,1148,1126,1169,1081,1190,1035,823,847,850,823,886,819,922,829,953,850,1018,873,1059,873,1099,883,1131,908,1147,946,970,908,958,927,945,944,931,964,888,1001,904,1009,919,1018,940,1025,963,1031,851,890,875,880,900,887,916,913,892,907,867,900,1021,946,1048,934,1074,943,1093,968,1067,964,1042,955,832,1067,862,1048,890,1041,904,1052,921,1056,950,1085,981,1125,936,1126,903,1115,885,1107,868,1098,847,1083,845,1068,884,1067,900,1075,916,1083,965,1117,911,1090,895,1081,879,1074
304,h,1,1,775,816,1147,1188,10.133333333333333,792,913,776,959,763,1005,753,1054,751,1100,765,1137,792,1165,825,1190,868,1210,924,1223,985,1223,1043,1219,1091,1201,1123,1168,1148,1126,1169,1081,1190,1035,823,847,850,823,886,819,922,829,953,850,1018,873,1059,873,1099,883,1131,908,1147,946,970,908,958,927,945,944,931,964,888,1001,904,1009,919,1018,940,1025,963,1031,851,890,875,880,900,887,916,913,892,907,867,900,1021,946,1048,934,1074,943,1093,968,1067,964,1042,955,832,1067,862,1048,890,1041,904,1052,921,1056,950,1085,981,1125,936,1126,903,1115,885,1107,868,1098,847,1083,845,1068,884,1067,900,1075,916,1083,965,1117,911,1090,895,1081,879,1074
305,h,1,1,775,816,1147,1188,10.166666666666666,792,913,776,959,762,1006,753,1054,753,1098,768,1134,796,1162,830,1187,872,1207,925,1220,985,1221,1043,1219,1092,1202,1124,1169,1148,1128,1170,1083,1190,1036,826,849,853,821,891,815,930,824,963,847,1022,868,1064,868,1106,880,1139,908,1152,948,975,909,963,926,950,942,936,961,893,1001,908,1009,924,1017,945,1024,967,1030,856,887,881,878,907,885,924,913,899,906,874,898,1023,945,1051,933,1077,942,1096,967,1070,963,1044,954,837,1067,865,1048,894,1043,908,1053,925,1057,954,1085,984,1123,941,1122,907,1113,890,1104,873,1095,851,1081,849,1066,888,1066,904,1074,919,1081,970,1115,915,1088,899,1080,883,1072
306,h,1,1,775,816,1147,1188,10.2,796,908,778,954,765,1001,752,1049,748,1096,761,1134,789,1163,822,1188,867,1209,922,1221,985,1223,1046,1219,1094,1201,1127,1166,1151,1124,1173,1080,1193,1034,829,841,856,815,895,809,933,819,964,843,1019,866,1062,864,1105,876,1139,904,1155,944,973,903,960,923,946,941,932,963,887,999,903,1008,918,1017,941,1024,964,1030,855,883,880,875,904,883,921,908,897,900,872,893,1024,940,1053,931,1078,941,1096,965,1070,959,1045,950,833,1065,862,1048,889,1042,903,1053,921,1057,950,1085,980,1123,935,1122,901,1111,882,1102,865,1093,846,1080,846,1066,882,1066,898,1075,915,1082,966,1116,910,1087,893,1079,877,1070
307,h,1,1,734,816,1105,1188,10.233333333333333,791,923,774,969,759,1015,747,1062,745,1104,759,1140,785,1167,819,1188,861,1205,912,1214,965,1213,1016,1206,1058,1189,1089,1158,1115,1122,1136,1083,1156,1041,818,849,844,825,880,819,916,827,948,847,1010,871,1049,871,1086,881,1117,907,1128,944,964,906,952,924,941,941,928,961,881,1001,898,1009,914,1018,935,1024,957,1030,840,893,864,882,891,889,909,915,884,910,858,904,1009,944,1038,931,1064,941,1082,965,1058,962,1032,954,823,1067,854,1048,884,1043,897,1053,915,1057,944,1085,973,1123,929,1126,895,1118,877,1110,861,1101,839,1087,835,1067,878,1069,893,1076,910,1084,959,1116,903,1091,886,1083,871,1076
308,h,1,1,734,816,1105,1188,10.266666666666667,791,923,774,969,759,1015,747,1062,745,1104,759,1140,785,1167,819,1188,861,1205,912,1214,965,1213,1016,1206,1058,1189,1089,1158,1115,1122,1136,1083,1156,1041,818,849,844,825,880,819,916,827,948,847,1010,871,1049,871,1086,881,1117,907,1128,944,964,906,952,924,941,941,928,961,881,1001,898,1009,914,1018,935,1024,957,1030,840,893,864,882,891,889,909,915,884,910,858,904,1009,944,1038,931,1064,941,1082,965,1058,962,1032,954,823,1067,854,1048,884,1043,897,1053,915,1057,944,1085,973,1123,929,1126,895,1118,877,1110,861,1101,839,1087,835,1067,878,1069,893,1076,910,1084,959,1116,903,1091,886,1083,871,1076
309,h,1,1,734,816,1105,1188,10.3,774,918,757,964,744,1013,736,1060,735,1104,746,1143,772,1171,808,1192,853,1209,905,1217,959,1216,1010,1209,1051,1191,1081,1161,1106,1124,1127,1086,1147,1045,809,847,837,822,873,813,912,819,944,839,1012,864,1052,865,1089,876,1119,902,1129,941,962,903,950,922,938,940,925,960,877,1001,894,1009,910,1017,932,1023,954,1028,833,894,859,882,886,889,906,914,879,909,852,902,1005,945,1036,932,1063,941,1081,967,1056,962,1029,954,814,1068,849,1048,880,1041,895,1051,913,1055,940,1083,970,1121,926,1123,893,1116,874,1108,856,1100,833,1087,826,1068,873,1067,890,1074,908,1081,955,1114,901,1091,883,1084,866,1077
310,h,1,1,734,816,1105,1188,10.333333333333334,788,929,773,972,759,1016,748,1061,746,1105,759,1140,786,1167,820,1191,862,1207,911,1216,962,1212,1011,1203,1051,1186,1082,1157,1106,1120,1127,1083,1147,1042,811,861,837,835,873,829,909,837,940,857,1004,878,1043,875,1081,884,1112,909,1124,948,961,911,949,928,938,944,925,962,881,1002,897,1009,912,1017,933,1023,953,1028,837,901,860,888,886,895,905,919,881,914,854,910,1004,948,1033,936,1060,945,1078,968,1054,965,1027,958,823,1069,855,1049,884,1043,897,1052,915,1056,943,1083,972,1121,929,1125,897,1117,879,1109,863,1101,841,1088,835,1069,878,1067,893,1074,909,1081,958,1115,904,1093,887,1085,872,1079
311,h,1,1,734,816,1105,1188,10.366666666666667,788,929,773,972,759,1016,748,1061,746,1105,759,1140,786,1167,820,1191,862,1207,911,1216,962,1212,1011,1203,1051,1186,1082,1157,1106,1120,1127,1083,1147,1042,811,861,837,835,873,829,909,837,940,857,1004,878,1043,875,1081,884,1112,909,1124,948,961,911,949,928,938,944,925,962,881,1002,897,1009,912,1017,933,1023,953,1028,837,901,860,888,886,895,905,919,881,914,854,910,1004,948,1033,936,1060,945,1078,968,1054,965,1027,958,823,1069,855,1049,884,1043,897,1052,915,1056,943,1083,972,1121,929,1125,897,1117,879,1109,863,1101,841,1088,835,1069,878,1067,893,1074,909,1081,958,1115,904,1093,887,1085,872,1079
312,h,1,1,734,816,1105,1188,10.4,786,921,772,964,761,1008,751,1055,747,1098,758,1134,782,1162,816,1183,859,1200,910,1209,961,1207,1009,1197,1047,1179,1076,1148,1100,1111,1120,1072,1139,1031,809,863,833,837,869,831,904,842,935,863,1003,882,1041,877,1077,883,1109,905,1122,942,960,912,949,929,937,945,925,962,880,1002,896,1009,912,1018,934,1023,954,1027,834,899,857,887,884,894,903,918,878,914,852,910,1004,945,1033,932,1059,940,1077,964,1054,962,1028,955,824,1070,855,1050,884,1044,898,1054,916,1057,942,1082,970,1119,929,1119,898,1110,880,1104,863,1096,841,1084,836,1068,879,1069,894,1075,911,1082,956,1112,905,1085,888,1079,873,1073
313,h,1,1,734,816,1105,1188,10.433333333333334,787,933,771,976,758,1021,749,1066,749,1108,763,1142,790,1167,822,1189,864,1205,914,1216,969,1216,1020,1211,1063,1195,1096,1165,1121,1126,1141,1086,1161,1041,813,857,838,834,872,831,906,841,936,861,1003,881,1042,877,1080,884,1113,908,1127,943,958,911,947,928,936,944,923,962,880,1004,895,1010,911,1018,931,1024,952,1030,836,899,859,888,884,895,901,919,878,914,853,908,1008,947,1035,935,1061,944,1079,967,1055,963,1030,955,828,1069,857,1049,884,1043,896,1052,913,1056,942,1084,971,1123,928,1124,895,1114,878,1106,863,1097,842,1085,840,1069,879,1069,892,1075,908,1083,957,1115,902,1088,886,1079,873,1073
314,h,1,1,734,816,1105,1188,10.466666666666667,785,934,770,976,757,1020,752,1065,755,1107,771,1142,798,1169,829,1190,870,1208,921,1218,976,1217,1029,1209,1072,1190,1105,1157,1128,1116,1146,1074,1163,1030,809,854,834,836,865,835,896,846,922,864,995,880,1034,879,1070,884,1102,905,1121,938,948,909,938,926,928,943,916,961,874,1002,891,1010,907,1017,929,1023,950,1029,831,899,853,888,878,894,895,916,872,913,848,908,1001,944,1029,932,1056,941,1075,963,1051,960,1025,953,826,1069,854,1049,881,1043,894,1053,912,1056,944,1083,977,1120,933,1127,897,1119,879,1111,863,1102,842,1087,838,1070,877,1069,891,1077,908,1084,962,1115,903,1092,886,1084,872,1077
315,h,1,1,734,816,1105,1188,10.5,785,934,770,976,757,1020,752,1065,755,1107,771,1142,798,1169,829,1190,870,1208,921,1218,976,1217,1029,1209,1072,1190,1105,1157,1128,1116,1146,1074,1163,1030,809,854,834,836,865,835,896,846,922,864,995,880,1034,879,1070,884,1102,905,1121,938,948,909,938,926,928,943,916,961,874,1002,891,1010,907,1017,929,1023,950,1029,831,899,853,888,878,894,895,916,872,913,848,908,1001,944,1029,932,1056,941,1075,963,1051,960,1025,953,826,1069,854,1049,881,1043,894,1053,912,1056,944,1083,977,1120,933,1127,897,1119,879,1111,863,1102,842,1087,838,1070,877,1069,891,1077,908,1084,962,1115,903,1092,886,1084,872,1077
316,h,1,1,734,816,1105,1188,10.533333333333333,781,930,766,974,754,1019,743,1065,741,1108,756,1141,783,1167,817,1188,859,1205,909,1215,962,1213,1011,1206,1051,1189,1079,1158,1103,1121,1125,1083,1145,1041,813,853,838,828,872,821,908,826,940,844,1010,866,1047,865,1083,874,1112,899,1123,936,959,907,948,925,936,941,923,960,879,1002,895,1009,910,1017,931,1022,952,1028,832,899,856,887,883,893,902,918,877,913,850,908,1005,946,1033,933,1060,941,1078,965,1055,962,1028,955,822,1070,854,1050,883,1043,897,1053,914,1056,942,1083,972,1119,928,1122,896,1113,878,1105,862,1097,840,1086,834,1069,877,1069,893,1076,909,1083,957,1114,903,1086,887,1079,871,1073
317,h,1,1,734,816,1105,1188,10.566666666666666,789,928,772,972,758,1019,747,1066,744,1111,756,1147,783,1173,817,1195,860,1211,910,1220,964,1218,1014,1211,1055,1193,1085,1161,1108,1124,1129,1086,1149,1045,814,848,840,823,875,816,912,823,943,843,1008,864,1047,863,1084,874,1113,900,1124,938,960,905,947,923,935,941,921,961,878,1003,893,1011,908,1019,929,1025,951,1030,836,893,861,881,888,888,906,914,881,910,854,903,1005,945,1034,931,1061,939,1078,964,1055,962,1028,954,819,1070,852,1049,881,1043,895,1053,914,1056,942,1084,973,1121,928,1126,894,1118,875,1110,858,1102,837,1088,831,1069,875,1069,891,1076,908,1083,959,1115,902,1094,884,1086,869,1080
318,h,1,1,734,816,1105,1188,10.6,781,939,767,982,754,1026,745,1070,746,1111,760,1144,787,1170,821,1192,863,1207,914,1216,967,1215,1019,1208,1061,1190,1091,1158,1114,1119,1133,1080,1152,1038,802,864,827,838,862,830,897,838,929,855,998,875,1039,873,1078,882,1110,908,1124,946,952,913,941,931,931,947,919,966,875,1008,892,1014,908,1022,929,1026,951,1031,827,904,850,893,876,898,894,921,870,917,845,912,1002,946,1029,935,1056,943,1074,965,1049,961,1024,954,820,1075,850,1052,879,1046,894,1055,913,1058,942,1084,972,1123,931,1126,896,1119,877,1112,859,1104,837,1092,832,1074,874,1072,890,1078,908,1084,957,1116,903,1093,885,1086,869,1080
319,h,1,1,734,816,1105,1188,10.633333333333333,781,939,767,982,754,1026,745,1070,746,1111,760,1144,787,1170,821,1192,863,1207,914,1216,967,1215,1019,1208,1061,1190,1091,1158,1114,1119,1133,1080,1152,1038,802,864,827,838,862,830,897,838,929,855,998,875,1039,873,1078,882,1110,908,1124,946,952,913,941,931,931,947,919,966,875,1008,892,1014,908,1022,929,1026,951,1031,827,904,850,893,876,898,894,921,870,917,845,912,1002,946,1029,935,1056,943,1074,965,1049,961,1024,954,820,1075,850,1052,879,1046,894,1055,913,1058,942,1084,972,1123,931,1126,896,1119,877,1112,859,1104,837,1092,832,1074,874,1072,890,1078,908,1084,957,1116,903,1093,885,1086,869,1080
320,h,1,1,775,816,1147,1188,10.666666666666666,804,920,789,964,776,1009,766,1055,765,1097,779,1133,805,1161,836,1186,879,1204,933,1214,993,1213,1052,1207,1099,1189,1133,1157,1158,1116,1177,1072,1194,1027,832,851,856,829,889,827,921,838,949,857,1016,878,1055,873,1093,877,1128,898,1145,933,969,911,958,928,946,944,933,962,894,1003,909,1010,924,1017,946,1023,968,1028,853,897,876,886,901,893,918,918,894,913,869,907,1022,946,1049,932,1076,939,1096,962,1070,960,1044,954,839,1070,868,1049,896,1042,911,1052,929,1054,957,1082,988,1120,944,1122,910,1114,892,1107,874,1098,853,1087,852,1070,890,1068,906,1075,924,1081,972,1113,918,1086,900,1079,883,1073
321,h,1,1,732,782,1178,1228,10.7,807,941,792,988,781,1038,774,1087,774,1137,787,1178,817,1208,855,1226,906,1239,965,1246,1026,1247,1084,1242,1129,1221,1159,1185,1179,1139,1196,1093,1214,1045,837,863,855,828,891,809,930,812,962,833,1024,853,1067,851,1111,866,1145,899,1160,945,976,900,965,920,955,939,943,960,901,1005,917,1013,934,1020,957,1023,980,1027,862,901,884,891,908,895,927,913,904,908,880,905,1031,940,1061,932,1086,943,1105,965,1078,957,1053,948,851,1080,879,1056,905,1046,921,1056,941,1059,972,1086,1006,1126,961,1121,925,1111,906,1104,887,1097,867,1089,863,1079,900,1072,918,1078,936,1085,991,1119,933,1089,914,1082,896,1075
331,h,1,1,782,782,1228,1228,11.033333333333333,844,919,828,970,815,1024,807,1077,810,1129,826,1169,859,1201,898,1222,949,1236,1008,1241,1072,1238,1134,1231,1180,1209,1212,1170,1234,1123,1253,1075,1272,1025,883,850,908,819,946,803,988,807,1022,827,1083,847,1127,844,1171,857,1206,886,1223,929,1036,884,1025,907,1013,928,1002,952,956,992,973,1000,991,1008,1015,1012,1038,1015,910,886,936,878,960,882,981,897,956,893,931,890,1092,923,1123,918,1148,928,1165,948,1139,941,1115,932,901,1068,929,1042,959,1033,977,1042,1001,1044,1032,1070,1064,1111,1020,1112,984,1105,961,1099,940,1092,918,1082,913,1067,954,1057,973,1063,995,1069,1050,1104,991,1082,969,1077,949,1070
336,h,1,1,858,816,1229,1188,11.2,878,927,866,974,856,1022,848,1070,847,1115,862,1152,894,1178,932,1197,981,1213,1035,1220,1090,1216,1141,1206,1179,1184,1206,1150,1228,1110,1247,1070,1265,1026,912,852,937,822,974,810,1013,815,1047,835,1113,854,1153,852,1192,864,1223,890,1236,928,1067,895,1058,916,1049,936,1039,958,991,1000,1009,1007,1026,1015,1048,1019,1069,1024,937,893,963,883,989,888,1009,909,984,905,958,901,1117,935,1147,925,1173,934,1191,956,1166,952,1141,944,930,1072,964,1049,996,1041,1013,1050,1034,1053,1061,1079,1091,1117,1049,1121,1016,1115,994,1108,975,1100,951,1089,943,1071,990,1067,1008,1074,1028,1080,1076,1111,1023,1088,1003,1082,984,1076
340,h,1,1,899,816,1270,1188,11.333333333333334,938,921,922,967,908,1016,898,1066,896,1112,909,1151,940,1178,980,1195,1028,1210,1083,1216,1142,1216,1197,1209,1238,1189,1266,1157,1288,1117,1308,1076,1327,1034,974,845,999,819,1034,810,1071,816,1101,838,1171,855,1210,853,1249,864,1280,889,1292,928,1122,897,1111,916,1099,934,1088,954,1040,996,1058,1003,1075,1011,1098,1016,1120,1021,1004,895,1027,887,1049,892,1066,909,1045,905,1022,900,1173,935,1202,928,1224,938,1241,957,1217,951,1195,943,984,1067,1018,1043,1048,1036,1063,1045,1083,1048,1110,1074,1141,1111,1097,1110,1064,1101,1045,1095,1027,1088,1004,1079,997,1066,1042,1062,1059,1069,1078,1075,1127,1105,1071,1076,1053,1070,1036,1064
341,h,1,1,899,816,1270,1188,11.366666666666667,938,921,922,967,908,1016,898,1066,896,1112,909,1151,940,1178,980,1195,1028,1210,1083,1216,1142,1216,1197,1209,1238,1189,1266,1157,1288,1117,1308,1076,1327,1034,974,845,999,819,1034,810,1071,816,1101,838,1171,855,1210,853,1249,864,1280,889,1292,928,1122,897,1111,916,1099,934,1088,954,1040,996,1058,1003,1075,1011,1098,1016,1120,1021,1004,895,1027,887,1049,892,1066,909,1045,905,1022,900,1173,935,1202,928,1224,938,1241,957,1217,951,1195,943,984,1067,1018,1043,1048,1036,1063,1045,1083,1048,1110,1074,1141,1111,1097,1110,1064,1101,1045,1095,1027,1088,1004,1079,997,1066,1042,1062,1059,1069,1078,1075,1127,1105,1071,1076,1053,1070,1036,1064
342,h,1,1,881,782,1327,1228,11.4,923,915,908,966,896,1019,888,1072,890,1122,906,1163,939,1197,981,1218,1033,1235,1092,1242,1156,1241,1215,1233,1259,1208,1288,1170,1308,1123,1325,1075,1343,1026,957,850,983,819,1025,806,1069,811,1102,836,1168,853,1210,845,1255,857,1292,885,1306,929,1121,893,1111,912,1100,930,1088,951,1040,997,1058,1005,1076,1012,1100,1016,1124,1020,993,895,1019,888,1043,893,1064,909,1039,904,1015,900,1174,934,1207,928,1232,937,1251,956,1224,950,1199,942,980,1070,1013,1044,1044,1035,1063,1044,1085,1046,1117,1073,1152,1114,1105,1115,1070,1108,1048,1102,1027,1095,1002,1086,994,1069,1040,1060,1059,1066,1080,1072,1137,1107,1077,1087,1056,1081,1036,1076
343,h,1,1,881,782,1327,1228,11.433333333333334,953,919,938,967,924,1018,913,1069,912,1120,927,1161,959,1193,998,1216,1049,1233,1110,1239,1173,1239,1233,1233,1279,1210,1308,1171,1328,1125,1345,1077,1363,1028,987,849,1012,820,1049,808,1089,814,1119,838,1185,854,1226,849,1269,863,1303,891,1316,933,1136,894,1125,913,1113,931,1101,952,1054,995,1072,1003,1091,1011,1115,1014,1138,1017,1020,895,1041,886,1064,891,1082,906,1060,902,1038,898,1191,932,1220,926,1243,935,1260,955,1235,947,1213,939,998,1069,1031,1043,1061,1034,1078,1043,1097,1044,1129,1070,1163,1110,1118,1112,1083,1105,1063,1099,1044,1093,1020,1084,1012,1068,1057,1060,1074,1065,1093,1071,1149,1104,1089,1083,1071,1077,1052,1072
344,h,1,1,881,782,1327,1228,11.466666666666667,957,912,941,961,928,1013,918,1065,916,1115,928,1156,956,1191,995,1214,1045,1230,1104,1236,1166,1236,1227,1230,1274,1208,1306,1172,1329,1126,1348,1079,1368,1030,996,845,1021,820,1057,811,1095,817,1124,839,1194,854,1236,850,1278,862,1310,887,1323,925,1144,893,1132,912,1121,930,1108,951,1062,996,1079,1004,1096,1012,1120,1016,1143,1019,1025,895,1049,887,1071,891,1088,906,1067,903,1044,900,1197,931,1227,926,1250,936,1267,956,1243,950,1219,941,1003,1070,1037,1045,1067,1035,1083,1044,1103,1046,1133,1071,1165,1111,1121,1112,1085,1105,1065,1100,1047,1093,1024,1085,1017,1069,1062,1061,1078,1066,1098,1072,1151,1105,1093,1082,1073,1077,1056,1073
345,h,1,1,881,782,1327,1228,11.5,957,912,941,961,928,1013,918,1065,916,1115,928,1156,956,1191,995,1214,1045,1230,1104,1236,1166,1236,1227,1230,1274,1208,1306,1172,1329,1126,1348,1079,1368,1030,996,845,1021,820,1057,811,1095,817,1124,839,1194,854,1236,850,1278,862,1310,887,1323,925,1144,893,1132,912,1121,930,1108,951,1062,996,1079,1004,1096,1012,1120,1016,1143,1019,1025,895,1049,887,1071,891,1088,906,1067,903,1044,900,1197,931,1227,926,1250,936,1267,956,1243,950,1219,941,1003,1070,1037,1045,1067,1035,1083,1044,1103,1046,1133,1071,1165,1111,1121,1112,1085,1105,1065,1100,1047,1093,1024,1085,1017,1069,1062,1061,1078,1066,1098,1072,1151,1105,1093,1082,1073,1077,1056,1073
346,h,1,1,881,782,1327,1228,11.533333333333333,961,915,943,963,927,1013,914,1065,912,1116,924,1159,952,1194,992,1219,1043,1237,1103,1243,1166,1243,1226,1237,1274,1215,1306,1178,1329,1133,1347,1086,1367,1037,1003,848,1026,822,1060,813,1097,819,1124,842,1193,860,1234,857,1275,869,1307,896,1321,935,1144,900,1133,919,1120,937,1107,957,1061,1001,1079,1009,1096,1018,1120,1021,1143,1023,1028,900,1050,892,1073,897,1090,913,1068,910,1045,906,1197,939,1227,934,1250,943,1267,964,1242,957,1219,949,1004,1075,1038,1049,1068,1040,1083,1048,1102,1050,1132,1076,1165,1117,1119,1116,1085,1108,1065,1103,1047,1096,1024,1089,1017,1074,1062,1066,1078,1072,1097,1078,1151,1111,1092,1088,1073,1082,1057,1078
347,h,1,1,881,782,1327,1228,11.566666666666666,959,919,942,968,927,1019,917,1070,916,1120,930,1161,961,1193,1000,1214,1050,1230,1108,1237,1169,1237,1230,1232,1277,1211,1308,1174,1329,1129,1347,1082,1367,1033,999,853,1022,826,1057,815,1095,819,1123,842,1191,858,1233,853,1276,866,1309,894,1322,934,1143,900,1132,920,1121,938,1109,959,1060,1001,1079,1010,1098,1018,1122,1021,1146,1024,1027,902,1050,892,1073,897,1090,914,1068,910,1046,906,1196,939,1226,933,1249,942,1267,963,1242,957,1218,949,1005,1073,1037,1048,1067,1040,1083,1049,1103,1051,1135,1077,1169,1118,1122,1118,1086,1110,1066,1104,1048,1097,1024,1089,1019,1072,1062,1066,1079,1072,1098,1077,1155,1110,1094,1088,1074,1082,1057,1077
348,h,1,1,881,782,1327,1228,11.6,957,922,941,971,928,1021,918,1072,917,1121,930,1164,960,1196,1002,1217,1054,1234,1115,1240,1177,1239,1237,1232,1282,1210,1312,1173,1332,1128,1350,1082,1368,1034,1003,856,1025,830,1059,820,1096,824,1125,845,1195,862,1236,859,1276,871,1308,896,1323,932,1145,904,1134,922,1122,940,1110,960,1064,1005,1082,1012,1099,1020,1123,1023,1147,1025,1029,906,1052,896,1074,900,1092,917,1070,914,1048,910,1198,941,1226,935,1250,943,1267,964,1242,958,1219,950,1005,1077,1040,1053,1071,1043,1087,1051,1105,1053,1136,1078,1172,1119,1125,1118,1090,1109,1071,1104,1052,1098,1028,1091,1019,1076,1066,1069,1082,1074,1101,1079,1157,1112,1097,1087,1079,1081,1062,1077
349,h,1,1,881,782,1327,1228,11.633333333333333,957,922,941,971,928,1021,918,1072,917,1121,930,1164,960,1196,1002,1217,1054,1234,1115,1240,1177,1239,1237,1232,1282,1210,1312,1173,1332,1128,1350,1082,1368,1034,1003,856,1025,830,1059,820,1096,824,1125,845,1195,862,1236,859,1276,871,1308,896,1323,932,1145,904,1134,922,1122,940,1110,960,1064,1005,1082,1012,1099,1020,1123,1023,1147,1025,1029,906,1052,896,1074,900,1092,917,1070,914,1048,910,1198,941,1226,935,1250,943,1267,964,1242,958,1219,950,1005,1077,1040,1053,1071,1043,1087,1051,1105,1053,1136,1078,1172,1119,1125,1118,1090,1109,1071,1104,1052,1098,1028,1091,1019,1076,1066,1069,1082,1074,1101,1079,1157,1112,1097,1087,1079,1081,1062,1077
350,h,1,1,940,816,1312,1188,11.666666666666666,965,929,951,976,938,1024,928,1073,927,1120,944,1157,977,1183,1015,1204,1063,1220,1118,1228,1176,1228,1232,1221,1275,1201,1303,1167,1325,1125,1345,1081,1363,1035,1003,856,1028,831,1065,825,1102,831,1133,851,1199,867,1239,866,1278,876,1311,901,1324,939,1151,909,1141,928,1130,945,1119,965,1072,1008,1090,1015,1109,1023,1132,1027,1155,1031,1032,908,1056,898,1079,903,1097,923,1074,919,1050,914,1203,948,1232,939,1257,948,1274,969,1251,964,1225,957,1019,1080,1051,1057,1080,1049,1096,1058,1116,1059,1145,1085,1177,1125,1133,1124,1100,1115,1080,1109,1062,1101,1039,1093,1033,1079,1075,1075,1092,1081,1111,1087,1161,1118,1107,1090,1088,1083,1071,1077
351,h,1,1,940,816,1312,1188,11.7,975,944,960,991,948,1041,939,1092,941,1140,960,1178,995,1206,1036,1225,1086,1239,1142,1243,1197,1238,1250,1227,1290,1204,1317,1168,1336,1126,1353,1083,1368,1039,1013,865,1039,839,1076,831,1115,837,1146,857,1206,873,1247,872,1286,882,1319,906,1332,943,1164,916,1156,935,1146,953,1137,973,1085,1017,1105,1025,1124,1033,1148,1037,1172,1040,1042,914,1066,905,1090,909,1108,927,1086,922,1062,918,1215,951,1244,945,1268,953,1286,973,1261,966,1238,958,1027,1086,1062,1064,1096,1056,1112,1066,1133,1067,1162,1094,1193,1132,1150,1135,1116,1128,1095,1122,1076,1116,1050,1105,1040,1086,1091,1082,1108,1089,1128,1094,1179,1125,1123,1104,1103,1098,1085,1093
354,h,1,1,930,782,1376,1228,11.8,981,944,968,993,955,1044,947,1094,950,1142,968,1181,1002,1207,1042,1226,1091,1242,1148,1250,1209,1251,1267,1245,1309,1223,1337,1186,1356,1143,1373,1096,1390,1049,1029,875,1050,842,1086,829,1125,834,1156,858,1214,874,1258,869,1301,881,1336,909,1349,953,1170,916,1160,934,1151,951,1140,971,1091,1016,1110,1024,1130,1032,1154,1035,1178,1037,1060,917,1081,908,1103,910,1119,929,1099,926,1077,921,1225,954,1252,946,1275,955,1293,975,1268,970,1245,963,1040,1089,1071,1066,1101,1057,1116,1066,1134,1067,1165,1093,1198,1132,1154,1128,1120,1119,1101,1114,1083,1108,1060,1099,1053,1087,1096,1083,1112,1089,1130,1094,1185,1124,1126,1096,1109,1090,1091,1085
356,h,1,1,930,831,1376,1277,11.866666666666667,983,932,966,981,952,1033,942,1088,943,1140,959,1184,985,1220,1022,1245,1072,1265,1131,1272,1196,1269,1254,1255,1300,1227,1331,1187,1353,1140,1371,1092,1390,1041,1026,869,1051,845,1085,837,1120,844,1151,863,1214,881,1255,879,1296,890,1329,915,1344,955,1166,916,1154,935,1141,951,1128,971,1083,1017,1101,1025,1120,1033,1145,1037,1169,1040,1052,916,1075,909,1098,913,1113,929,1092,925,1070,921,1219,956,1247,950,1271,959,1289,979,1263,973,1240,965,1030,1090,1061,1071,1092,1066,1111,1076,1132,1078,1162,1100,1194,1136,1150,1145,1114,1139,1093,1133,1072,1125,1049,1113,1042,1091,1087,1089,1106,1097,1126,1102,1181,1130,1122,1118,1102,1113,1081,1105
357,h,1,1,930,831,1376,1277,11.9,983,932,966,981,952,1033,942,1088,943,1140,959,1184,985,1220,1022,1245,1072,1265,1131,1272,1196,1269,1254,1255,1300,1227,1331,1187,1353,1140,1371,1092,1390,1041,1026,869,1051,845,1085,837,1120,844,1151,863,1214,881,1255,879,1296,890,1329,915,1344,955,1166,916,1154,935,1141,951,1128,971,1083,1017,1101,1025,1120,1033,1145,1037,1169,1040,1052,916,1075,909,1098,913,1113,929,1092,925,1070,921,1219,956,1247,950,1271,959,1289,979,1263,973,1240,965,1030,1090,1061,1071,1092,1066,1111,1076,1132,1078,1162,1100,1194,1136,1150,1145,1114,1139,1093,1133,1072,1125,1049,1113,1042,1091,1087,1089,1106,1097,1126,1102,1181,1130,1122,1118,1102,1113,1081,1105
366,h,1,1,940,816,1312,1188,12.2,976,947,961,992,948,1040,939,1088,939,1134,957,1171,990,1197,1027,1217,1075,1233,1129,1242,1183,1240,1237,1230,1279,1209,1309,1174,1332,1133,1349,1090,1367,1047,1019,874,1042,847,1076,839,1112,846,1142,866,1203,880,1243,878,1282,887,1314,911,1327,947,1160,923,1150,941,1140,958,1129,977,1084,1022,1102,1029,1119,1036,1142,1040,1165,1044,1045,923,1068,912,1091,916,1110,936,1087,933,1063,929,1210,957,1237,948,1261,956,1279,977,1255,972,1231,965,1031,1092,1063,1069,1092,1062,1107,1071,1125,1072,1154,1097,1184,1133,1143,1134,1110,1128,1091,1123,1074,1116,1051,1105,1044,1091,1088,1088,1103,1094,1121,1099,1170,1127,1117,1102,1099,1096,1083,1091
367,h,1,1,940,816,1312,1188,12.233333333333333,972,942,958,989,946,1038,937,1088,939,1135,957,1172,990,1200,1028,1221,1076,1236,1132,1241,1187,1237,1242,1226,1285,1204,1314,1169,1334,1126,1351,1082,1368,1038,1015,874,1036,846,1071,836,1107,842,1137,861,1199,874,1239,872,1278,881,1310,904,1323,940,1154,917,1144,937,1134,955,1123,976,1079,1019,1096,1026,1114,1034,1137,1037,1160,1040,1042,919,1064,910,1086,913,1103,929,1082,925,1060,923,1208,949,1235,943,1258,951,1275,969,1251,963,1229,956,1029,1091,1059,1069,1088,1060,1103,1070,1121,1070,1150,1095,1180,1131,1139,1129,1107,1123,1088,1118,1071,1111,1047,1102,1041,1089,1083,1087,1099,1093,1117,1098,1167,1125,1113,1097,1095,1091,1079,1086
368,h,1,1,940,816,1312,1188,12.266666666666667,972,942,958,989,946,1038,937,1088,939,1135,957,1172,990,1200,1028,1221,1076,1236,1132,1241,1187,1237,1242,1226,1285,1204,1314,1169,1334,1126,1351,1082,1368,1038,1015,874,1036,846,1071,836,1107,842,1137,861,1199,874,1239,872,1278,881,1310,904,1323,940,1154,917,1144,937,1134,955,1123,976,1079,1019,1096,1026,1114,1034,1137,1037,1160,1040,1042,919,1064,910,1086,913,1103,929,1082,925,1060,923,1208,949,1235,943,1258,951,1275,969,1251,963,1229,956,1029,1091,1059,1069,1088,1060,1103,1070,1121,1070,1150,1095,1180,1131,1139,1129,1107,1123,1088,1118,1071,1111,1047,1102,1041,1089,1083,1087,1099,1093,1117,1098,1167,1125,1113,1097,1095,1091,1079,1086
369,h,1,1,940,816,1312,1188,12.3,965,944,954,990,944,1038,936,1086,935,1131,951,1166,984,1192,1023,1212,1071,1227,1127,1233,1183,1230,1235,1219,1275,1197,1302,1162,1322,1121,1338,1078,1355,1034,994,869,1019,838,1058,828,1098,833,1132,854,1188,869,1229,865,1271,875,1305,900,1318,941,1148,911,1139,932,1131,951,1122,973,1073,1017,1093,1024,1111,1031,1135,1034,1158,1037,1024,908,1048,900,1073,904,1093,922,1069,920,1043,916,1199,944,1229,936,1253,944,1271,963,1247,959,1223,952,1022,1090,1054,1068,1084,1058,1099,1068,1118,1068,1147,1094,1178,1130,1136,1129,1104,1121,1084,1116,1066,1110,1043,1101,1036,1088,1079,1085,1096,1092,1114,1096,1163,1123,1110,1095,1092,1089,1074,1084
632,h,1,1,881,831,1327,1277,21.066666666666666,943,947,934,997,927,1049,921,1101,925,1150,940,1191,970,1222,1010,1243,1060,1255,1117,1257,1180,1254,1240,1242,1283,1213,1311,1172,1327,1123,1342,1072,1357,1018,960,883,983,854,1020,843,1059,847,1093,864,1156,871,1199,862,1245,868,1283,891,1304,931,1113,914,1104,934,1095,952,1084,973,1046,1022,1064,1028,1082,1033,1106,1034,1129,1035,987,923,1012,913,1039,915,1062,932,1036,932,1009,930,1174,945,1202,933,1229,939,1251,957,1225,955,1199,951,1001,1099,1031,1074,1059,1063,1076,1069,1096,1069,1130,1089,1171,1122,1124,1132,1088,1128,1068,1126,1048,1122,1024,1116,1015,1097,1056,1086,1074,1090,1093,1092,1156,1118,1092,1108,1072,1105,1053,1101
676,h,1,1,881,831,1327,1277,22.533333333333335,940,956,931,1006,923,1056,920,1109,926,1157,944,1198,974,1232,1012,1257,1062,1271,1118,1273,1180,1265,1237,1248,1282,1219,1313,1177,1332,1126,1346,1072,1360,1017,947,891,968,855,1007,836,1050,836,1089,854,1159,866,1203,857,1250,867,1290,894,1310,936,1111,916,1103,936,1094,956,1085,977,1044,1028,1064,1034,1084,1039,1108,1039,1133,1040,982,930,1008,917,1037,918,1063,936,1034,935,1005,934,1170,951,1203,939,1231,946,1255,966,1226,963,1197,957,997,1106,1028,1078,1059,1066,1077,1073,1098,1073,1135,1095,1175,1132,1129,1148,1089,1150,1068,1147,1047,1142,1021,1130,1011,1104,1055,1090,1075,1095,1095,1098,1161,1126,1093,1127,1073,1124,1053,1119
688,h,1,1,881,831,1327,1277,22.933333333333334,939,959,930,1008,923,1059,920,1110,924,1158,940,1199,969,1233,1008,1256,1059,1269,1118,1272,1181,1267,1239,1253,1286,1224,1317,1181,1335,1129,1348,1075,1363,1018,945,901,964,862,1003,840,1047,839,1087,855,1155,867,1202,859,1249,869,1290,896,1310,939,1110,916,1102,936,1093,955,1084,977,1044,1028,1064,1034,1083,1038,1108,1038,1133,1038,980,933,1006,920,1034,920,1059,937,1032,936,1003,936,1173,950,1204,938,1232,944,1255,964,1227,960,1199,955,998,1109,1028,1080,1058,1067,1077,1074,1098,1073,1133,1096,1173,1131,1127,1140,1089,1140,1066,1137,1046,1133,1020,1125,1013,1106,1055,1092,1074,1096,1095,1099,1158,1126,1093,1116,1072,1113,1052,1110
689,h,1,1,881,831,1327,1277,22.966666666666665,936,962,928,1011,923,1062,921,1113,926,1160,944,1201,972,1235,1010,1260,1061,1276,1119,1278,1181,1272,1239,1254,1284,1225,1316,1181,1336,1128,1349,1073,1364,1017,945,893,966,856,1005,838,1049,838,1087,856,1155,869,1201,860,1250,868,1290,895,1311,937,1110,917,1102,936,1093,955,1084,976,1042,1027,1062,1033,1082,1038,1108,1039,1132,1040,980,930,1006,917,1035,918,1061,936,1033,935,1003,935,1170,951,1202,939,1232,945,1255,966,1226,963,1197,957,993,1109,1025,1080,1056,1068,1075,1074,1097,1074,1134,1095,1176,1131,1129,1147,1090,1148,1067,1146,1045,1141,1018,1131,1007,1107,1053,1091,1073,1095,1095,1098,1160,1126,1094,1127,1072,1124,1051,1120
690,h,1,1,881,831,1327,1277,23.0,936,962,928,1011,923,1062,921,1113,926,1160,944,1201,972,1235,1010,1260,1061,1276,1119,1278,1181,1272,1239,1254,1284,1225,1316,1181,1336,1128,1349,1073,1364,1017,945,893,966,856,1005,838,1049,838,1087,856,1155,869,1201,860,1250,868,1290,895,1311,937,1110,917,1102,936,1093,955,1084,976,1042,1027,1062,1033,1082,1038,1108,1039,1132,1040,980,930,1006,917,1035,918,1061,936,1033,935,1003,935,1170,951,1202,939,1232,945,1255,966,1226,963,1197,957,993,1109,1025,1080,1056,1068,1075,1074,1097,1074,1134,1095,1176,1131,1129,1147,1090,1148,1067,1146,1045,1141,1018,1131,1007,1107,1053,1091,1073,1095,1095,1098,1160,1126,1094,1127,1072,1124,1051,1120
710,h,1,1,881,831,1327,1277,23.666666666666668,935,962,927,1012,923,1063,919,1114,923,1162,940,1201,971,1233,1012,1254,1066,1266,1126,1267,1185,1260,1239,1246,1280,1221,1310,1183,1328,1134,1342,1083,1357,1028,950,886,972,852,1012,838,1053,840,1089,860,1158,867,1202,860,1247,868,1285,892,1303,931,1115,912,1108,933,1100,954,1092,977,1046,1025,1066,1033,1086,1039,1111,1039,1135,1039,987,928,1012,916,1038,918,1062,933,1036,933,1010,933,1175,946,1205,937,1231,945,1253,964,1226,961,1200,954,996,1108,1028,1080,1057,1068,1075,1075,1097,1075,1130,1097,1170,1134,1125,1140,1089,1137,1066,1134,1046,1129,1021,1123,1010,1106,1054,1093,1073,1097,1094,1100,1155,1129,1092,1115,1071,1111,1052,1108
711,h,1,1,881,831,1327,1277,23.7,923,952,915,1006,911,1060,908,1114,914,1164,933,1204,966,1237,1008,1259,1060,1272,1118,1273,1179,1266,1236,1251,1281,1221,1311,1178,1328,1125,1342,1070,1357,1014,938,897,959,858,1001,839,1047,838,1087,857,1152,867,1198,858,1247,867,1287,893,1306,939,1111,915,1104,935,1096,954,1088,975,1043,1028,1063,1034,1084,1039,1108,1040,1131,1041,978,931,1005,919,1033,920,1058,937,1031,937,1002,936,1168,950,1200,939,1228,945,1250,965,1223,963,1195,957,997,1110,1028,1082,1057,1068,1075,1075,1095,1074,1130,1097,1169,1133,1125,1143,1088,1141,1067,1139,1047,1135,1022,1128,1011,1107,1054,1092,1073,1096,1092,1099,1154,1127,1092,1121,1072,1117,1052,1114
712,h,1,1,881,831,1327,1277,23.733333333333334,940,951,930,999,922,1049,917,1100,919,1150,934,1192,962,1228,1001,1255,1054,1269,1114,1271,1177,1265,1233,1250,1277,1222,1308,1181,1327,1130,1342,1076,1358,1021,954,887,975,855,1013,842,1053,844,1088,863,1158,871,1201,862,1246,870,1283,893,1302,933,1112,915,1104,935,1095,955,1085,978,1043,1027,1062,1033,1081,1038,1106,1039,1130,1040,989,928,1012,917,1038,918,1059,933,1035,934,1009,933,1173,946,1202,937,1228,943,1249,962,1223,960,1197,954,996,1107,1026,1081,1054,1069,1071,1076,1092,1076,1126,1098,1167,1133,1120,1140,1083,1137,1062,1134,1043,1129,1019,1123,1010,1105,1051,1093,1069,1098,1089,1101,1152,1128,1088,1115,1067,1112,1048,1108
713,h,1,1,881,831,1327,1277,23.766666666666666,940,951,930,999,922,1049,917,1100,919,1150,934,1192,962,1228,1001,1255,1054,1269,1114,1271,1177,1265,1233,1250,1277,1222,1308,1181,1327,1130,1342,1076,1358,1021,954,887,975,855,1013,842,1053,844,1088,863,1158,871,1201,862,1246,870,1283,893,1302,933,1112,915,1104,935,1095,955,1085,978,1043,1027,1062,1033,1081,1038,1106,1039,1130,1040,989,928,1012,917,1038,918,1059,933,1035,934,1009,933,1173,946,1202,937,1228,943,1249,962,1223,960,1197,954,996,1107,1026,1081,1054,1069,1071,1076,1092,1076,1126,1098,1167,1133,1120,1140,1083,1137,1062,1134,1043,1129,1019,1123,1010,1105,1051,1093,1069,1098,1089,1101,1152,1128,1088,1115,1067,1112,1048,1108
714,h,1,1,881,831,1327,1277,23.8,925,960,918,1012,914,1066,914,1119,920,1169,940,1207,971,1239,1011,1260,1063,1271,1121,1271,1182,1263,1238,1246,1281,1216,1309,1171,1327,1121,1342,1067,1356,1013,938,894,958,857,997,838,1040,836,1081,853,1152,868,1196,858,1243,866,1282,890,1303,932,1103,913,1096,934,1089,954,1081,977,1039,1028,1058,1034,1078,1039,1104,1038,1129,1038,973,932,998,923,1024,923,1049,935,1023,936,996,936,1170,948,1200,940,1227,947,1249,964,1221,961,1195,955,993,1110,1023,1081,1052,1068,1071,1074,1091,1073,1126,1096,1167,1133,1122,1142,1085,1140,1064,1138,1042,1134,1017,1127,1007,1107,1050,1092,1069,1096,1089,1099,1151,1128,1088,1118,1068,1115,1048,1111
715,h,1,1,881,831,1327,1277,23.833333333333332,935,951,927,1002,921,1054,917,1105,919,1155,935,1196,964,1229,1002,1255,1054,1271,1113,1274,1175,1267,1232,1251,1275,1221,1306,1178,1325,1127,1340,1072,1356,1016,951,895,972,861,1009,845,1050,847,1085,866,1154,875,1195,865,1240,871,1277,894,1296,933,1111,916,1103,936,1094,955,1084,976,1042,1025,1061,1032,1080,1038,1105,1039,1129,1039,990,936,1013,927,1036,927,1058,938,1035,939,1011,939,1170,951,1197,945,1222,952,1244,967,1217,965,1192,959,996,1108,1025,1081,1053,1069,1071,1075,1091,1076,1125,1098,1166,1133,1120,1142,1084,1138,1062,1135,1042,1130,1018,1124,1010,1105,1050,1092,1069,1096,1088,1099,1150,1128,1087,1117,1067,1113,1048,1109
716,h,1,1,881,831,1327,1277,23.866666666666667,941,957,930,1006,922,1058,918,1109,922,1159,939,1201,968,1234,1005,1260,1054,1273,1112,1274,1173,1265,1232,1250,1279,1223,1310,1182,1329,1133,1343,1079,1358,1024,969,898,983,865,1016,849,1053,850,1086,866,1154,874,1196,867,1240,876,1276,901,1294,940,1107,918,1098,937,1088,956,1077,977,1039,1026,1057,1033,1076,1039,1102,1039,1127,1037,999,938,1019,925,1041,924,1061,937,1040,937,1018,937,1169,948,1195,940,1219,947,1241,965,1214,959,1190,953,996,1108,1023,1082,1051,1069,1068,1075,1088,1075,1122,1096,1161,1131,1115,1140,1080,1138,1060,1136,1040,1132,1017,1125,1009,1105,1048,1092,1066,1096,1085,1098,1147,1126,1083,1117,1064,1115,1045,1111
717,h,1,1,881,831,1327,1277,23.9,941,957,930,1006,922,1058,918,1109,922,1159,939,1201,968,1234,1005,1260,1054,1273,1112,1274,1173,1265,1232,1250,1279,1223,1310,1182,1329,1133,1343,1079,1358,1024,969,898,983,865,1016,849,1053,850,1086,866,1154,874,1196,867,1240,876,1276,901,1294,940,1107,918,1098,937,1088,956,1077,977,1039,1026,1057,1033,1076,1039,1102,1039,1127,1037,999,938,1019,925,1041,924,1061,937,1040,937,1018,937,1169,948,1195,940,1219,947,1241,965,1214,959,1190,953,996,1108,1023,1082,1051,1069,1068,1075,1088,1075,1122,1096,1161,1131,1115,1140,1080,1138,1060,1136,1040,1132,1017,1125,1009,1105,1048,1092,1066,1096,1085,1098,1147,1126,1083,1117,1064,1115,1045,1111
718,h,1,1,881,831,1327,1277,23.933333333333334,930,948,924,1000,920,1053,916,1108,920,1159,937,1202,965,1237,1003,1264,1055,1278,1115,1279,1176,1271,1234,1252,1278,1221,1309,1177,1327,1125,1341,1069,1356,1012,941,889,964,855,1002,840,1045,843,1083,861,1147,871,1191,862,1238,869,1277,892,1298,933,1105,914,1097,936,1088,957,1079,979,1037,1029,1057,1035,1077,1040,1102,1041,1126,1041,979,928,1003,919,1030,921,1053,933,1027,935,1001,933,1166,947,1195,939,1221,946,1244,962,1217,960,1190,955,990,1110,1021,1083,1051,1071,1070,1077,1092,1077,1127,1098,1166,1133,1122,1146,1085,1146,1061,1144,1040,1139,1013,1130,1004,1108,1048,1094,1068,1099,1090,1101,1150,1128,1088,1124,1066,1121,1046,1117
719,h,1,1,881,831,1327,1277,23.966666666666665,931,953,920,1001,912,1052,910,1104,913,1155,930,1198,958,1236,995,1265,1044,1281,1102,1285,1165,1278,1222,1262,1270,1232,1302,1190,1322,1137,1336,1080,1351,1024,960,888,980,859,1015,848,1051,850,1084,866,1153,873,1193,865,1236,872,1272,892,1293,928,1106,920,1097,938,1087,956,1077,976,1039,1027,1057,1034,1075,1038,1100,1039,1123,1038,992,933,1015,921,1039,922,1060,937,1037,937,1013,936,1165,950,1191,939,1217,944,1239,963,1213,962,1187,957,992,1110,1019,1082,1049,1070,1067,1076,1087,1076,1122,1096,1161,1133,1118,1148,1081,1149,1060,1147,1039,1142,1014,1132,1006,1108,1046,1093,1065,1097,1085,1100,1147,1129,1085,1127,1064,1124,1045,1120
720,h,1,1,881,831,1327,1277,24.0,931,953,920,1001,912,1052,910,1104,913,1155,930,1198,958,1236,995,1265,1044,1281,1102,1285,1165,1278,1222,1262,1270,1232,1302,1190,1322,1137,1336,1080,1351,1024,960,888,980,859,1015,848,1051,850,1084,866,1153,873,1193,865,1236,872,1272,892,1293,928,1106,920,1097,938,1087,956,1077,976,1039,1027,1057,1034,1075,1038,1100,1039,1123,1038,992,933,1015,921,1039,922,1060,937,1037,937,1013,936,1165,950,1191,939,1217,944,1239,963,1213,962,1187,957,992,1110,1019,1082,1049,1070,1067,1076,1087,1076,1122,1096,1161,1133,1118,1148,1081,1149,1060,1147,1039,1142,1014,1132,1006,1108,1046,1093,1065,1097,1085,1100,1147,1129,1085,1127,1064,1124,1045,1120
749,h,1,1,881,831,1327,1277,24.966666666666665,918,970,909,1020,903,1068,898,1117,903,1165,920,1201,954,1228,994,1248,1043,1263,1098,1269,1157,1267,1212,1256,1253,1230,1281,1191,1298,1144,1313,1093,1328,1041,950,888,971,856,1007,844,1046,848,1078,868,1150,878,1190,870,1232,877,1268,901,1284,942,1103,921,1095,941,1087,960,1078,981,1034,1027,1052,1035,1072,1042,1096,1043,1119,1043,982,931,1003,915,1029,917,1050,940,1025,937,1000,935,1158,957,1186,942,1212,948,1233,973,1207,970,1181,964,986,1108,1017,1083,1045,1072,1063,1079,1083,1079,1114,1101,1152,1138,1109,1144,1074,1138,1054,1134,1034,1129,1011,1123,1000,1107,1042,1096,1060,1100,1079,1103,1137,1132,1079,1118,1059,1113,1040,1109
750,h,1,1,881,831,1327,1277,25.0,918,970,909,1020,903,1068,898,1117,903,1165,920,1201,954,1228,994,1248,1043,1263,1098,1269,1157,1267,1212,1256,1253,1230,1281,1191,1298,1144,1313,1093,1328,1041,950,888,971,856,1007,844,1046,848,1078,868,1150,878,1190,870,1232,877,1268,901,1284,942,1103,921,1095,941,1087,960,1078,981,1034,1027,1052,1035,1072,1042,1096,1043,1119,1043,982,931,1003,915,1029,917,1050,940,1025,937,1000,935,1158,957,1186,942,1212,948,1233,973,1207,970,1181,964,986,1108,1017,1083,1045,1072,1063,1079,1083,1079,1114,1101,1152,1138,1109,1144,1074,1138,1054,1134,1034,1129,1011,1123,1000,1107,1042,1096,1060,1100,1079,1103,1137,1132,1079,1118,1059,1113,1040,1109
751,h,1,1,881,831,1327,1277,25.033333333333335,909,964,902,1016,895,1067,892,1118,898,1167,916,1207,947,1237,986,1259,1037,1274,1095,1279,1153,1273,1207,1258,1248,1231,1276,1190,1293,1141,1307,1088,1320,1036,945,893,966,862,1001,849,1039,853,1072,873,1141,884,1180,875,1222,883,1257,906,1273,948,1097,926,1090,946,1082,966,1073,988,1029,1036,1048,1041,1069,1047,1093,1048,1116,1049,982,935,1002,923,1025,924,1044,941,1022,939,1000,937,1152,958,1177,948,1202,954,1222,974,1197,972,1173,966,979,1118,1011,1090,1041,1077,1061,1084,1081,1084,1112,1107,1149,1144,1106,1151,1072,1148,1050,1144,1029,1139,1003,1131,993,1115,1038,1102,1058,1106,1078,1110,1134,1138,1075,1125,1055,1121,1034,1117
752,h,1,1,899,858,1270,1229,25.066666666666666,903,977,895,1027,890,1077,889,1125,893,1172,913,1211,946,1237,988,1255,1040,1265,1097,1266,1154,1261,1207,1247,1247,1220,1271,1179,1285,1131,1298,1081,1311,1030,938,902,959,871,995,859,1034,862,1067,879,1132,888,1169,878,1211,883,1247,904,1264,941,1090,934,1083,953,1077,972,1069,994,1028,1043,1047,1049,1067,1054,1090,1055,1113,1055,971,946,993,931,1017,932,1038,953,1015,953,990,951,1145,963,1171,949,1197,954,1217,974,1193,973,1168,969,982,1122,1014,1097,1043,1085,1060,1092,1078,1091,1108,1112,1144,1145,1102,1149,1070,1145,1051,1142,1032,1138,1008,1133,996,1119,1040,1112,1058,1116,1076,1118,1130,1140,1073,1120,1055,1117,1037,1114
753,h,1,1,899,858,1270,1229,25.1,896,990,890,1039,887,1088,887,1137,895,1183,918,1219,955,1243,997,1258,1047,1268,1101,1268,1156,1262,1207,1249,1246,1224,1270,1185,1285,1138,1297,1088,1307,1037,939,915,958,881,993,867,1032,869,1064,886,1128,892,1165,882,1206,888,1241,910,1258,948,1087,939,1081,958,1075,976,1068,997,1027,1048,1045,1053,1065,1058,1089,1058,1112,1058,971,954,992,940,1015,940,1036,960,1013,960,989,959,1142,970,1168,955,1193,960,1212,980,1189,979,1164,976,984,1126,1014,1102,1042,1090,1060,1097,1078,1095,1109,1115,1144,1146,1104,1152,1072,1150,1052,1147,1033,1144,1008,1139,997,1124,1040,1115,1058,1118,1076,1120,1129,1141,1074,1125,1056,1122,1037,1120
754,h,1,1,899,858,1270,1229,25.133333333333333,896,990,890,1039,887,1088,887,1137,895,1183,918,1219,955,1243,997,1258,1047,1268,1101,1268,1156,1262,1207,1249,1246,1224,1270,1185,1285,1138,1297,1088,1307,1037,939,915,958,881,993,867,1032,869,1064,886,1128,892,1165,882,1206,888,1241,910,1258,948,1087,939,1081,958,1075,976,1068,997,1027,1048,1045,1053,1065,1058,1089,1058,1112,1058,971,954,992,940,1015,940,1036,960,1013,960,989,959,1142,970,1168,955,1193,960,1212,980,1189,979,1164,976,984,1126,1014,1102,1042,1090,1060,1097,1078,1095,1109,1115,1144,1146,1104,1152,1072,1150,1052,1147,1033,1144,1008,1139,997,1124,1040,1115,1058,1118,1076,1120,1129,1141,1074,1125,1056,1122,1037,1120
755,h,1,1,899,858,1270,1229,25.166666666666668,895,992,889,1042,887,1092,888,1141,896,1189,917,1228,953,1255,996,1272,1049,1282,1104,1281,1158,1273,1209,1257,1246,1228,1271,1187,1284,1139,1296,1089,1306,1037,936,921,955,887,991,871,1031,873,1065,890,1125,896,1164,885,1206,890,1243,912,1259,952,1088,939,1082,960,1076,980,1069,1003,1026,1052,1046,1058,1066,1063,1091,1063,1114,1062,972,957,993,945,1017,945,1038,961,1015,961,992,960,1143,970,1169,959,1193,963,1213,981,1190,979,1166,975,983,1134,1014,1107,1043,1094,1062,1101,1082,1099,1112,1118,1147,1151,1108,1157,1076,1155,1056,1154,1035,1150,1009,1145,997,1131,1041,1120,1060,1123,1080,1125,1133,1146,1078,1131,1059,1129,1039,1126
756,h,1,1,899,858,1270,1229,25.2,895,985,889,1035,886,1086,886,1136,894,1183,915,1222,951,1249,995,1267,1048,1276,1106,1277,1161,1270,1211,1254,1247,1226,1269,1184,1282,1137,1294,1086,1304,1034,939,922,958,889,993,874,1033,875,1066,891,1121,897,1161,887,1204,891,1241,914,1258,954,1086,942,1081,963,1075,983,1069,1005,1026,1057,1046,1061,1067,1065,1090,1065,1114,1066,971,959,992,946,1015,946,1036,962,1014,963,991,962,1141,971,1168,959,1191,964,1211,982,1188,980,1164,976,987,1138,1017,1112,1045,1099,1062,1105,1081,1103,1111,1122,1146,1152,1107,1158,1077,1155,1056,1153,1037,1151,1013,1148,1000,1135,1042,1125,1061,1127,1080,1128,1132,1148,1079,1132,1060,1129,1041,1127
757,h,1,1,899,858,1270,1229,25.233333333333334,892,989,887,1041,886,1091,886,1143,895,1190,918,1227,956,1254,1002,1270,1057,1280,1116,1278,1170,1268,1219,1250,1252,1220,1272,1178,1284,1131,1295,1081,1304,1029,934,924,954,890,990,875,1029,877,1065,892,1120,897,1160,887,1202,891,1240,912,1257,951,1086,941,1082,964,1077,986,1073,1011,1027,1060,1048,1064,1070,1069,1094,1069,1117,1069,970,960,990,949,1012,948,1032,962,1011,962,989,962,1144,970,1168,960,1191,964,1211,980,1187,978,1165,974,988,1141,1018,1116,1047,1104,1065,1110,1084,1107,1114,1126,1148,1155,1111,1160,1080,1159,1060,1158,1040,1155,1015,1151,1001,1137,1045,1130,1064,1133,1083,1134,1135,1150,1082,1134,1063,1133,1043,1131
758,h,1,1,899,858,1270,1229,25.266666666666666,892,989,887,1041,886,1091,886,1143,895,1190,918,1227,956,1254,1002,1270,1057,1280,1116,1278,1170,1268,1219,1250,1252,1220,1272,1178,1284,1131,1295,1081,1304,1029,934,924,954,890,990,875,1029,877,1065,892,1120,897,1160,887,1202,891,1240,912,1257,951,1086,941,1082,964,1077,986,1073,1011,1027,1060,1048,1064,1070,1069,1094,1069,1117,1069,970,960,990,949,1012,948,1032,962,1011,962,989,962,1144,970,1168,960,1191,964,1211,980,1187,978,1165,974,988,1141,1018,1116,1047,1104,1065,1110,1084,1107,1114,1126,1148,1155,1111,1160,1080,1159,1060,1158,1040,1155,1015,1151,1001,1137,1045,1130,1064,1133,1083,1134,1135,1150,1082,1134,1063,1133,1043,1131
759,h,1,1,899,858,1270,1229,25.3,889,1002,885,1052,884,1103,886,1153,896,1198,918,1235,957,1259,1002,1274,1053,1283,1109,1283,1162,1275,1210,1258,1245,1231,1269,1189,1282,1142,1292,1093,1302,1042,931,929,952,894,989,879,1030,881,1065,897,1124,900,1163,891,1206,896,1243,918,1259,957,1089,947,1084,968,1080,989,1075,1012,1031,1063,1051,1066,1072,1071,1095,1071,1119,1071,968,964,989,948,1014,948,1036,967,1013,968,988,968,1144,975,1168,960,1193,964,1214,983,1191,982,1166,979,990,1145,1021,1119,1050,1106,1068,1113,1087,1110,1117,1129,1151,1158,1114,1163,1083,1162,1063,1161,1043,1158,1017,1154,1003,1141,1048,1132,1067,1134,1086,1135,1137,1153,1085,1138,1066,1136,1047,1134
760,h,1,1,899,858,1270,1229,25.333333333333332,887,996,884,1048,882,1100,885,1151,896,1196,919,1233,958,1259,1004,1276,1058,1285,1116,1284,1169,1274,1215,1255,1248,1225,1268,1183,1280,1135,1290,1084,1299,1033,933,928,953,893,990,879,1030,881,1065,897,1125,903,1164,893,1205,895,1242,914,1259,952,1090,947,1086,969,1082,990,1077,1015,1033,1065,1053,1069,1074,1073,1098,1073,1122,1072,969,965,990,951,1015,950,1036,967,1014,968,989,968,1145,975,1171,962,1195,966,1215,984,1192,983,1167,980,990,1146,1023,1122,1053,1108,1071,1115,1090,1112,1120,1130,1153,1159,1117,1166,1086,1165,1065,1164,1045,1161,1018,1156,1003,1143,1051,1134,1069,1137,1089,1138,1139,1155,1087,1141,1068,1139,1049,1137
761,h,1,1,899,858,1270,1229,25.366666666666667,884,991,881,1043,881,1094,883,1144,893,1191,917,1229,956,1256,1002,1275,1057,1285,1116,1284,1170,1272,1216,1251,1249,1219,1269,1174,1281,1127,1290,1076,1299,1024,928,927,950,893,987,879,1028,879,1064,894,1122,900,1162,890,1203,894,1239,912,1258,948,1088,944,1085,968,1081,992,1078,1018,1032,1065,1053,1070,1075,1075,1098,1075,1121,1074,965,964,986,952,1009,951,1031,963,1009,965,986,966,1145,970,1170,961,1193,966,1213,981,1190,980,1167,976,990,1145,1022,1122,1052,1110,1070,1117,1089,1114,1118,1132,1152,1159,1115,1167,1085,1167,1064,1166,1044,1162,1018,1156,1004,1142,1049,1136,1069,1139,1088,1141,1138,1155,1087,1141,1067,1140,1047,1137
762,h,1,1,899,858,1270,1229,25.4,884,991,881,1043,881,1094,883,1144,893,1191,917,1229,956,1256,1002,1275,1057,1285,1116,1284,1170,1272,1216,1251,1249,1219,1269,1174,1281,1127,1290,1076,1299,1024,928,927,950,893,987,879,1028,879,1064,894,1122,900,1162,890,1203,894,1239,912,1258,948,1088,944,1085,968,1081,992,1078,1018,1032,1065,1053,1070,1075,1075,1098,1075,1121,1074,965,964,986,952,1009,951,1031,963,1009,965,986,966,1145,970,1170,961,1193,966,1213,981,1190,980,1167,976,990,1145,1022,1122,1052,1110,1070,1117,1089,1114,1118,1132,1152,1159,1115,1167,1085,1167,1064,1166,1044,1162,1018,1156,1004,1142,1049,1136,1069,1139,1088,1141,1138,1155,1087,1141,1067,1140,1047,1137
763,h,1,1,899,858,1270,1229,25.433333333333334,881,993,879,1045,879,1096,882,1146,892,1192,917,1230,955,1256,1001,1276,1056,1286,1114,1285,1167,1272,1214,1252,1248,1220,1268,1177,1278,1128,1287,1078,1295,1028,929,926,951,893,988,879,1029,882,1065,898,1123,904,1160,893,1200,896,1235,914,1253,949,1088,947,1085,970,1082,993,1079,1019,1034,1067,1055,1072,1076,1076,1099,1076,1120,1074,966,965,988,952,1011,952,1032,966,1010,968,987,968,1143,973,1167,963,1190,966,1210,983,1188,982,1165,978,991,1147,1024,1125,1054,1112,1071,1119,1089,1115,1117,1134,1148,1160,1114,1168,1085,1169,1066,1168,1046,1165,1020,1158,1005,1145,1051,1139,1069,1142,1087,1143,1135,1156,1087,1143,1069,1142,1050,1139
764,h,1,1,899,858,1270,1229,25.466666666666665,881,998,880,1048,879,1097,881,1146,893,1191,921,1225,959,1250,1002,1270,1052,1282,1107,1283,1157,1273,1205,1256,1242,1227,1263,1186,1276,1137,1287,1086,1296,1034,930,929,949,896,986,883,1026,886,1062,902,1119,907,1158,896,1200,899,1236,919,1255,956,1086,951,1082,973,1078,994,1074,1018,1029,1069,1050,1074,1071,1078,1095,1077,1117,1076,966,967,988,951,1013,951,1035,971,1011,972,986,972,1140,979,1165,963,1191,967,1212,987,1189,988,1162,984,991,1147,1023,1125,1053,1113,1069,1120,1086,1117,1117,1135,1150,1162,1114,1169,1083,1170,1065,1169,1046,1165,1019,1159,1005,1145,1051,1139,1068,1142,1085,1143,1135,1157,1084,1144,1067,1143,1049,1140
765,h,1,1,899,858,1270,1229,25.5,881,998,880,1048,879,1097,881,1146,893,1191,921,1225,959,1250,1002,1270,1052,1282,1107,1283,1157,1273,1205,1256,1242,1227,1263,1186,1276,1137,1287,1086,1296,1034,930,929,949,896,986,883,1026,886,1062,902,1119,907,1158,896,1200,899,1236,919,1255,956,1086,951,1082,973,1078,994,1074,1018,1029,1069,1050,1074,1071,1078,1095,1077,1117,1076,966,967,988,951,1013,951,1035,971,1011,972,986,972,1140,979,1165,963,1191,967,1212,987,1189,988,1162,984,991,1147,1023,1125,1053,1113,1069,1120,1086,1117,1117,1135,1150,1162,1114,1169,1083,1170,1065,1169,1046,1165,1019,1159,1005,1145,1051,1139,1068,1142,1085,1143,1135,1157,1084,1144,1067,1143,1049,1140
766,h,1,1,899,858,1270,1229,25.533333333333335,880,991,877,1043,876,1094,878,1145,889,1192,914,1230,952,1257,997,1277,1053,1289,1112,1288,1166,1277,1213,1257,1246,1224,1264,1179,1275,1130,1285,1079,1295,1026,925,925,947,893,985,881,1024,883,1061,898,1118,903,1158,893,1201,897,1238,916,1255,955,1083,948,1080,971,1076,993,1073,1019,1028,1067,1049,1072,1071,1077,1094,1076,1117,1074,962,966,984,953,1007,952,1029,967,1006,970,982,970,1140,975,1165,964,1190,968,1210,985,1187,986,1163,982,990,1149,1022,1126,1050,1113,1068,1119,1087,1117,1115,1135,1148,1164,1112,1170,1083,1169,1063,1168,1043,1165,1018,1159,1004,1147,1048,1139,1067,1142,1085,1143,1134,1159,1084,1144,1066,1143,1046,1140
767,h,1,1,831,831,1277,1277,25.566666666666666,877,985,875,1040,875,1094,877,1146,888,1194,911,1236,949,1265,997,1285,1056,1295,1117,1295,1170,1284,1216,1259,1248,1224,1268,1177,1280,1127,1290,1075,1298,1021,925,922,948,890,985,878,1025,881,1060,897,1119,902,1159,892,1200,896,1236,913,1255,947,1084,946,1081,970,1078,994,1074,1020,1028,1067,1050,1074,1072,1079,1096,1078,1119,1076,963,963,984,954,1006,952,1027,963,1007,965,985,966,1144,970,1168,963,1190,969,1209,982,1187,981,1165,977,989,1150,1023,1125,1050,1113,1068,1119,1088,1117,1116,1136,1149,1164,1113,1169,1084,1168,1062,1167,1042,1163,1018,1159,1002,1147,1048,1139,1066,1142,1087,1144,1135,1159,1085,1144,1064,1142,1046,1139
768,h,1,1,899,858,1270,1229,25.6,876,995,874,1048,874,1099,877,1150,888,1196,912,1234,951,1260,995,1278,1051,1288,1109,1289,1162,1278,1208,1257,1241,1225,1262,1181,1273,1133,1283,1081,1292,1029,923,931,943,895,981,881,1022,883,1059,899,1116,905,1155,895,1197,898,1235,918,1252,957,1081,946,1078,970,1074,993,1071,1018,1025,1066,1046,1071,1068,1076,1092,1075,1115,1074,960,964,982,950,1005,949,1027,965,1004,966,981,966,1138,973,1163,961,1187,965,1207,983,1184,983,1160,978,985,1148,1017,1124,1046,1112,1065,1119,1085,1116,1114,1134,1147,1163,1111,1170,1082,1169,1061,1168,1040,1164,1014,1159,999,1145,1044,1138,1064,1141,1084,1142,1134,1158,1083,1143,1064,1141,1043,1138
769,h,1,1,899,858,1270,1229,25.633333333333333,876,995,874,1048,874,1099,877,1150,888,1196,912,1234,951,1260,995,1278,1051,1288,1109,1289,1162,1278,1208,1257,1241,1225,1262,1181,1273,1133,1283,1081,1292,1029,923,931,943,895,981,881,1022,883,1059,899,1116,905,1155,895,1197,898,1235,918,1252,957,1081,946,1078,970,1074,993,1071,1018,1025,1066,1046,1071,1068,1076,1092,1075,1115,1074,960,964,982,950,1005,949,1027,965,1004,966,981,966,1138,973,1163,961,1187,965,1207,983,1184,983,1160,978,985,1148,1017,1124,1046,1112,1065,1119,1085,1116,1114,1134,1147,1163,1111,1170,1082,1169,1061,1168,1040,1164,1014,1159,999,1145,1044,1138,1064,1141,1084,1142,1134,1158,1083,1143,1064,1141,1043,1138
770,h,1,1,899,858,1270,1229,25.666666666666668,878,992,875,1043,874,1093,876,1145,886,1191,910,1229,949,1258,994,1280,1050,1291,1108,1291,1161,1278,1208,1257,1243,1226,1264,1182,1275,1133,1285,1082,1293,1030,929,925,949,893,986,880,1025,883,1059,899,1121,905,1159,893,1200,895,1236,914,1254,951,1084,945,1080,969,1077,993,1072,1019,1028,1064,1047,1069,1069,1075,1092,1075,1115,1074,963,962,985,949,1008,948,1028,962,1006,963,984,964,1141,970,1165,960,1189,964,1208,981,1185,980,1162,976,986,1147,1018,1123,1047,1111,1065,1118,1084,1116,1114,1134,1146,1162,1110,1170,1080,1169,1059,1167,1039,1163,1013,1157,1000,1144,1044,1137,1064,1140,1083,1141,1133,1157,1082,1143,1062,1141,1043,1138
771,h,1,1,831,831,1277,1277,25.7,880,997,876,1050,875,1102,876,1153,887,1199,911,1238,949,1266,995,1285,1050,1296,1107,1295,1161,1286,1208,1266,1242,1233,1264,1189,1276,1139,1286,1086,1295,1034,923,922,944,888,983,875,1023,878,1058,895,1117,900,1157,889,1198,892,1235,912,1252,949,1082,940,1079,965,1076,988,1073,1015,1024,1064,1046,1069,1068,1074,1093,1073,1116,1072,960,960,981,949,1003,948,1024,959,1004,961,982,962,1141,967,1166,960,1189,965,1207,981,1185,978,1163,973,982,1148,1015,1121,1044,1109,1064,1116,1086,1114,1115,1133,1148,1162,1112,1167,1081,1165,1058,1164,1036,1159,1011,1156,995,1144,1042,1134,1062,1138,1084,1139,1134,1157,1083,1141,1061,1139,1040,1136
772,h,1,1,831,831,1277,1277,25.733333333333334,879,992,876,1046,875,1098,877,1148,887,1194,909,1232,946,1261,992,1281,1049,1292,1108,1292,1163,1281,1210,1259,1242,1227,1264,1182,1277,1133,1287,1080,1296,1027,924,922,943,886,981,873,1021,876,1056,891,1118,897,1159,888,1201,891,1238,911,1254,949,1082,940,1078,964,1075,988,1071,1015,1023,1060,1045,1066,1068,1072,1092,1071,1116,1069,959,958,981,946,1004,945,1025,957,1004,960,981,961,1142,966,1167,957,1190,962,1209,979,1187,977,1164,972,986,1144,1019,1119,1046,1107,1064,1113,1084,1113,1114,1132,1148,1161,1110,1168,1079,1165,1058,1163,1038,1159,1013,1154,1000,1141,1044,1132,1062,1135,1082,1137,1134,1156,1081,1141,1060,1138,1042,1134
773,h,1,1,831,831,1277,1277,25.766666666666666,879,992,876,1046,875,1098,877,1148,887,1194,909,1232,946,1261,992,1281,1049,1292,1108,1292,1163,1281,1210,1259,1242,1227,1264,1182,1277,1133,1287,1080,1296,1027,924,922,943,886,981,873,1021,876,1056,891,1118,897,1159,888,1201,891,1238,911,1254,949,1082,940,1078,964,1075,988,1071,1015,1023,1060,1045,1066,1068,1072,1092,1071,1116,1069,959,958,981,946,1004,945,1025,957,1004,960,981,961,1142,966,1167,957,1190,962,1209,979,1187,977,1164,972,986,1144,1019,1119,1046,1107,1064,1113,1084,1113,1114,1132,1148,1161,1110,1168,1079,1165,1058,1163,1038,1159,1013,1154,1000,1141,1044,1132,1062,1135,1082,1137,1134,1156,1081,1141,1060,1138,1042,1134
774,h,1,1,831,831,1277,1277,25.8,880,990,876,1044,875,1097,877,1147,887,1195,910,1234,947,1262,994,1280,1051,1290,1109,1290,1162,1280,1209,1259,1241,1226,1263,1182,1278,1133,1290,1080,1298,1028,924,918,946,885,984,874,1024,877,1058,894,1118,899,1158,888,1200,890,1238,907,1257,944,1082,937,1079,962,1075,986,1071,1013,1024,1062,1045,1068,1067,1072,1092,1072,1115,1071,959,958,981,946,1004,945,1026,957,1004,959,981,960,1141,965,1168,956,1191,961,1209,977,1187,976,1164,971,983,1144,1016,1120,1044,1107,1063,1114,1083,1112,1112,1130,1146,1159,1109,1164,1079,1161,1058,1160,1037,1157,1011,1153,996,1140,1043,1132,1061,1134,1082,1135,1132,1153,1081,1138,1060,1137,1040,1134
775,h,1,1,831,831,1277,1277,25.833333333333332,880,990,877,1046,876,1100,879,1151,890,1198,914,1236,953,1264,1000,1282,1057,1291,1116,1289,1170,1278,1216,1256,1247,1223,1266,1179,1279,1131,1291,1079,1300,1027,920,912,943,881,981,870,1022,873,1056,889,1124,892,1165,884,1206,887,1243,904,1262,940,1084,937,1081,962,1077,986,1074,1013,1025,1060,1047,1066,1069,1072,1094,1071,1118,1070,958,956,980,946,1003,945,1025,956,1004,958,980,960,1144,964,1171,956,1194,962,1213,977,1191,976,1167,971,984,1142,1017,1119,1046,1107,1064,1114,1085,1112,1116,1131,1151,1159,1114,1166,1081,1163,1059,1162,1038,1157,1012,1152,997,1140,1044,1132,1063,1135,1084,1136,1138,1154,1083,1139,1061,1137,1042,1134
776,h,1,1,831,831,1277,1277,25.866666666666667,876,995,875,1051,877,1105,882,1158,894,1205,918,1244,955,1270,1002,1287,1057,1295,1115,1294,1168,1284,1214,1261,1245,1227,1266,1182,1279,1132,1290,1080,1300,1026,915,915,939,883,979,871,1021,874,1056,891,1119,896,1159,886,1201,887,1238,903,1258,938,1083,937,1080,962,1077,986,1074,1013,1026,1063,1048,1068,1070,1072,1095,1072,1118,1071,954,959,977,948,1002,946,1024,958,1002,960,977,962,1143,964,1169,956,1193,961,1212,977,1190,976,1166,971,986,1146,1019,1120,1048,1107,1066,1114,1086,1112,1116,1131,1152,1160,1114,1168,1083,1166,1061,1164,1041,1161,1015,1157,1000,1143,1046,1133,1065,1137,1086,1138,1137,1156,1084,1140,1063,1139,1044,1136
777,h,1,1,831,831,1277,1277,25.9,876,995,875,1051,877,1105,882,1158,894,1205,918,1244,955,1270,1002,1287,1057,1295,1115,1294,1168,1284,1214,1261,1245,1227,1266,1182,1279,1132,1290,1080,1300,1026,915,915,939,883,979,871,1021,874,1056,891,1119,896,1159,886,1201,887,1238,903,1258,938,1083,937,1080,962,1077,986,1074,1013,1026,1063,1048,1068,1070,1072,1095,1072,1118,1071,954,959,977,948,1002,946,1024,958,1002,960,977,962,1143,964,1169,956,1193,961,1212,977,1190,976,1166,971,986,1146,1019,1120,1048,1107,1066,1114,1086,1112,1116,1131,1152,1160,1114,1168,1083,1166,1061,1164,1041,1161,1015,1157,1000,1143,1046,1133,1065,1137,1086,1138,1137,1156,1084,1140,1063,1139,1044,1136
778,h,1,1,831,831,1277,1277,25.933333333333334,880,989,878,1044,879,1099,882,1151,894,1197,917,1236,954,1263,1000,1283,1056,1293,1113,1291,1166,1281,1211,1260,1243,1228,1266,1185,1278,1136,1289,1083,1298,1029,921,913,945,880,983,869,1023,872,1057,890,1124,894,1164,884,1205,888,1240,906,1256,943,1085,937,1082,962,1078,986,1074,1013,1026,1062,1048,1067,1070,1072,1095,1071,1118,1070,959,955,982,945,1006,944,1027,955,1006,958,981,959,1145,964,1171,956,1195,962,1213,978,1191,976,1168,971,985,1145,1019,1119,1048,1107,1066,1113,1086,1111,1115,1130,1147,1159,1111,1167,1081,1166,1060,1165,1040,1161,1014,1157,999,1142,1046,1132,1064,1136,1084,1137,1134,1154,1082,1140,1062,1138,1044,1136
779,h,1,1,899,858,1270,1229,25.966666666666665,883,987,880,1040,879,1090,881,1142,890,1189,912,1228,949,1256,994,1276,1049,1287,1107,1286,1160,1276,1209,1256,1244,1225,1267,1181,1280,1131,1292,1078,1301,1024,926,922,946,888,984,874,1026,875,1063,892,1120,897,1159,886,1202,889,1240,908,1258,946,1084,939,1081,963,1076,986,1072,1012,1027,1061,1048,1066,1070,1071,1094,1070,1117,1068,963,960,985,949,1008,947,1030,959,1007,961,984,961,1143,966,1169,958,1192,962,1212,977,1189,976,1165,972,985,1143,1017,1119,1046,1107,1065,1114,1084,1111,1114,1129,1148,1157,1111,1166,1080,1166,1060,1164,1038,1161,1012,1156,998,1140,1044,1132,1064,1135,1083,1136,1134,1152,1082,1139,1062,1138,1042,1135
780,h,1,1,899,858,1270,1229,26.0,883,987,880,1040,879,1090,881,1142,890,1189,912,1228,949,1256,994,1276,1049,1287,1107,1286,1160,1276,1209,1256,1244,1225,1267,1181,1280,1131,1292,1078,1301,1024,926,922,946,888,984,874,1026,875,1063,892,1120,897,1159,886,1202,889,1240,908,1258,946,1084,939,1081,963,1076,986,1072,1012,1027,1061,1048,1066,1070,1071,1094,1070,1117,1068,963,960,985,949,1008,947,1030,959,1007,961,984,961,1143,966,1169,958,1192,962,1212,977,1189,976,1165,972,985,1143,1017,1119,1046,1107,1065,1114,1084,1111,1114,1129,1148,1157,1111,1166,1080,1166,1060,1164,1038,1161,1012,1156,998,1140,1044,1132,1064,1135,1083,1136,1134,1152,1082,1139,1062,1138,1042,1135
781,h,1,1,899,858,1270,1229,26.033333333333335,882,988,880,1042,880,1093,881,1144,892,1191,916,1229,954,1256,1000,1274,1053,1285,1112,1285,1165,1274,1213,1254,1249,1223,1271,1178,1284,1128,1294,1075,1303,1021,930,921,950,886,987,872,1028,874,1063,890,1120,897,1158,886,1201,889,1237,909,1256,946,1086,941,1083,964,1080,986,1077,1012,1030,1061,1051,1066,1073,1071,1097,1071,1120,1070,967,961,989,952,1010,951,1032,960,1010,962,988,963,1143,968,1168,962,1190,967,1210,980,1186,978,1164,974,991,1142,1023,1119,1051,1107,1069,1114,1088,1111,1117,1129,1150,1158,1114,1165,1083,1164,1063,1162,1043,1159,1018,1154,1004,1139,1049,1132,1068,1135,1086,1136,1136,1153,1085,1140,1066,1138,1047,1135
782,h,1,1,899,858,1270,1229,26.066666666666666,881,989,879,1042,879,1093,881,1144,892,1192,917,1232,955,1259,1000,1277,1055,1287,1113,1286,1167,1274,1215,1254,1250,1221,1272,1176,1284,1127,1294,1074,1302,1021,927,918,948,884,985,869,1026,871,1061,887,1123,892,1161,882,1203,886,1239,905,1258,941,1086,939,1083,963,1080,986,1077,1013,1030,1061,1051,1066,1073,1071,1097,1071,1120,1070,965,959,987,951,1009,949,1031,958,1009,961,986,961,1144,966,1169,960,1192,965,1212,978,1188,976,1165,972,988,1141,1021,1118,1050,1107,1069,1113,1088,1111,1117,1129,1151,1158,1114,1167,1083,1166,1062,1164,1041,1160,1016,1154,1002,1138,1048,1131,1067,1134,1087,1136,1137,1153,1085,1141,1065,1138,1046,1135
783,h,1,1,899,858,1270,1229,26.1,882,987,880,1041,880,1092,882,1144,893,1192,917,1231,955,1258,1000,1277,1053,1287,1111,1286,1165,1275,1213,1255,1248,1223,1271,1179,1283,1130,1294,1077,1303,1024,927,918,948,885,986,872,1026,874,1062,890,1124,896,1162,886,1204,888,1241,907,1260,944,1087,938,1083,962,1080,986,1076,1011,1029,1060,1050,1065,1072,1070,1096,1069,1119,1069,965,959,986,948,1009,946,1031,957,1009,960,986,960,1146,965,1170,958,1193,964,1213,978,1190,976,1167,971,987,1143,1020,1119,1049,1107,1068,1113,1088,1111,1116,1128,1149,1157,1113,1165,1083,1163,1062,1162,1041,1158,1016,1154,1002,1140,1047,1131,1067,1134,1086,1135,1135,1153,1085,1139,1065,1137,1045,1134
784,h,1,1,899,858,1270,1229,26.133333333333333,882,987,880,1041,880,1092,882,1144,893,1192,917,1231,955,1258,1000,1277,1053,1287,1111,1286,1165,1275,1213,1255,1248,1223,1271,1179,1283,1130,1294,1077,1303,1024,927,918,948,885,986,872,1026,874,1062,890,1124,896,1162,886,1204,888,1241,907,1260,944,1087,938,1083,962,1080,986,1076,1011,1029,1060,1050,1065,1072,1070,1096,1069,1119,1069,965,959,986,948,1009,946,1031,957,1009,960,986,960,1146,965,1170,958,1193,964,1213,978,1190,976,1167,971,987,1143,1020,1119,1049,1107,1068,1113,1088,1111,1116,1128,1149,1157,1113,1165,1083,1163,1062,1162,1041,1158,1016,1154,1002,1140,1047,1131,1067,1134,1086,1135,1135,1153,1085,1139,1065,1137,1045,1134
785,h,1,1,899,858,1270,1229,26.166666666666668,883,984,881,1038,880,1090,881,1142,892,1190,916,1229,955,1256,1000,1275,1054,1286,1110,1283,1163,1272,1212,1252,1248,1221,1271,1178,1284,1128,1294,1076,1303,1023,928,920,949,885,987,871,1028,873,1064,889,1124,895,1162,884,1205,886,1243,906,1261,944,1087,938,1083,961,1079,983,1074,1009,1029,1059,1050,1063,1072,1068,1096,1068,1118,1067,966,958,987,946,1010,945,1032,957,1010,960,987,960,1145,964,1171,955,1194,960,1213,976,1190,974,1167,970,987,1142,1020,1117,1048,1105,1068,1112,1087,1110,1116,1128,1150,1156,1113,1164,1083,1162,1062,1161,1040,1158,1015,1153,1001,1138,1046,1129,1066,1132,1086,1133,1136,1152,1084,1138,1064,1136,1044,1134
786,h,1,1,899,858,1270,1229,26.2,883,990,881,1042,881,1092,883,1143,893,1191,916,1229,954,1256,998,1275,1052,1285,1110,1284,1164,1272,1212,1252,1248,1221,1272,1177,1284,1127,1294,1075,1302,1022,927,918,948,884,984,870,1025,871,1061,886,1124,891,1162,881,1204,885,1240,904,1259,941,1086,937,1083,961,1079,984,1075,1010,1030,1059,1051,1064,1072,1069,1095,1068,1118,1067,965,957,986,944,1009,942,1030,956,1008,958,985,958,1145,963,1169,953,1193,957,1212,974,1189,972,1166,968,988,1142,1020,1118,1049,1105,1067,1112,1086,1109,1116,1127,1149,1156,1112,1163,1082,1162,1062,1160,1041,1157,1016,1153,1002,1139,1046,1130,1066,1133,1085,1134,1135,1151,1084,1137,1064,1135,1045,1133
787,h,1,1,899,858,1270,1229,26.233333333333334,884,987,881,1040,880,1093,883,1144,894,1192,917,1230,956,1256,1001,1274,1055,1285,1113,1283,1166,1271,1214,1251,1249,1218,1272,1174,1285,1124,1294,1072,1302,1019,926,919,947,883,984,869,1025,870,1061,886,1125,892,1163,882,1206,884,1243,904,1261,943,1086,935,1083,960,1079,984,1075,1010,1030,1058,1050,1063,1072,1068,1096,1067,1119,1066,965,954,986,942,1008,940,1030,954,1008,955,985,956,1145,961,1170,951,1193,956,1212,973,1189,971,1166,966,988,1142,1020,1117,1049,1104,1067,1111,1087,1108,1116,1127,1149,1156,1112,1162,1082,1160,1062,1159,1041,1156,1016,1152,1001,1138,1047,1129,1066,1133,1085,1134,1135,1151,1084,1136,1064,1134,1045,1132
788,h,1,1,899,858,1270,1229,26.266666666666666,884,987,881,1040,880,1093,883,1144,894,1192,917,1230,956,1256,1001,1274,1055,1285,1113,1283,1166,1271,1214,1251,1249,1218,1272,1174,1285,1124,1294,1072,1302,1019,926,919,947,883,984,869,1025,870,1061,886,1125,892,1163,882,1206,884,1243,904,1261,943,1086,935,1083,960,1079,984,1075,1010,1030,1058,1050,1063,1072,1068,1096,1067,1119,1066,965,954,986,942,1008,940,1030,954,1008,955,985,956,1145,961,1170,951,1193,956,1212,973,1189,971,1166,966,988,1142,1020,1117,1049,1104,1067,1111,1087,1108,1116,1127,1149,1156,1112,1162,1082,1160,1062,1159,1041,1156,1016,1152,1001,1138,1047,1129,1066,1133,1085,1134,1135,1151,1084,1136,1064,1134,1045,1132
789,h,1,1,831,831,1277,1277,26.3,883,983,880,1039,879,1092,880,1144,891,1191,913,1230,949,1258,994,1279,1049,1291,1107,1289,1162,1280,1211,1261,1247,1229,1271,1185,1286,1135,1297,1081,1308,1026,922,910,945,876,984,866,1026,870,1061,888,1125,893,1165,881,1208,884,1246,903,1265,941,1086,934,1082,959,1078,982,1074,1009,1026,1056,1048,1063,1071,1068,1096,1068,1119,1067,960,953,982,942,1006,941,1028,953,1006,955,982,956,1147,962,1173,954,1197,960,1217,976,1194,974,1170,969,984,1142,1019,1116,1047,1104,1065,1111,1086,1109,1114,1128,1148,1157,1110,1163,1080,1162,1057,1160,1037,1157,1012,1152,998,1138,1045,1129,1064,1132,1085,1133,1133,1152,1082,1136,1060,1135,1041,1132
790,h,1,1,899,858,1270,1229,26.333333333333332,880,981,878,1035,877,1087,879,1139,889,1186,912,1226,950,1254,995,1275,1051,1286,1109,1285,1163,1273,1211,1253,1247,1221,1270,1176,1283,1125,1293,1072,1302,1018,922,919,942,883,980,869,1022,869,1059,885,1119,893,1159,881,1204,885,1242,905,1261,943,1081,935,1078,959,1075,982,1071,1008,1025,1057,1046,1061,1068,1066,1093,1066,1116,1065,961,952,981,940,1004,939,1026,953,1004,955,981,955,1142,961,1166,950,1190,955,1210,972,1186,970,1163,966,983,1140,1015,1115,1044,1102,1064,1109,1084,1106,1114,1125,1149,1155,1111,1162,1080,1161,1058,1160,1036,1156,1011,1151,997,1137,1042,1127,1063,1131,1083,1132,1135,1150,1082,1136,1061,1134,1040,1131
791,h,1,1,831,831,1277,1277,26.366666666666667,879,984,876,1039,876,1093,879,1146,890,1195,913,1234,951,1262,998,1280,1053,1291,1109,1290,1163,1281,1211,1263,1246,1231,1269,1186,1284,1136,1295,1082,1306,1027,918,909,942,875,981,864,1023,869,1059,887,1122,894,1162,881,1206,884,1245,902,1264,941,1085,934,1081,958,1077,982,1072,1008,1026,1056,1047,1062,1069,1068,1093,1067,1116,1066,957,954,979,943,1002,943,1024,954,1002,957,978,958,1145,963,1171,955,1195,961,1215,976,1192,975,1168,971,982,1143,1016,1115,1044,1102,1063,1109,1086,1107,1115,1126,1148,1159,1112,1163,1081,1161,1058,1160,1036,1156,1011,1153,995,1139,1042,1128,1062,1132,1085,1132,1134,1153,1083,1137,1061,1135,1040,1132
792,h,1,1,831,831,1277,1277,26.4,879,984,876,1039,876,1093,879,1146,890,1195,913,1234,951,1262,998,1280,1053,1291,1109,1290,1163,1281,1211,1263,1246,1231,1269,1186,1284,1136,1295,1082,1306,1027,918,909,942,875,981,864,1023,869,1059,887,1122,894,1162,881,1206,884,1245,902,1264,941,1085,934,1081,958,1077,982,1072,1008,1026,1056,1047,1062,1069,1068,1093,1067,1116,1066,957,954,979,943,1002,943,1024,954,1002,957,978,958,1145,963,1171,955,1195,961,1215,976,1192,975,1168,971,982,1143,1016,1115,1044,1102,1063,1109,1086,1107,1115,1126,1148,1159,1112,1163,1081,1161,1058,1160,1036,1156,1011,1153,995,1139,1042,1128,1062,1132,1085,1132,1134,1153,1083,1137,1061,1135,1040,1132
793,h,1,1,899,858,1270,1229,26.433333333333334,883,986,881,1039,880,1090,882,1142,892,1189,914,1228,952,1256,998,1276,1054,1287,1114,1285,1169,1275,1217,1255,1251,1223,1273,1178,1285,1128,1296,1075,1306,1021,924,917,944,882,982,869,1022,871,1058,887,1120,894,1161,882,1205,885,1245,905,1264,945,1084,935,1080,959,1076,982,1071,1008,1026,1056,1046,1062,1068,1067,1093,1067,1117,1066,963,954,983,941,1007,940,1028,955,1006,957,983,956,1144,964,1169,953,1193,958,1214,975,1190,974,1166,969,982,1140,1016,1114,1044,1102,1064,1109,1085,1107,1115,1126,1150,1157,1112,1164,1080,1163,1058,1161,1036,1157,1010,1152,996,1137,1042,1128,1063,1131,1084,1133,1136,1151,1082,1137,1061,1135,1040,1132
794,h,1,1,899,858,1270,1229,26.466666666666665,881,986,879,1040,879,1092,882,1144,892,1191,916,1229,953,1256,997,1276,1052,1286,1111,1284,1165,1272,1213,1252,1248,1219,1271,1175,1283,1125,1294,1073,1302,1020,923,914,943,880,980,867,1021,868,1057,884,1121,891,1160,880,1203,884,1240,901,1259,938,1083,934,1079,958,1075,981,1071,1007,1025,1056,1046,1061,1069,1066,1093,1065,1116,1064,961,954,982,941,1004,940,1026,953,1004,955,982,955,1143,960,1167,951,1190,956,1210,972,1187,970,1164,966,983,1140,1016,1115,1045,1103,1065,1109,1085,1107,1114,1125,1148,1156,1111,1162,1080,1161,1059,1160,1037,1156,1011,1151,997,1137,1042,1127,1063,1130,1083,1132,1134,1150,1082,1136,1061,1133,1040,1130
795,h,1,1,899,858,1270,1229,26.5,881,986,879,1040,879,1092,882,1144,892,1191,916,1229,953,1256,997,1276,1052,1286,1111,1284,1165,1272,1213,1252,1248,1219,1271,1175,1283,1125,1294,1073,1302,1020,923,914,943,880,980,867,1021,868,1057,884,1121,891,1160,880,1203,884,1240,901,1259,938,1083,934,1079,958,1075,981,1071,1007,1025,1056,1046,1061,1069,1066,1093,1065,1116,1064,961,954,982,941,1004,940,1026,953,1004,955,982,955,1143,960,1167,951,1190,956,1210,972,1187,970,1164,966,983,1140,1016,1115,1045,1103,1065,1109,1085,1107,1114,1125,1148,1156,1111,1162,1080,1161,1059,1160,1037,1156,1011,1151,997,1137,1042,1127,1063,1130,1083,1132,1134,1150,1082,1136,1061,1133,1040,1130
796,h,1,1,899,858,1270,1229,26.533333333333335,879,979,877,1033,878,1086,879,1138,889,1186,911,1225,949,1254,995,1275,1050,1286,1108,1285,1163,1273,1212,1253,1247,1220,1270,1175,1282,1125,1294,1072,1303,1018,922,914,943,880,981,867,1022,870,1059,886,1122,892,1161,881,1204,884,1241,902,1260,939,1082,934,1079,958,1075,981,1070,1007,1026,1057,1046,1062,1068,1066,1092,1066,1116,1065,961,952,982,940,1005,939,1027,953,1004,954,981,954,1142,960,1166,950,1190,954,1211,971,1187,970,1163,965,983,1141,1015,1115,1044,1103,1064,1110,1084,1107,1114,1125,1147,1155,1110,1163,1080,1163,1058,1162,1036,1158,1011,1153,997,1138,1042,1128,1063,1131,1083,1132,1133,1150,1081,1137,1061,1135,1040,1132
797,h,1,1,899,858,1270,1229,26.566666666666666,883,983,880,1034,878,1085,879,1137,888,1185,910,1224,947,1254,992,1275,1047,1286,1105,1285,1160,1273,1209,1252,1246,1220,1270,1177,1283,1128,1294,1076,1303,1023,928,915,948,882,985,868,1025,870,1061,886,1122,893,1161,883,1203,887,1239,906,1257,943,1083,936,1079,961,1075,984,1070,1010,1026,1057,1046,1063,1068,1068,1092,1067,1116,1066,965,953,985,940,1008,939,1029,954,1007,955,985,955,1143,962,1167,951,1190,955,1210,973,1186,971,1163,967,984,1142,1016,1117,1045,1104,1064,1111,1084,1108,1113,1126,1146,1156,1109,1163,1079,1162,1058,1161,1036,1157,1011,1153,998,1138,1042,1129,1063,1132,1083,1133,1132,1151,1081,1138,1061,1136,1040,1134
798,h,1,1,899,858,1270,1229,26.6,884,982,880,1033,879,1083,879,1132,888,1180,909,1219,945,1248,990,1268,1045,1280,1104,1279,1160,1269,1209,1249,1246,1219,1270,1176,1284,1126,1295,1075,1304,1022,928,918,949,884,986,869,1026,871,1063,887,1121,894,1161,883,1204,887,1241,907,1260,945,1084,935,1080,959,1075,982,1070,1008,1026,1058,1047,1063,1068,1067,1092,1067,1116,1066,965,952,986,940,1008,939,1029,953,1007,954,985,954,1144,962,1168,951,1191,956,1211,973,1188,971,1165,967,985,1140,1017,1116,1046,1104,1065,1111,1084,1108,1113,1126,1145,1156,1108,1161,1078,1161,1057,1159,1037,1156,1012,1151,998,1137,1043,1129,1063,1133,1082,1134,1131,1151,1080,1136,1061,1134,1041,1132
799,h,1,1,899,858,1270,1229,26.633333333333333,884,982,880,1033,879,1083,879,1132,888,1180,909,1219,945,1248,990,1268,1045,1280,1104,1279,1160,1269,1209,1249,1246,1219,1270,1176,1284,1126,1295,1075,1304,1022,928,918,949,884,986,869,1026,871,1063,887,1121,894,1161,883,1204,887,1241,907,1260,945,1084,935,1080,959,1075,982,1070,1008,1026,1058,1047,1063,1068,1067,1092,1067,1116,1066,965,952,986,940,1008,939,1029,953,1007,954,985,954,1144,962,1168,951,1191,956,1211,973,1188,971,1165,967,985,1140,1017,1116,1046,1104,1065,1111,1084,1108,1113,1126,1145,1156,1108,1161,1078,1161,1057,1159,1037,1156,1012,1151,998,1137,1043,1129,1063,1133,1082,1134,1131,1151,1080,1136,1061,1134,1041,1132
800,h,1,1,831,831,1277,1277,26.666666666666668,883,986,879,1041,877,1094,879,1147,889,1195,912,1235,948,1265,995,1285,1049,1296,1107,1295,1162,1287,1210,1268,1245,1235,1269,1191,1284,1141,1297,1087,1307,1031,923,907,946,876,984,864,1023,867,1058,884,1125,890,1165,880,1207,884,1244,903,1262,941,1085,933,1081,958,1076,982,1072,1008,1024,1057,1046,1063,1067,1068,1092,1068,1116,1068,961,952,982,941,1005,940,1025,951,1004,953,982,953,1146,961,1173,954,1195,960,1215,976,1192,973,1169,968,983,1142,1016,1115,1045,1103,1063,1110,1085,1109,1115,1129,1150,1160,1111,1167,1079,1164,1056,1162,1036,1158,1011,1153,996,1138,1043,1128,1062,1132,1083,1134,1136,1155,1081,1138,1060,1135,1040,1132
801,h,1,1,899,858,1270,1229,26.7,880,979,878,1031,878,1082,878,1134,888,1182,910,1222,946,1251,991,1272,1048,1284,1107,1283,1162,1273,1211,1253,1247,1220,1269,1176,1282,1126,1294,1073,1304,1020,921,916,942,881,980,867,1021,867,1058,883,1120,890,1162,881,1206,885,1244,906,1262,946,1081,934,1077,959,1073,982,1068,1009,1023,1057,1044,1061,1066,1066,1091,1066,1115,1066,960,952,981,940,1004,938,1026,953,1003,955,980,955,1142,961,1166,951,1190,956,1211,973,1187,972,1163,967,984,1141,1016,1117,1044,1104,1063,1111,1082,1108,1111,1127,1145,1157,1108,1164,1078,1162,1057,1160,1036,1156,1012,1152,998,1138,1042,1129,1062,1133,1081,1134,1131,1152,1080,1136,1060,1134,1040,1131
802,h,1,1,899,858,1270,1229,26.733333333333334,881,981,878,1033,877,1084,878,1135,887,1183,909,1222,945,1250,989,1270,1045,1282,1103,1281,1158,1271,1208,1253,1245,1222,1268,1179,1282,1130,1293,1078,1303,1025,925,917,945,883,983,868,1023,869,1059,884,1121,892,1160,882,1203,886,1240,905,1257,944,1081,934,1077,959,1072,983,1067,1010,1023,1057,1043,1062,1066,1067,1090,1066,1114,1065,962,953,982,940,1004,939,1026,953,1004,954,981,955,1142,961,1166,950,1189,955,1210,972,1186,971,1162,967,984,1141,1015,1116,1043,1104,1062,1110,1081,1108,1110,1126,1143,1156,1106,1162,1076,1161,1056,1161,1034,1157,1010,1152,998,1138,1041,1130,1061,1133,1080,1135,1129,1151,1078,1135,1059,1134,1039,1131
803,h,1,1,899,858,1270,1229,26.766666666666666,881,981,878,1033,877,1084,878,1135,887,1183,909,1222,945,1250,989,1270,1045,1282,1103,1281,1158,1271,1208,1253,1245,1222,1268,1179,1282,1130,1293,1078,1303,1025,925,917,945,883,983,868,1023,869,1059,884,1121,892,1160,882,1203,886,1240,905,1257,944,1081,934,1077,959,1072,983,1067,1010,1023,1057,1043,1062,1066,1067,1090,1066,1114,1065,962,953,982,940,1004,939,1026,953,1004,954,981,955,1142,961,1166,950,1189,955,1210,972,1186,971,1162,967,984,1141,1015,1116,1043,1104,1062,1110,1081,1108,1110,1126,1143,1156,1106,1162,1076,1161,1056,1161,1034,1157,1010,1152,998,1138,1041,1130,1061,1133,1080,1135,1129,1151,1078,1135,1059,1134,1039,1131
804,h,1,1,831,831,1277,1277,26.8,885,989,881,1043,878,1097,880,1147,890,1195,912,1235,948,1264,993,1284,1047,1295,1104,1293,1158,1283,1208,1263,1244,1232,1269,1188,1285,1138,1297,1085,1307,1031,926,913,948,879,985,867,1025,872,1059,889,1122,893,1162,883,1205,886,1242,906,1259,945,1083,933,1079,958,1074,982,1069,1009,1022,1056,1044,1062,1066,1068,1092,1068,1116,1066,961,954,982,941,1004,940,1026,952,1004,954,982,955,1144,961,1170,953,1193,959,1213,976,1189,973,1166,968,982,1144,1015,1117,1043,1105,1061,1112,1083,1110,1112,1129,1146,1159,1108,1165,1078,1163,1055,1162,1035,1159,1010,1154,995,1140,1041,1130,1060,1134,1081,1135,1132,1154,1079,1138,1058,1136,1039,1133
805,h,1,1,831,831,1277,1277,26.833333333333332,883,982,879,1037,877,1090,878,1142,886,1190,908,1230,943,1260,989,1282,1043,1293,1102,1292,1159,1282,1209,1263,1245,1230,1269,1186,1284,1135,1296,1080,1308,1024,926,910,946,877,982,866,1022,869,1056,885,1123,891,1162,881,1204,884,1240,903,1259,941,1082,933,1078,958,1073,981,1067,1007,1022,1056,1043,1062,1064,1068,1089,1067,1112,1066,959,955,980,943,1002,942,1023,954,1002,956,980,957,1144,963,1169,955,1193,961,1212,977,1189,975,1166,970,981,1144,1013,1117,1041,1105,1060,1111,1082,1110,1111,1129,1145,1160,1107,1165,1076,1163,1053,1162,1032,1158,1007,1154,995,1140,1038,1131,1058,1135,1080,1136,1130,1154,1078,1138,1056,1136,1036,1133
806,h,1,1,899,858,1270,1229,26.866666666666667,883,979,880,1031,877,1082,878,1133,886,1182,907,1224,942,1255,987,1277,1042,1289,1102,1289,1159,1279,1209,1259,1245,1227,1269,1184,1284,1134,1296,1081,1306,1028,924,917,944,882,981,867,1023,870,1059,887,1118,895,1158,884,1203,888,1243,910,1262,951,1081,938,1076,961,1071,983,1065,1007,1021,1057,1041,1062,1062,1068,1087,1067,1111,1066,960,954,981,941,1005,940,1027,957,1003,958,979,958,1141,967,1167,955,1193,960,1215,980,1189,979,1163,974,981,1141,1012,1116,1039,1104,1059,1110,1079,1108,1109,1127,1144,1157,1104,1166,1073,1164,1051,1162,1029,1158,1006,1153,995,1138,1037,1129,1057,1133,1077,1134,1129,1152,1075,1139,1055,1137,1034,1133
807,h,1,1,899,858,1270,1229,26.9,883,979,880,1031,877,1082,878,1133,886,1182,907,1224,942,1255,987,1277,1042,1289,1102,1289,1159,1279,1209,1259,1245,1227,1269,1184,1284,1134,1296,1081,1306,1028,924,917,944,882,981,867,1023,870,1059,887,1118,895,1158,884,1203,888,1243,910,1262,951,1081,938,1076,961,1071,983,1065,1007,1021,1057,1041,1062,1062,1068,1087,1067,1111,1066,960,954,981,941,1005,940,1027,957,1003,958,979,958,1141,967,1167,955,1193,960,1215,980,1189,979,1163,974,981,1141,1012,1116,1039,1104,1059,1110,1079,1108,1109,1127,1144,1157,1104,1166,1073,1164,1051,1162,1029,1158,1006,1153,995,1138,1037,1129,1057,1133,1077,1134,1129,1152,1075,1139,1055,1137,1034,1133
808,h,1,1,831,831,1277,1277,26.933333333333334,881,976,877,1032,877,1088,878,1142,889,1191,911,1230,948,1258,995,1279,1050,1290,1108,1289,1163,1280,1211,1261,1246,1227,1269,1183,1284,1132,1297,1077,1309,1021,909,905,933,869,976,859,1019,865,1056,885,1119,891,1162,880,1207,883,1247,902,1266,942,1083,932,1079,957,1074,981,1070,1008,1022,1056,1044,1062,1066,1067,1091,1067,1114,1066,949,947,973,940,997,940,1020,951,997,953,972,953,1144,961,1170,955,1195,961,1216,975,1192,974,1167,969,982,1141,1015,1115,1042,1103,1060,1111,1082,1110,1111,1130,1145,1159,1107,1165,1076,1162,1053,1160,1033,1155,1009,1152,996,1138,1039,1128,1059,1132,1080,1134,1130,1153,1078,1137,1056,1135,1037,1131
809,h,1,1,899,858,1270,1229,26.966666666666665,885,988,881,1039,879,1089,880,1139,889,1185,910,1224,947,1252,989,1272,1042,1283,1099,1283,1153,1274,1202,1257,1240,1229,1266,1187,1281,1138,1294,1086,1305,1033,928,914,948,882,985,868,1024,871,1059,888,1124,894,1162,884,1204,887,1241,907,1260,944,1084,938,1079,961,1074,983,1068,1008,1025,1056,1044,1062,1065,1067,1089,1067,1111,1066,963,955,984,940,1009,940,1031,958,1007,959,983,959,1140,968,1166,953,1192,958,1213,977,1188,977,1163,974,981,1140,1013,1114,1042,1101,1061,1108,1081,1106,1111,1125,1145,1157,1107,1164,1076,1163,1054,1161,1033,1157,1008,1152,995,1137,1039,1128,1060,1132,1080,1133,1131,1152,1078,1137,1058,1134,1037,1132
810,h,1,1,899,858,1270,1229,27.0,886,986,881,1037,879,1087,880,1138,889,1185,910,1224,946,1253,989,1272,1042,1284,1099,1283,1154,1274,1204,1256,1241,1227,1267,1186,1284,1137,1296,1084,1306,1032,929,914,949,881,985,868,1025,870,1059,887,1121,893,1160,883,1203,886,1240,906,1258,945,1084,938,1079,961,1073,983,1067,1008,1023,1057,1043,1062,1065,1067,1089,1067,1113,1066,963,955,984,939,1009,939,1030,957,1007,958,982,958,1140,967,1166,952,1191,957,1212,976,1188,976,1162,972,981,1140,1013,1115,1042,1101,1060,1108,1079,1106,1109,1125,1142,1155,1105,1163,1074,1162,1054,1161,1033,1157,1007,1152,995,1137,1040,1128,1059,1131,1078,1133,1128,1150,1076,1135,1057,1133,1038,1131
811,h,1,1,899,858,1270,1229,27.033333333333335,886,986,881,1037,879,1087,880,1138,889,1185,910,1224,946,1253,989,1272,1042,1284,1099,1283,1154,1274,1204,1256,1241,1227,1267,1186,1284,1137,1296,1084,1306,1032,929,914,949,881,985,868,1025,870,1059,887,1121,893,1160,883,1203,886,1240,906,1258,945,1084,938,1079,961,1073,983,1067,1008,1023,1057,1043,1062,1065,1067,1089,1067,1113,1066,963,955,984,939,1009,939,1030,957,1007,958,982,958,1140,967,1166,952,1191,957,1212,976,1188,976,1162,972,981,1140,1013,1115,1042,1101,1060,1108,1079,1106,1109,1125,1142,1155,1105,1163,1074,1162,1054,1161,1033,1157,1007,1152,995,1137,1040,1128,1059,1131,1078,1133,1128,1150,1076,1135,1057,1133,1038,1131
812,h,1,1,899,858,1270,1229,27.066666666666666,886,987,883,1040,881,1091,882,1143,893,1190,915,1229,953,1256,996,1274,1049,1285,1106,1286,1161,1278,1211,1260,1248,1229,1272,1186,1287,1136,1299,1083,1309,1030,928,916,949,882,986,868,1027,872,1062,888,1123,896,1162,885,1206,889,1244,909,1263,948,1086,937,1082,960,1077,982,1072,1007,1027,1055,1047,1061,1068,1066,1092,1066,1116,1066,966,952,987,939,1011,939,1033,955,1009,955,986,954,1145,965,1171,953,1195,958,1217,977,1192,975,1167,971,985,1139,1016,1114,1045,1103,1063,1110,1083,1108,1113,1127,1149,1156,1110,1164,1079,1163,1057,1162,1037,1157,1011,1152,999,1136,1043,1128,1062,1132,1082,1133,1134,1151,1080,1137,1060,1135,1041,1132
813,h,1,1,831,831,1277,1277,27.1,885,982,882,1038,881,1092,883,1146,894,1195,918,1235,955,1263,1000,1283,1054,1294,1113,1293,1167,1282,1215,1262,1251,1230,1275,1185,1289,1134,1300,1080,1310,1025,924,910,945,876,983,864,1023,867,1058,884,1123,888,1163,879,1206,884,1242,905,1260,943,1086,937,1082,960,1077,983,1073,1008,1024,1057,1047,1063,1068,1068,1093,1067,1117,1067,960,954,983,945,1006,946,1028,956,1006,958,982,958,1144,965,1169,958,1194,965,1215,979,1190,977,1167,973,984,1141,1017,1114,1045,1102,1063,1108,1084,1107,1114,1127,1148,1157,1110,1165,1079,1163,1057,1162,1037,1158,1011,1154,998,1138,1043,1128,1061,1131,1082,1133,1133,1152,1081,1137,1060,1135,1041,1132
814,h,1,1,831,831,1277,1277,27.133333333333333,885,982,882,1038,881,1092,883,1146,894,1195,918,1235,955,1263,1000,1283,1054,1294,1113,1293,1167,1282,1215,1262,1251,1230,1275,1185,1289,1134,1300,1080,1310,1025,924,910,945,876,983,864,1023,867,1058,884,1123,888,1163,879,1206,884,1242,905,1260,943,1086,937,1082,960,1077,983,1073,1008,1024,1057,1047,1063,1068,1068,1093,1067,1117,1067,960,954,983,945,1006,946,1028,956,1006,958,982,958,1144,965,1169,958,1194,965,1215,979,1190,977,1167,973,984,1141,1017,1114,1045,1102,1063,1108,1084,1107,1114,1127,1148,1157,1110,1165,1079,1163,1057,1162,1037,1158,1011,1154,998,1138,1043,1128,1061,1131,1082,1133,1133,1152,1081,1137,1060,1135,1041,1132
815,h,1,1,899,858,1270,1229,27.166666666666668,889,982,885,1035,882,1085,883,1136,893,1184,915,1224,951,1253,996,1272,1050,1284,1109,1285,1163,1276,1213,1256,1249,1224,1273,1181,1287,1131,1299,1078,1309,1024,935,912,955,880,990,867,1030,870,1063,888,1122,896,1160,884,1202,888,1239,906,1259,943,1086,937,1081,960,1077,983,1071,1009,1027,1057,1048,1062,1069,1067,1093,1067,1116,1066,968,955,989,945,1012,944,1034,956,1010,957,988,957,1145,966,1171,958,1195,963,1217,978,1191,977,1167,972,985,1138,1017,1113,1046,1102,1064,1108,1083,1107,1114,1126,1150,1156,1110,1165,1078,1163,1058,1161,1037,1156,1012,1151,999,1135,1043,1127,1062,1130,1082,1132,1135,1151,1080,1137,1061,1134,1041,1131
816,h,1,1,881,831,1327,1277,27.2,887,992,885,1046,882,1098,884,1150,896,1198,918,1236,953,1265,997,1284,1051,1295,1112,1296,1168,1287,1217,1266,1254,1233,1278,1188,1291,1135,1302,1079,1312,1022,929,913,949,878,987,866,1027,870,1061,888,1123,894,1161,882,1204,884,1242,902,1260,941,1088,936,1083,959,1079,982,1074,1007,1027,1057,1049,1063,1071,1068,1096,1067,1121,1067,966,956,987,944,1010,944,1033,957,1009,958,986,958,1146,966,1172,957,1196,962,1218,977,1193,976,1168,972,984,1141,1016,1114,1045,1101,1065,1108,1085,1106,1116,1126,1153,1157,1113,1166,1081,1164,1059,1162,1037,1158,1010,1153,997,1139,1043,1128,1064,1131,1084,1133,1137,1153,1082,1138,1061,1135,1040,1133
817,h,1,1,881,831,1327,1277,27.233333333333334,882,977,878,1031,875,1085,876,1138,888,1186,912,1226,949,1256,995,1277,1051,1290,1112,1290,1168,1278,1218,1257,1254,1225,1277,1180,1291,1128,1302,1073,1312,1017,925,905,947,873,985,862,1026,864,1061,882,1127,887,1166,877,1208,881,1245,897,1264,935,1088,934,1085,958,1080,981,1075,1007,1028,1057,1049,1062,1072,1067,1096,1067,1120,1065,964,953,985,944,1008,943,1029,953,1006,956,984,955,1150,962,1174,956,1197,960,1217,975,1193,973,1170,969,985,1139,1017,1114,1045,1101,1066,1108,1085,1106,1114,1125,1150,1156,1111,1163,1080,1160,1059,1159,1037,1155,1011,1151,999,1136,1043,1127,1064,1131,1084,1132,1135,1151,1082,1136,1062,1133,1041,1130
818,h,1,1,881,831,1327,1277,27.266666666666666,882,977,878,1031,875,1085,876,1138,888,1186,912,1226,949,1256,995,1277,1051,1290,1112,1290,1168,1278,1218,1257,1254,1225,1277,1180,1291,1128,1302,1073,1312,1017,925,905,947,873,985,862,1026,864,1061,882,1127,887,1166,877,1208,881,1245,897,1264,935,1088,934,1085,958,1080,981,1075,1007,1028,1057,1049,1062,1072,1067,1096,1067,1120,1065,964,953,985,944,1008,943,1029,953,1006,956,984,955,1150,962,1174,956,1197,960,1217,975,1193,973,1170,969,985,1139,1017,1114,1045,1101,1066,1108,1085,1106,1114,1125,1150,1156,1111,1163,1080,1160,1059,1159,1037,1155,1011,1151,999,1136,1043,1127,1064,1131,1084,1132,1135,1151,1082,1136,1062,1133,1041,1130
819,h,1,1,899,858,1270,1229,27.3,889,983,886,1037,884,1089,886,1141,897,1188,920,1227,956,1254,1000,1272,1053,1282,1111,1281,1164,1270,1213,1252,1250,1222,1275,1180,1287,1130,1298,1078,1309,1024,929,913,950,880,987,867,1027,869,1062,886,1126,893,1165,883,1208,886,1245,905,1265,942,1087,936,1083,960,1079,983,1074,1009,1029,1056,1049,1062,1071,1067,1094,1066,1117,1065,965,954,986,941,1010,941,1032,956,1009,957,985,957,1146,964,1171,953,1196,958,1217,975,1193,974,1168,970,986,1139,1017,1114,1046,1101,1065,1108,1084,1106,1115,1125,1151,1156,1111,1163,1080,1162,1059,1160,1038,1156,1013,1151,1000,1136,1043,1127,1064,1130,1083,1132,1136,1151,1082,1137,1062,1134,1042,1131
820,h,1,1,899,858,1270,1229,27.333333333333332,890,982,886,1035,885,1087,886,1137,896,1185,917,1225,954,1254,998,1275,1054,1286,1113,1285,1167,1274,1216,1254,1252,1222,1275,1178,1287,1128,1299,1075,1309,1022,929,911,950,878,988,864,1029,866,1064,883,1129,891,1169,880,1212,884,1249,903,1268,940,1089,933,1084,958,1080,983,1075,1009,1030,1056,1051,1061,1072,1067,1096,1066,1120,1064,966,951,988,939,1011,938,1033,952,1010,953,987,953,1150,961,1175,951,1199,956,1220,973,1196,971,1172,967,987,1139,1018,1114,1048,1101,1066,1108,1086,1106,1117,1125,1152,1155,1114,1162,1082,1161,1061,1159,1039,1155,1014,1150,1000,1136,1045,1127,1065,1130,1085,1132,1138,1150,1084,1136,1064,1133,1044,1130
821,h,1,1,899,858,1270,1229,27.366666666666667,891,990,886,1042,885,1093,887,1143,898,1190,920,1229,956,1257,1000,1276,1054,1287,1112,1285,1166,1276,1215,1258,1251,1226,1274,1183,1287,1135,1299,1083,1310,1030,929,915,949,880,987,865,1028,866,1064,883,1125,889,1165,879,1208,884,1246,904,1264,943,1087,934,1083,958,1079,982,1075,1008,1028,1056,1049,1061,1071,1066,1096,1066,1119,1065,966,952,987,939,1010,938,1032,952,1010,953,986,953,1147,961,1173,951,1197,956,1217,974,1193,971,1170,967,985,1138,1018,1113,1047,1100,1066,1107,1086,1105,1117,1124,1152,1154,1114,1162,1082,1161,1060,1160,1039,1156,1013,1151,998,1135,1045,1125,1065,1129,1085,1131,1139,1149,1084,1136,1063,1134,1043,1131
822,h,1,1,899,858,1270,1229,27.4,891,990,886,1042,885,1093,887,1143,898,1190,920,1229,956,1257,1000,1276,1054,1287,1112,1285,1166,1276,1215,1258,1251,1226,1274,1183,1287,1135,1299,1083,1310,1030,929,915,949,880,987,865,1028,866,1064,883,1125,889,1165,879,1208,884,1246,904,1264,943,1087,934,1083,958,1079,982,1075,1008,1028,1056,1049,1061,1071,1066,1096,1066,1119,1065,966,952,987,939,1010,938,1032,952,1010,953,986,953,1147,961,1173,951,1197,956,1217,974,1193,971,1170,967,985,1138,1018,1113,1047,1100,1066,1107,1086,1105,1117,1124,1152,1154,1114,1162,1082,1161,1060,1160,1039,1156,1013,1151,998,1135,1045,1125,1065,1129,1085,1131,1139,1149,1084,1136,1063,1134,1043,1131
823,h,1,1,881,831,1327,1277,27.433333333333334,891,988,887,1040,886,1090,887,1141,896,1188,918,1227,954,1256,998,1278,1053,1292,1113,1293,1170,1284,1220,1265,1256,1233,1280,1188,1294,1137,1306,1081,1316,1026,936,914,955,879,990,863,1029,865,1064,881,1128,889,1167,878,1212,884,1249,905,1269,945,1090,932,1085,956,1080,981,1074,1007,1029,1054,1051,1060,1073,1066,1098,1066,1122,1065,970,951,990,938,1013,937,1034,951,1012,952,990,952,1153,961,1177,952,1202,956,1223,974,1198,971,1174,967,989,1139,1019,1113,1046,1100,1066,1107,1087,1105,1118,1126,1155,1158,1115,1164,1083,1161,1061,1159,1038,1155,1014,1150,1003,1136,1044,1126,1065,1130,1086,1131,1140,1153,1084,1136,1063,1134,1042,1130
824,h,1,1,881,831,1327,1277,27.466666666666665,892,990,888,1045,885,1096,886,1147,896,1194,918,1232,954,1259,999,1279,1053,1291,1113,1292,1169,1283,1218,1265,1253,1234,1276,1190,1291,1140,1303,1084,1314,1029,936,917,955,881,991,867,1030,870,1065,887,1129,893,1168,883,1211,886,1250,907,1267,948,1090,934,1085,958,1080,980,1074,1006,1029,1055,1050,1060,1072,1066,1097,1065,1122,1064,970,955,990,940,1013,939,1035,954,1012,956,989,956,1151,963,1175,952,1199,956,1220,975,1196,973,1172,969,988,1141,1018,1114,1047,1100,1067,1107,1086,1105,1116,1125,1153,1157,1114,1163,1082,1159,1062,1157,1040,1154,1015,1150,1001,1137,1045,1126,1065,1130,1085,1132,1139,1152,1084,1136,1064,1133,1044,1130
825,h,1,1,881,831,1327,1277,27.5,892,991,887,1043,884,1094,884,1146,894,1193,917,1232,953,1261,999,1281,1054,1293,1113,1293,1170,1284,1218,1264,1254,1232,1278,1187,1291,1136,1303,1080,1312,1024,936,913,954,879,990,864,1030,866,1064,883,1131,890,1170,880,1213,885,1250,906,1267,948,1091,932,1086,958,1080,982,1075,1008,1029,1054,1050,1060,1072,1066,1097,1066,1122,1065,972,951,992,939,1013,938,1034,951,1012,951,991,951,1152,961,1176,952,1198,957,1218,974,1195,970,1172,965,988,1140,1018,1113,1047,1100,1067,1106,1088,1105,1119,1125,1156,1156,1116,1163,1084,1161,1062,1159,1040,1155,1014,1150,1001,1136,1046,1125,1066,1129,1087,1130,1141,1151,1085,1137,1064,1135,1043,1133
826,h,1,1,881,831,1327,1277,27.533333333333335,892,991,887,1043,884,1094,884,1146,894,1193,917,1232,953,1261,999,1281,1054,1293,1113,1293,1170,1284,1218,1264,1254,1232,1278,1187,1291,1136,1303,1080,1312,1024,936,913,954,879,990,864,1030,866,1064,883,1131,890,1170,880,1213,885,1250,906,1267,948,1091,932,1086,958,1080,982,1075,1008,1029,1054,1050,1060,1072,1066,1097,1066,1122,1065,972,951,992,939,1013,938,1034,951,1012,951,991,951,1152,961,1176,952,1198,957,1218,974,1195,970,1172,965,988,1140,1018,1113,1047,1100,1067,1106,1088,1105,1119,1125,1156,1156,1116,1163,1084,1161,1062,1159,1040,1155,1014,1150,1001,1136,1046,1125,1066,1129,1087,1130,1141,1151,1085,1137,1064,1135,1043,1133
827,h,1,1,881,831,1327,1277,27.566666666666666,891,992,887,1043,885,1093,886,1143,895,1188,918,1227,953,1255,996,1276,1047,1289,1105,1291,1160,1282,1209,1265,1246,1234,1272,1191,1288,1141,1300,1086,1310,1031,939,914,956,880,991,865,1030,868,1064,884,1130,891,1167,880,1209,885,1246,905,1263,944,1089,934,1085,958,1079,981,1073,1006,1027,1055,1048,1061,1070,1066,1095,1066,1120,1065,972,953,991,939,1014,939,1035,954,1012,954,990,954,1149,963,1173,951,1197,956,1218,974,1193,972,1169,967,984,1138,1016,1113,1044,1100,1064,1105,1084,1104,1115,1124,1153,1156,1112,1164,1079,1161,1058,1159,1037,1155,1011,1150,997,1135,1042,1123,1063,1126,1083,1128,1138,1150,1081,1138,1061,1135,1040,1133
828,h,1,1,881,831,1327,1277,27.6,891,988,887,1042,886,1092,887,1143,897,1189,918,1227,953,1256,997,1277,1051,1289,1109,1289,1164,1281,1215,1263,1250,1232,1274,1189,1289,1139,1301,1084,1313,1028,934,912,953,877,990,863,1030,866,1065,882,1129,891,1168,880,1212,884,1250,903,1268,944,1089,932,1085,956,1079,980,1074,1007,1029,1055,1050,1061,1072,1066,1096,1066,1121,1064,970,951,989,938,1011,937,1032,951,1010,952,988,952,1151,960,1175,951,1198,955,1218,972,1195,970,1171,966,988,1139,1018,1113,1046,1100,1066,1106,1085,1104,1116,1124,1151,1157,1113,1162,1081,1159,1060,1157,1038,1154,1014,1150,1001,1135,1044,1125,1064,1129,1085,1131,1136,1151,1083,1135,1063,1133,1042,1130
829,h,1,1,881,831,1327,1277,27.633333333333333,891,988,887,1042,886,1092,887,1143,897,1189,918,1227,953,1256,997,1277,1051,1289,1109,1289,1164,1281,1215,1263,1250,1232,1274,1189,1289,1139,1301,1084,1313,1028,934,912,953,877,990,863,1030,866,1065,882,1129,891,1168,880,1212,884,1250,903,1268,944,1089,932,1085,956,1079,980,1074,1007,1029,1055,1050,1061,1072,1066,1096,1066,1121,1064,970,951,989,938,1011,937,1032,951,1010,952,988,952,1151,960,1175,951,1198,955,1218,972,1195,970,1171,966,988,1139,1018,1113,1046,1100,1066,1106,1085,1104,1116,1124,1151,1157,1113,1162,1081,1159,1060,1157,1038,1154,1014,1150,1001,1135,1044,1125,1064,1129,1085,1131,1136,1151,1083,1135,1063,1133,1042,1130
830,h,1,1,881,831,1327,1277,27.666666666666668,887,977,884,1031,882,1083,883,1136,893,1184,915,1224,951,1254,997,1275,1052,1288,1112,1288,1169,1279,1220,1258,1256,1226,1280,1181,1294,1130,1305,1074,1315,1019,938,909,957,876,994,863,1033,866,1067,884,1129,891,1168,879,1212,883,1250,903,1267,942,1091,931,1086,956,1081,980,1075,1006,1030,1054,1051,1060,1073,1066,1098,1066,1122,1065,971,949,991,937,1014,935,1035,950,1013,951,991,951,1151,959,1175,949,1199,954,1219,971,1196,969,1172,965,989,1138,1019,1112,1047,1099,1067,1106,1086,1104,1117,1125,1153,1156,1114,1161,1082,1159,1061,1157,1040,1153,1015,1148,1003,1134,1045,1125,1066,1129,1086,1131,1138,1151,1084,1134,1064,1132,1043,1128
831,h,1,1,881,831,1327,1277,27.7,888,995,885,1048,883,1099,885,1151,897,1197,921,1234,957,1261,1001,1280,1054,1292,1113,1292,1168,1284,1217,1266,1254,1235,1279,1192,1293,1141,1306,1086,1316,1031,934,911,953,877,989,863,1028,865,1063,881,1128,889,1167,879,1210,884,1248,902,1266,939,1089,933,1085,957,1080,980,1074,1006,1028,1055,1050,1061,1072,1066,1097,1066,1122,1065,968,951,989,937,1012,936,1033,952,1011,953,988,953,1150,960,1174,950,1199,954,1219,972,1195,970,1170,966,987,1138,1018,1112,1047,1099,1067,1106,1086,1104,1118,1124,1156,1156,1116,1163,1083,1160,1062,1158,1040,1154,1014,1148,1001,1135,1044,1126,1065,1130,1085,1131,1142,1151,1084,1134,1065,1132,1043,1128
832,h,1,1,881,831,1327,1277,27.733333333333334,894,984,890,1036,888,1087,888,1138,898,1185,920,1224,956,1254,1000,1276,1054,1288,1113,1289,1169,1279,1219,1259,1255,1227,1279,1183,1294,1133,1307,1079,1317,1025,939,913,957,878,993,864,1032,866,1066,883,1131,891,1170,880,1213,885,1251,906,1268,947,1090,932,1086,957,1080,980,1075,1007,1030,1054,1051,1059,1072,1066,1098,1065,1122,1064,972,950,992,937,1015,936,1036,950,1014,951,991,951,1152,960,1176,950,1200,955,1221,973,1197,971,1173,966,990,1136,1021,1111,1047,1099,1067,1106,1087,1104,1117,1124,1153,1155,1114,1161,1082,1158,1061,1156,1039,1151,1016,1146,1004,1133,1045,1124,1065,1128,1086,1130,1140,1150,1084,1134,1064,1132,1043,1128
833,h,1,1,881,831,1327,1277,27.766666666666666,894,984,890,1036,888,1087,888,1138,898,1185,920,1224,956,1254,1000,1276,1054,1288,1113,1289,1169,1279,1219,1259,1255,1227,1279,1183,1294,1133,1307,1079,1317,1025,939,913,957,878,993,864,1032,866,1066,883,1131,891,1170,880,1213,885,1251,906,1268,947,1090,932,1086,957,1080,980,1075,1007,1030,1054,1051,1059,1072,1066,1098,1065,1122,1064,972,950,992,937,1015,936,1036,950,1014,951,991,951,1152,960,1176,950,1200,955,1221,973,1197,971,1173,966,990,1136,1021,1111,1047,1099,1067,1106,1087,1104,1117,1124,1153,1155,1114,1161,1082,1158,1061,1156,1039,1151,1016,1146,1004,1133,1045,1124,1065,1128,1086,1130,1140,1150,1084,1134,1064,1132,1043,1128
834,h,1,1,881,831,1327,1277,27.8,892,985,889,1038,887,1090,887,1142,896,1189,918,1228,954,1257,999,1277,1053,1289,1111,1289,1167,1280,1216,1264,1252,1234,1276,1190,1290,1139,1303,1083,1315,1027,935,911,954,876,991,862,1031,865,1066,882,1130,890,1169,880,1213,884,1250,905,1268,944,1090,932,1086,956,1081,979,1075,1004,1030,1053,1050,1059,1072,1064,1097,1064,1122,1064,971,949,991,936,1014,935,1035,951,1013,951,990,951,1151,961,1176,951,1200,956,1221,974,1197,972,1172,967,990,1136,1020,1111,1047,1099,1067,1105,1086,1104,1115,1124,1151,1155,1112,1161,1081,1159,1061,1156,1039,1152,1015,1147,1003,1133,1045,1124,1065,1128,1085,1130,1138,1150,1083,1135,1064,1132,1043,1128
835,h,1,1,899,858,1270,1229,27.833333333333332,890,991,887,1042,885,1093,887,1142,897,1188,922,1226,960,1252,1004,1270,1059,1279,1116,1277,1170,1268,1218,1250,1253,1220,1276,1177,1289,1128,1299,1077,1309,1025,931,914,951,879,989,865,1029,868,1065,883,1129,891,1168,880,1211,883,1248,901,1266,938,1091,934,1087,957,1083,980,1078,1004,1034,1053,1054,1058,1074,1063,1098,1063,1120,1063,968,952,990,937,1014,937,1036,955,1013,955,988,955,1149,962,1174,948,1199,952,1219,971,1196,970,1171,966,989,1135,1021,1111,1050,1098,1068,1105,1087,1103,1117,1123,1151,1152,1113,1158,1082,1156,1062,1155,1042,1151,1016,1147,1002,1132,1048,1124,1067,1128,1086,1130,1137,1148,1084,1132,1065,1129,1046,1127
836,h,1,1,899,858,1270,1229,27.866666666666667,889,996,886,1050,886,1101,889,1151,899,1197,923,1235,959,1260,1003,1276,1056,1285,1113,1285,1167,1275,1215,1257,1251,1226,1274,1183,1288,1132,1298,1080,1308,1027,927,916,948,881,985,866,1026,866,1062,882,1125,888,1164,877,1208,881,1245,901,1264,940,1088,935,1084,958,1081,980,1076,1005,1031,1055,1052,1060,1073,1065,1097,1065,1120,1064,965,954,987,938,1012,937,1035,957,1011,957,986,957,1145,964,1170,948,1196,952,1217,972,1193,971,1168,968,988,1136,1019,1111,1049,1098,1068,1105,1088,1103,1119,1123,1153,1153,1115,1161,1083,1160,1062,1158,1041,1154,1015,1148,1003,1134,1047,1124,1066,1127,1086,1129,1138,1149,1085,1135,1065,1132,1045,1129
837,h,1,1,899,858,1270,1229,27.9,889,996,886,1050,886,1101,889,1151,899,1197,923,1235,959,1260,1003,1276,1056,1285,1113,1285,1167,1275,1215,1257,1251,1226,1274,1183,1288,1132,1298,1080,1308,1027,927,916,948,881,985,866,1026,866,1062,882,1125,888,1164,877,1208,881,1245,901,1264,940,1088,935,1084,958,1081,980,1076,1005,1031,1055,1052,1060,1073,1065,1097,1065,1120,1064,965,954,987,938,1012,937,1035,957,1011,957,986,957,1145,964,1170,948,1196,952,1217,972,1193,971,1168,968,988,1136,1019,1111,1049,1098,1068,1105,1088,1103,1119,1123,1153,1153,1115,1161,1083,1160,1062,1158,1041,1154,1015,1148,1003,1134,1047,1124,1066,1127,1086,1129,1138,1149,1085,1135,1065,1132,1045,1129
838,h,1,1,899,858,1270,1229,27.933333333333334,890,989,887,1041,886,1092,888,1143,897,1190,920,1229,958,1255,1004,1271,1059,1280,1116,1279,1170,1271,1218,1252,1253,1222,1276,1178,1289,1129,1300,1078,1310,1026,927,914,948,879,987,864,1028,865,1065,881,1127,888,1167,877,1210,881,1247,901,1265,939,1090,933,1086,957,1082,980,1077,1006,1032,1054,1052,1059,1074,1064,1098,1064,1121,1063,964,952,987,937,1011,936,1033,954,1010,954,986,954,1149,961,1173,948,1198,952,1219,970,1195,969,1171,966,989,1134,1020,1110,1048,1099,1067,1106,1087,1104,1119,1123,1154,1153,1116,1162,1083,1161,1062,1159,1041,1155,1015,1149,1003,1132,1046,1123,1066,1127,1086,1128,1140,1149,1085,1138,1065,1135,1045,1132
839,h,1,1,899,858,1270,1229,27.966666666666665,893,984,888,1037,886,1088,887,1139,896,1186,919,1225,955,1253,999,1272,1054,1283,1112,1283,1166,1274,1214,1255,1250,1224,1274,1181,1287,1132,1299,1081,1309,1028,930,910,951,875,989,862,1030,864,1066,880,1128,888,1168,878,1211,883,1249,903,1266,942,1090,931,1086,955,1082,979,1078,1005,1032,1052,1052,1058,1073,1064,1097,1063,1120,1063,967,947,989,934,1013,934,1035,950,1012,951,987,950,1149,959,1173,948,1198,953,1218,972,1195,970,1171,965,987,1135,1020,1110,1048,1098,1067,1105,1088,1103,1117,1123,1151,1153,1114,1161,1082,1159,1061,1157,1040,1153,1015,1147,1002,1132,1046,1123,1066,1127,1086,1129,1137,1148,1085,1134,1064,1131,1044,1128
840,h,1,1,881,831,1327,1277,28.0,894,985,891,1040,889,1092,889,1143,899,1190,922,1228,960,1255,1003,1275,1056,1286,1112,1285,1166,1277,1215,1259,1250,1230,1275,1188,1289,1138,1302,1083,1314,1028,937,918,956,881,993,866,1033,868,1068,884,1126,893,1166,882,1211,887,1249,908,1267,950,1091,933,1086,957,1082,980,1076,1006,1030,1052,1051,1058,1073,1064,1098,1064,1123,1063,972,951,992,937,1014,935,1035,951,1013,951,992,951,1151,961,1176,951,1199,956,1220,975,1196,972,1172,967,990,1138,1019,1112,1047,1099,1067,1106,1088,1104,1118,1124,1152,1156,1115,1160,1084,1157,1062,1155,1040,1151,1015,1147,1003,1135,1045,1125,1066,1129,1087,1130,1138,1151,1086,1133,1064,1131,1044,1127
841,h,1,1,881,831,1327,1277,28.033333333333335,894,985,891,1040,889,1092,889,1143,899,1190,922,1228,960,1255,1003,1275,1056,1286,1112,1285,1166,1277,1215,1259,1250,1230,1275,1188,1289,1138,1302,1083,1314,1028,937,918,956,881,993,866,1033,868,1068,884,1126,893,1166,882,1211,887,1249,908,1267,950,1091,933,1086,957,1082,980,1076,1006,1030,1052,1051,1058,1073,1064,1098,1064,1123,1063,972,951,992,937,1014,935,1035,951,1013,951,992,951,1151,961,1176,951,1199,956,1220,975,1196,972,1172,967,990,1138,1019,1112,1047,1099,1067,1106,1088,1104,1118,1124,1152,1156,1115,1160,1084,1157,1062,1155,1040,1151,1015,1147,1003,1135,1045,1125,1066,1129,1087,1130,1138,1151,1086,1133,1064,1131,1044,1127
842,h,1,1,881,831,1327,1277,28.066666666666666,890,978,886,1033,884,1085,884,1137,892,1186,913,1227,949,1258,994,1279,1050,1292,1109,1292,1165,1283,1216,1263,1254,1232,1279,1188,1293,1137,1307,1081,1318,1025,936,916,956,881,994,866,1034,868,1070,885,1128,892,1167,881,1212,886,1250,909,1268,950,1092,932,1087,955,1082,978,1075,1003,1031,1054,1051,1060,1073,1065,1098,1065,1122,1064,972,950,992,937,1014,936,1036,950,1014,950,992,951,1152,961,1176,952,1200,958,1222,976,1196,973,1172,967,990,1138,1020,1112,1048,1099,1067,1106,1088,1104,1117,1124,1153,1156,1113,1162,1083,1158,1062,1156,1040,1152,1015,1147,1003,1135,1046,1124,1066,1128,1086,1129,1139,1151,1085,1134,1064,1132,1044,1128
843,h,1,1,899,858,1270,1229,28.1,885,982,883,1037,883,1089,886,1141,896,1188,920,1227,958,1255,1003,1273,1058,1284,1115,1282,1170,1271,1218,1252,1254,1222,1277,1179,1289,1129,1299,1077,1308,1024,924,912,946,878,985,864,1027,864,1064,881,1129,888,1168,878,1210,883,1247,903,1266,941,1090,933,1087,956,1083,979,1079,1004,1032,1053,1053,1058,1075,1063,1098,1063,1121,1061,964,949,987,935,1012,935,1034,953,1011,954,986,954,1147,962,1173,949,1197,952,1217,971,1195,971,1170,967,986,1135,1019,1110,1050,1098,1069,1105,1089,1103,1118,1122,1151,1152,1115,1159,1084,1157,1063,1156,1042,1152,1015,1147,1001,1132,1047,1123,1067,1127,1087,1129,1136,1148,1086,1133,1066,1131,1046,1128
844,h,1,1,899,858,1270,1229,28.133333333333333,885,982,883,1037,883,1089,886,1141,896,1188,920,1227,958,1255,1003,1273,1058,1284,1115,1282,1170,1271,1218,1252,1254,1222,1277,1179,1289,1129,1299,1077,1308,1024,924,912,946,878,985,864,1027,864,1064,881,1129,888,1168,878,1210,883,1247,903,1266,941,1090,933,1087,956,1083,979,1079,1004,1032,1053,1053,1058,1075,1063,1098,1063,1121,1061,964,949,987,935,1012,935,1034,953,1011,954,986,954,1147,962,1173,949,1197,952,1217,971,1195,971,1170,967,986,1135,1019,1110,1050,1098,1069,1105,1089,1103,1118,1122,1151,1152,1115,1159,1084,1157,1063,1156,1042,1152,1015,1147,1001,1132,1047,1123,1067,1127,1087,1129,1136,1148,1086,1133,1066,1131,1046,1128
845,h,1,1,899,858,1270,1229,28.166666666666668,892,981,888,1032,886,1082,886,1132,895,1179,918,1218,956,1245,1002,1265,1057,1277,1115,1275,1170,1264,1219,1246,1255,1216,1278,1172,1291,1123,1301,1072,1309,1020,935,909,958,878,993,867,1032,869,1066,884,1129,891,1168,881,1210,886,1246,906,1265,942,1092,933,1087,957,1083,980,1078,1005,1033,1052,1053,1057,1074,1062,1097,1063,1120,1063,972,948,992,935,1016,935,1037,952,1015,952,991,951,1149,961,1174,949,1198,953,1218,971,1195,970,1171,967,991,1134,1022,1110,1051,1098,1068,1105,1087,1103,1115,1122,1148,1151,1111,1157,1081,1155,1062,1153,1043,1149,1018,1145,1004,1132,1049,1123,1067,1127,1085,1129,1135,1147,1083,1130,1065,1128,1047,1126
846,h,1,1,899,858,1270,1229,28.2,892,987,887,1039,886,1090,887,1140,897,1187,919,1225,956,1253,1000,1272,1054,1283,1113,1283,1167,1273,1215,1254,1252,1223,1275,1180,1288,1131,1299,1079,1309,1026,930,910,951,877,989,863,1029,865,1065,882,1130,889,1168,879,1210,884,1247,904,1265,940,1089,932,1086,955,1082,979,1078,1005,1033,1053,1053,1058,1074,1063,1097,1063,1119,1062,968,947,989,934,1013,934,1035,950,1012,950,988,950,1147,959,1172,947,1197,952,1217,970,1193,968,1169,964,988,1134,1021,1110,1049,1097,1068,1104,1087,1102,1117,1122,1151,1151,1113,1158,1083,1157,1062,1155,1041,1151,1016,1145,1002,1132,1047,1123,1066,1127,1086,1129,1137,1147,1084,1132,1065,1129,1045,1126
847,h,1,1,899,858,1270,1229,28.233333333333334,889,992,886,1044,885,1094,887,1144,897,1190,920,1228,958,1254,1002,1273,1055,1283,1110,1283,1164,1275,1212,1257,1249,1227,1274,1185,1287,1136,1297,1084,1307,1032,932,916,953,881,991,866,1032,868,1068,885,1125,893,1165,881,1208,885,1245,906,1264,945,1090,934,1086,957,1082,980,1077,1005,1031,1053,1052,1059,1073,1064,1097,1064,1121,1063,970,950,992,934,1017,934,1038,953,1015,953,991,952,1146,962,1171,947,1196,952,1216,972,1193,970,1169,966,989,1134,1022,1109,1051,1097,1068,1104,1087,1103,1118,1123,1152,1152,1113,1159,1081,1157,1061,1155,1041,1151,1017,1145,1003,1131,1048,1122,1067,1126,1085,1129,1138,1148,1083,1133,1064,1130,1046,1127
848,h,1,1,899,858,1270,1229,28.266666666666666,889,992,886,1044,885,1094,887,1144,897,1190,920,1228,958,1254,1002,1273,1055,1283,1110,1283,1164,1275,1212,1257,1249,1227,1274,1185,1287,1136,1297,1084,1307,1032,932,916,953,881,991,866,1032,868,1068,885,1125,893,1165,881,1208,885,1245,906,1264,945,1090,934,1086,957,1082,980,1077,1005,1031,1053,1052,1059,1073,1064,1097,1064,1121,1063,970,950,992,934,1017,934,1038,953,1015,953,991,952,1146,962,1171,947,1196,952,1216,972,1193,970,1169,966,989,1134,1022,1109,1051,1097,1068,1104,1087,1103,1118,1123,1152,1152,1113,1159,1081,1157,1061,1155,1041,1151,1017,1145,1003,1131,1048,1122,1067,1126,1085,1129,1138,1148,1083,1133,1064,1130,1046,1127
849,h,1,1,899,858,1270,1229,28.3,893,985,887,1038,885,1090,887,1141,897,1189,920,1228,955,1256,999,1275,1054,1285,1111,1283,1165,1272,1213,1254,1250,1223,1275,1180,1289,1130,1300,1077,1310,1025,931,910,952,878,990,865,1030,867,1065,883,1125,889,1164,878,1206,884,1243,904,1262,941,1088,930,1084,954,1079,978,1074,1004,1030,1052,1050,1058,1071,1063,1095,1063,1118,1062,968,948,988,935,1011,934,1033,948,1011,948,988,949,1146,957,1171,946,1194,952,1214,969,1190,967,1167,962,987,1135,1018,1109,1047,1097,1067,1104,1087,1102,1117,1122,1151,1152,1113,1159,1082,1157,1060,1156,1039,1152,1013,1146,1000,1132,1045,1122,1065,1126,1086,1128,1137,1147,1084,1132,1063,1130,1043,1127
850,h,1,1,899,858,1270,1229,28.333333333333332,890,978,886,1031,884,1084,886,1135,896,1183,919,1222,955,1250,999,1269,1052,1280,1110,1279,1164,1268,1212,1250,1248,1220,1272,1178,1286,1129,1297,1079,1308,1027,927,907,951,876,989,865,1028,869,1064,886,1128,893,1167,883,1209,887,1246,906,1264,943,1089,934,1084,958,1079,980,1074,1005,1029,1053,1049,1058,1070,1064,1094,1063,1117,1063,966,948,987,935,1011,935,1033,951,1010,951,986,951,1147,961,1172,950,1197,956,1218,973,1193,972,1169,967,985,1136,1018,1110,1047,1097,1066,1104,1085,1102,1115,1122,1149,1153,1111,1159,1080,1158,1060,1156,1039,1152,1013,1147,999,1132,1045,1122,1064,1125,1084,1127,1135,1148,1082,1133,1063,1130,1043,1128
851,h,1,1,899,858,1270,1229,28.366666666666667,889,987,885,1040,884,1091,885,1141,896,1188,919,1227,956,1253,1001,1270,1055,1279,1111,1278,1165,1269,1214,1252,1249,1223,1273,1181,1288,1133,1299,1081,1309,1029,927,915,948,879,987,865,1028,867,1064,884,1124,890,1165,880,1209,884,1247,906,1265,947,1087,933,1083,956,1079,978,1074,1003,1029,1052,1049,1058,1070,1063,1094,1063,1117,1062,967,950,988,935,1011,934,1033,951,1010,952,987,951,1146,961,1171,948,1195,953,1216,973,1192,971,1168,966,987,1135,1019,1109,1047,1097,1066,1104,1085,1102,1114,1121,1148,1152,1110,1157,1080,1155,1060,1153,1039,1150,1014,1145,1000,1131,1045,1121,1065,1125,1084,1126,1134,1147,1082,1132,1062,1130,1043,1126
852,h,1,1,899,858,1270,1229,28.4,889,987,885,1040,884,1091,885,1141,896,1188,919,1227,956,1253,1001,1270,1055,1279,1111,1278,1165,1269,1214,1252,1249,1223,1273,1181,1288,1133,1299,1081,1309,1029,927,915,948,879,987,865,1028,867,1064,884,1124,890,1165,880,1209,884,1247,906,1265,947,1087,933,1083,956,1079,978,1074,1003,1029,1052,1049,1058,1070,1063,1094,1063,1117,1062,967,950,988,935,1011,934,1033,951,1010,952,987,951,1146,961,1171,948,1195,953,1216,973,1192,971,1168,966,987,1135,1019,1109,1047,1097,1066,1104,1085,1102,1114,1121,1148,1152,1110,1157,1080,1155,1060,1153,1039,1150,1014,1145,1000,1131,1045,1121,1065,1125,1084,1126,1134,1147,1082,1132,1062,1130,1043,1126
853,h,1,1,899,858,1270,1229,28.433333333333334,890,984,885,1037,883,1089,884,1140,894,1187,917,1226,953,1253,998,1271,1052,1282,1110,1281,1165,1272,1213,1255,1249,1224,1272,1182,1286,1134,1298,1083,1308,1031,929,910,950,876,987,863,1027,865,1062,882,1128,891,1167,880,1210,884,1247,906,1265,944,1088,932,1083,956,1078,979,1073,1004,1028,1051,1048,1057,1070,1063,1094,1062,1118,1062,966,948,987,935,1010,934,1031,950,1009,951,985,950,1146,960,1171,949,1195,954,1216,972,1192,970,1168,966,985,1134,1017,1109,1046,1097,1065,1104,1084,1102,1114,1122,1148,1153,1111,1159,1079,1157,1059,1155,1038,1151,1013,1146,999,1131,1044,1121,1063,1125,1083,1127,1134,1147,1082,1133,1062,1130,1042,1127
854,h,1,1,899,858,1270,1229,28.466666666666665,889,983,886,1036,884,1088,885,1139,895,1186,917,1225,954,1252,998,1271,1052,1282,1110,1282,1166,1273,1216,1255,1252,1224,1275,1182,1289,1133,1301,1082,1311,1029,931,916,951,881,988,866,1029,868,1064,886,1125,891,1165,881,1210,885,1248,907,1265,948,1088,933,1083,957,1078,979,1072,1004,1027,1051,1048,1057,1069,1063,1093,1063,1117,1062,968,948,989,934,1012,933,1034,951,1011,951,988,950,1146,960,1171,947,1196,952,1216,972,1192,970,1168,966,988,1134,1018,1109,1046,1097,1064,1104,1085,1102,1114,1121,1149,1151,1111,1157,1081,1155,1059,1153,1039,1150,1014,1145,1001,1131,1044,1121,1063,1124,1083,1126,1134,1146,1082,1132,1062,1129,1042,1126
855,h,1,1,899,858,1270,1229,28.5,888,984,884,1037,881,1088,882,1139,893,1185,916,1223,953,1250,996,1268,1049,1279,1107,1278,1161,1269,1211,1252,1248,1222,1273,1179,1286,1129,1296,1076,1304,1024,931,911,952,879,989,866,1027,868,1061,885,1122,893,1160,882,1202,885,1238,904,1257,940,1084,931,1080,955,1076,978,1072,1004,1027,1051,1047,1057,1068,1062,1092,1062,1115,1061,966,949,986,936,1009,935,1029,949,1008,949,986,950,1145,958,1169,948,1192,952,1211,970,1187,966,1165,962,986,1134,1017,1110,1044,1098,1063,1104,1084,1102,1113,1121,1146,1150,1109,1156,1079,1155,1057,1153,1036,1149,1012,1144,999,1130,1042,1121,1062,1125,1082,1126,1133,1146,1081,1132,1060,1130,1040,1126
856,h,1,1,899,858,1270,1229,28.533333333333335,888,984,884,1037,881,1088,882,1139,893,1185,916,1223,953,1250,996,1268,1049,1279,1107,1278,1161,1269,1211,1252,1248,1222,1273,1179,1286,1129,1296,1076,1304,1024,931,911,952,879,989,866,1027,868,1061,885,1122,893,1160,882,1202,885,1238,904,1257,940,1084,931,1080,955,1076,978,1072,1004,1027,1051,1047,1057,1068,1062,1092,1062,1115,1061,966,949,986,936,1009,935,1029,949,1008,949,986,950,1145,958,1169,948,1192,952,1211,970,1187,966,1165,962,986,1134,1017,1110,1044,1098,1063,1104,1084,1102,1113,1121,1146,1150,1109,1156,1079,1155,1057,1153,1036,1149,1012,1144,999,1130,1042,1121,1062,1125,1082,1126,1133,1146,1081,1132,1060,1130,1040,1126
857,h,1,1,899,858,1270,1229,28.566666666666666,887,983,883,1034,880,1085,882,1134,890,1181,911,1220,947,1247,991,1266,1045,1278,1104,1280,1160,1273,1210,1256,1247,1226,1270,1182,1284,1132,1295,1080,1305,1027,929,909,950,877,987,864,1027,867,1061,885,1123,892,1162,880,1206,884,1244,905,1262,944,1085,932,1080,955,1075,978,1070,1002,1026,1051,1046,1057,1067,1062,1091,1062,1114,1061,965,948,985,934,1008,934,1030,951,1007,951,984,950,1144,961,1169,948,1193,953,1213,972,1189,970,1165,966,983,1133,1015,1109,1044,1097,1062,1104,1082,1102,1112,1122,1146,1152,1108,1158,1076,1156,1055,1153,1035,1149,1010,1144,997,1130,1042,1121,1061,1125,1080,1127,1133,1147,1079,1133,1059,1130,1039,1126
858,h,1,1,899,858,1270,1229,28.6,885,988,882,1041,880,1093,882,1143,892,1190,915,1228,951,1256,995,1273,1048,1284,1106,1284,1161,1274,1210,1255,1245,1225,1269,1181,1282,1132,1293,1080,1304,1027,925,912,946,878,983,864,1024,867,1059,885,1123,893,1162,881,1205,884,1243,905,1260,945,1084,934,1080,957,1075,979,1070,1003,1024,1052,1045,1058,1067,1063,1091,1063,1115,1062,962,952,984,936,1009,936,1031,954,1007,954,983,954,1141,964,1166,950,1192,954,1213,974,1189,973,1164,969,982,1135,1015,1110,1044,1097,1063,1104,1083,1102,1113,1122,1148,1153,1109,1159,1078,1157,1057,1155,1036,1151,1010,1147,996,1133,1042,1122,1062,1126,1082,1128,1134,1148,1080,1134,1060,1131,1040,1128
859,h,1,1,899,858,1270,1229,28.633333333333333,885,988,882,1041,880,1093,882,1143,892,1190,915,1228,951,1256,995,1273,1048,1284,1106,1284,1161,1274,1210,1255,1245,1225,1269,1181,1282,1132,1293,1080,1304,1027,925,912,946,878,983,864,1024,867,1059,885,1123,893,1162,881,1205,884,1243,905,1260,945,1084,934,1080,957,1075,979,1070,1003,1024,1052,1045,1058,1067,1063,1091,1063,1115,1062,962,952,984,936,1009,936,1031,954,1007,954,983,954,1141,964,1166,950,1192,954,1213,974,1189,973,1164,969,982,1135,1015,1110,1044,1097,1063,1104,1083,1102,1113,1122,1148,1153,1109,1159,1078,1157,1057,1155,1036,1151,1010,1147,996,1133,1042,1122,1062,1126,1082,1128,1134,1148,1080,1134,1060,1131,1040,1128
860,h,1,1,899,858,1270,1229,28.666666666666668,888,985,883,1037,880,1088,881,1139,890,1187,912,1227,948,1255,993,1274,1048,1284,1107,1284,1162,1274,1211,1255,1247,1225,1271,1182,1284,1133,1294,1081,1305,1029,927,912,948,878,985,864,1026,867,1061,886,1121,894,1160,881,1203,884,1241,905,1259,944,1085,935,1080,957,1074,979,1069,1004,1024,1052,1044,1058,1066,1064,1090,1064,1114,1063,964,951,985,936,1010,936,1032,954,1008,954,984,953,1140,964,1166,950,1191,954,1212,973,1187,972,1163,968,981,1135,1013,1110,1042,1098,1062,1105,1081,1103,1112,1122,1147,1153,1108,1159,1077,1157,1056,1155,1034,1151,1008,1146,995,1132,1040,1124,1061,1127,1080,1129,1132,1148,1078,1133,1058,1130,1038,1128
861,h,1,1,899,858,1270,1229,28.7,888,986,884,1039,882,1090,883,1142,892,1190,914,1228,950,1256,994,1274,1048,1285,1106,1283,1161,1274,1211,1255,1247,1225,1270,1182,1284,1132,1295,1081,1305,1029,928,912,948,877,986,863,1026,866,1060,885,1125,894,1162,882,1205,885,1243,906,1261,945,1085,934,1080,956,1076,978,1070,1003,1026,1051,1046,1058,1067,1063,1091,1063,1114,1062,965,952,986,936,1011,936,1033,955,1009,955,984,954,1142,964,1167,950,1192,955,1213,975,1189,973,1164,969,981,1136,1013,1110,1042,1098,1062,1105,1082,1103,1112,1122,1147,1153,1108,1160,1076,1158,1055,1157,1034,1153,1008,1148,995,1133,1041,1122,1061,1126,1081,1128,1132,1149,1078,1135,1058,1132,1038,1130
862,h,1,1,899,858,1270,1229,28.733333333333334,887,986,883,1039,881,1089,882,1139,891,1185,913,1223,949,1249,993,1267,1049,1278,1108,1278,1163,1269,1212,1252,1247,1222,1269,1179,1282,1131,1294,1079,1305,1027,924,911,944,876,982,863,1022,865,1057,880,1125,887,1165,879,1208,884,1244,904,1261,944,1084,932,1080,956,1075,978,1071,1003,1024,1050,1045,1056,1067,1061,1091,1061,1115,1060,961,949,982,936,1005,936,1027,951,1004,952,981,952,1144,961,1169,950,1193,955,1213,973,1190,971,1166,967,981,1134,1014,1109,1043,1097,1062,1104,1082,1103,1111,1122,1145,1152,1107,1158,1076,1155,1055,1153,1034,1149,1008,1145,995,1132,1041,1122,1060,1126,1080,1128,1131,1147,1078,1131,1058,1128,1038,1125
863,h,1,1,899,858,1270,1229,28.766666666666666,887,986,883,1039,881,1089,882,1139,891,1185,913,1223,949,1249,993,1267,1049,1278,1108,1278,1163,1269,1212,1252,1247,1222,1269,1179,1282,1131,1294,1079,1305,1027,924,911,944,876,982,863,1022,865,1057,880,1125,887,1165,879,1208,884,1244,904,1261,944,1084,932,1080,956,1075,978,1071,1003,1024,1050,1045,1056,1067,1061,1091,1061,1115,1060,961,949,982,936,1005,936,1027,951,1004,952,981,952,1144,961,1169,950,1193,955,1213,973,1190,971,1166,967,981,1134,1014,1109,1043,1097,1062,1104,1082,1103,1111,1122,1145,1152,1107,1158,1076,1155,1055,1153,1034,1149,1008,1145,995,1132,1041,1122,1060,1126,1080,1128,1131,1147,1078,1131,1058,1128,1038,1125
864,h,1,1,899,858,1270,1229,28.8,886,978,882,1031,881,1083,881,1134,889,1182,911,1222,948,1252,992,1271,1048,1283,1107,1282,1162,1271,1212,1251,1248,1220,1270,1177,1284,1128,1295,1075,1305,1023,925,912,946,878,984,865,1025,868,1060,885,1123,892,1163,882,1206,885,1244,906,1262,945,1085,933,1080,956,1075,978,1069,1002,1025,1051,1045,1056,1066,1062,1090,1062,1113,1061,963,950,984,936,1008,936,1029,953,1007,954,983,953,1143,963,1168,950,1192,954,1213,973,1189,972,1165,968,984,1135,1015,1110,1043,1097,1062,1104,1082,1102,1110,1121,1145,1152,1107,1158,1077,1155,1056,1154,1035,1150,1010,1146,998,1133,1041,1123,1061,1126,1080,1128,1131,1147,1079,1132,1059,1129,1039,1126
865,h,1,1,899,858,1270,1229,28.833333333333332,888,981,884,1033,881,1085,882,1136,891,1184,913,1224,948,1253,991,1273,1045,1285,1103,1285,1158,1276,1208,1259,1245,1229,1271,1187,1287,1137,1299,1085,1310,1032,930,911,950,877,987,864,1027,867,1061,885,1124,892,1163,882,1206,885,1244,906,1262,945,1087,935,1081,958,1075,979,1069,1003,1025,1052,1045,1057,1066,1062,1090,1062,1114,1062,965,950,987,935,1011,935,1033,954,1010,954,986,953,1143,964,1168,950,1194,955,1214,976,1190,974,1165,970,984,1135,1014,1109,1043,1097,1062,1104,1082,1102,1112,1121,1147,1152,1108,1159,1077,1157,1056,1156,1035,1151,1010,1147,998,1132,1041,1122,1061,1125,1080,1127,1133,1148,1079,1133,1059,1130,1039,1128
866,h,1,1,899,858,1270,1229,28.866666666666667,885,987,882,1039,881,1089,882,1140,890,1187,912,1224,949,1251,994,1270,1047,1281,1105,1281,1159,1272,1208,1255,1243,1224,1267,1181,1281,1133,1292,1081,1303,1029,927,914,947,880,985,867,1025,870,1061,887,1120,893,1160,882,1203,885,1242,905,1261,945,1085,934,1080,956,1074,978,1069,1002,1024,1051,1044,1057,1066,1062,1089,1062,1113,1061,964,951,985,935,1009,935,1031,954,1008,954,984,953,1141,963,1166,949,1191,953,1211,974,1187,972,1163,968,982,1136,1013,1110,1042,1097,1061,1104,1081,1102,1110,1121,1145,1153,1107,1159,1077,1157,1056,1155,1035,1151,1009,1146,996,1134,1040,1123,1060,1126,1080,1128,1130,1148,1079,1132,1059,1129,1039,1127
867,h,1,1,899,858,1270,1229,28.9,885,987,882,1039,881,1089,882,1140,890,1187,912,1224,949,1251,994,1270,1047,1281,1105,1281,1159,1272,1208,1255,1243,1224,1267,1181,1281,1133,1292,1081,1303,1029,927,914,947,880,985,867,1025,870,1061,887,1120,893,1160,882,1203,885,1242,905,1261,945,1085,934,1080,956,1074,978,1069,1002,1024,1051,1044,1057,1066,1062,1089,1062,1113,1061,964,951,985,935,1009,935,1031,954,1008,954,984,953,1141,963,1166,949,1191,953,1211,974,1187,972,1163,968,982,1136,1013,1110,1042,1097,1061,1104,1081,1102,1110,1121,1145,1153,1107,1159,1077,1157,1056,1155,1035,1151,1009,1146,996,1134,1040,1123,1060,1126,1080,1128,1130,1148,1079,1132,1059,1129,1039,1127
868,h,1,1,831,831,1277,1277,28.933333333333334,864,966,861,1024,861,1082,866,1137,881,1186,907,1223,948,1252,996,1273,1054,1284,1113,1282,1170,1270,1218,1248,1253,1213,1273,1167,1286,1116,1297,1063,1306,1008,898,898,926,864,971,854,1017,860,1057,881,1118,889,1161,878,1206,880,1245,897,1266,935,1084,933,1080,957,1076,980,1073,1007,1021,1052,1044,1059,1067,1065,1092,1064,1116,1062,941,941,968,933,995,934,1019,947,994,950,966,949,1142,959,1172,951,1197,956,1217,972,1194,972,1168,967,980,1135,1017,1109,1045,1097,1062,1104,1083,1103,1114,1123,1150,1153,1111,1162,1078,1159,1056,1156,1036,1152,1011,1146,996,1133,1042,1124,1061,1128,1082,1130,1135,1148,1081,1131,1059,1129,1041,1125
869,h,1,1,899,858,1270,1229,28.966666666666665,886,984,881,1036,879,1087,880,1137,890,1185,913,1223,950,1250,994,1268,1048,1280,1106,1280,1160,1271,1209,1254,1245,1223,1269,1180,1282,1131,1294,1079,1303,1026,929,909,951,878,987,866,1026,869,1060,885,1123,892,1162,883,1204,886,1241,905,1260,942,1085,931,1081,954,1076,977,1070,1003,1026,1050,1045,1056,1067,1062,1091,1061,1114,1060,964,948,985,935,1007,934,1029,949,1006,950,984,950,1144,959,1168,947,1191,952,1212,970,1188,968,1165,964,983,1135,1015,1110,1043,1098,1062,1105,1082,1103,1112,1121,1145,1152,1108,1158,1077,1156,1057,1155,1036,1151,1010,1146,995,1132,1041,1123,1061,1127,1081,1128,1132,1147,1079,1132,1060,1130,1040,1127
870,h,1,1,899,858,1270,1229,29.0,886,982,883,1036,882,1089,883,1141,893,1188,915,1226,951,1254,995,1272,1049,1282,1106,1282,1161,1272,1209,1254,1244,1223,1268,1180,1282,1131,1294,1078,1305,1025,925,915,945,879,984,865,1026,868,1062,885,1120,892,1160,881,1205,886,1244,908,1261,948,1084,933,1079,956,1074,979,1069,1003,1023,1051,1044,1057,1066,1062,1091,1062,1115,1061,964,949,984,935,1007,934,1029,951,1007,951,983,951,1143,960,1168,948,1192,953,1212,972,1188,970,1164,966,983,1136,1015,1111,1043,1098,1062,1105,1081,1103,1110,1122,1144,1152,1106,1158,1076,1156,1056,1154,1035,1150,1010,1146,997,1133,1041,1123,1060,1126,1080,1128,1130,1147,1078,1132,1059,1130,1039,1127
871,h,1,1,899,858,1270,1229,29.033333333333335,886,982,883,1036,882,1089,883,1141,893,1188,915,1226,951,1254,995,1272,1049,1282,1106,1282,1161,1272,1209,1254,1244,1223,1268,1180,1282,1131,1294,1078,1305,1025,925,915,945,879,984,865,1026,868,1062,885,1120,892,1160,881,1205,886,1244,908,1261,948,1084,933,1079,956,1074,979,1069,1003,1023,1051,1044,1057,1066,1062,1091,1062,1115,1061,964,949,984,935,1007,934,1029,951,1007,951,983,951,1143,960,1168,948,1192,953,1212,972,1188,970,1164,966,983,1136,1015,1111,1043,1098,1062,1105,1081,1103,1110,1122,1144,1152,1106,1158,1076,1156,1056,1154,1035,1150,1010,1146,997,1133,1041,1123,1060,1126,1080,1128,1130,1147,1078,1132,1059,1130,1039,1127
872,h,1,1,899,858,1270,1229,29.066666666666666,888,982,883,1035,881,1086,881,1137,890,1184,910,1223,947,1250,990,1268,1045,1280,1103,1281,1159,1273,1208,1256,1245,1225,1269,1182,1283,1133,1295,1079,1306,1025,931,911,951,878,987,865,1026,869,1059,886,1124,893,1162,882,1204,887,1240,906,1259,944,1085,931,1080,955,1075,978,1070,1003,1025,1051,1045,1056,1066,1062,1090,1062,1113,1060,965,948,986,935,1009,935,1030,950,1007,951,985,950,1143,960,1168,949,1191,955,1212,972,1188,970,1164,966,983,1136,1015,1111,1043,1099,1062,1105,1082,1104,1111,1123,1145,1154,1107,1160,1077,1158,1056,1156,1035,1152,1010,1147,997,1134,1040,1123,1060,1127,1080,1129,1132,1149,1079,1134,1059,1131,1039,1129
873,h,1,1,899,858,1270,1229,29.1,882,978,880,1032,879,1084,880,1136,890,1184,912,1222,949,1251,994,1270,1049,1281,1108,1280,1163,1270,1212,1252,1248,1220,1271,1177,1283,1127,1295,1074,1306,1021,925,906,947,875,984,864,1023,867,1057,884,1125,891,1163,881,1205,884,1241,902,1259,938,1085,932,1080,956,1076,979,1071,1005,1026,1051,1046,1056,1067,1062,1091,1062,1114,1061,962,948,983,937,1006,936,1027,949,1005,951,982,950,1145,959,1169,950,1192,955,1212,972,1189,970,1166,965,984,1136,1016,1111,1044,1099,1063,1105,1083,1104,1111,1123,1146,1153,1108,1159,1078,1157,1057,1155,1036,1151,1011,1146,998,1133,1041,1123,1061,1127,1081,1129,1133,1148,1080,1133,1060,1130,1040,1127
874,h,1,1,899,858,1270,1229,29.133333333333333,882,978,880,1032,879,1084,880,1136,890,1184,912,1222,949,1251,994,1270,1049,1281,1108,1280,1163,1270,1212,1252,1248,1220,1271,1177,1283,1127,1295,1074,1306,1021,925,906,947,875,984,864,1023,867,1057,884,1125,891,1163,881,1205,884,1241,902,1259,938,1085,932,1080,956,1076,979,1071,1005,1026,1051,1046,1056,1067,1062,1091,1062,1114,1061,962,948,983,937,1006,936,1027,949,1005,951,982,950,1145,959,1169,950,1192,955,1212,972,1189,970,1166,965,984,1136,1016,1111,1044,1099,1063,1105,1083,1104,1111,1123,1146,1153,1108,1159,1078,1157,1057,1155,1036,1151,1011,1146,998,1133,1041,1123,1061,1127,1081,1129,1133,1148,1080,1133,1060,1130,1040,1127
875,h,1,1,899,858,1270,1229,29.166666666666668,889,986,884,1038,882,1088,883,1138,892,1186,914,1225,950,1253,993,1272,1045,1283,1102,1284,1156,1275,1206,1258,1243,1228,1269,1186,1284,1136,1296,1084,1306,1031,932,913,952,880,989,867,1029,870,1063,887,1124,895,1162,883,1204,886,1242,904,1261,942,1087,935,1082,957,1076,978,1071,1002,1026,1052,1046,1057,1067,1062,1091,1062,1115,1061,966,953,988,942,1011,941,1033,955,1010,956,986,956,1144,964,1170,956,1194,961,1215,977,1190,976,1166,971,983,1136,1015,1111,1043,1098,1061,1105,1081,1103,1111,1122,1147,1154,1107,1161,1076,1158,1055,1157,1035,1153,1010,1148,997,1133,1041,1123,1060,1126,1080,1128,1132,1149,1078,1134,1058,1131,1039,1128
876,h,1,1,899,858,1270,1229,29.2,890,985,885,1037,883,1088,884,1139,893,1188,916,1227,952,1255,995,1273,1049,1282,1107,1283,1162,1274,1211,1255,1248,1224,1272,1181,1285,1131,1296,1079,1306,1026,932,912,952,879,989,865,1028,868,1063,885,1124,893,1162,882,1205,886,1242,907,1260,945,1086,935,1082,958,1077,979,1072,1004,1028,1053,1048,1058,1069,1063,1092,1063,1115,1062,967,954,988,942,1012,942,1034,956,1010,957,987,957,1144,965,1170,956,1194,961,1214,977,1190,976,1166,972,985,1136,1016,1111,1044,1099,1063,1105,1083,1103,1113,1123,1148,1155,1109,1160,1077,1158,1056,1156,1036,1151,1011,1147,999,1134,1042,1124,1061,1127,1081,1129,1133,1150,1079,1133,1059,1130,1040,1127
877,h,1,1,899,858,1270,1229,29.233333333333334,890,983,886,1035,883,1085,883,1134,892,1181,913,1220,949,1248,992,1268,1046,1280,1105,1280,1160,1270,1208,1252,1245,1222,1270,1179,1283,1131,1295,1079,1305,1026,930,910,951,877,987,863,1027,864,1062,879,1125,886,1164,877,1206,883,1242,903,1259,942,1087,930,1082,955,1078,978,1072,1004,1028,1050,1048,1056,1069,1062,1092,1061,1116,1060,968,950,989,939,1011,938,1031,951,1010,952,988,952,1146,960,1170,952,1193,958,1212,974,1189,971,1167,967,986,1134,1017,1110,1044,1098,1063,1104,1082,1103,1111,1122,1145,1152,1107,1159,1076,1157,1056,1155,1036,1151,1012,1146,1000,1131,1042,1121,1061,1125,1080,1127,1131,1147,1079,1133,1059,1130,1040,1127
878,h,1,1,899,858,1270,1229,29.266666666666666,890,983,886,1035,883,1085,883,1134,892,1181,913,1220,949,1248,992,1268,1046,1280,1105,1280,1160,1270,1208,1252,1245,1222,1270,1179,1283,1131,1295,1079,1305,1026,930,910,951,877,987,863,1027,864,1062,879,1125,886,1164,877,1206,883,1242,903,1259,942,1087,930,1082,955,1078,978,1072,1004,1028,1050,1048,1056,1069,1062,1092,1061,1116,1060,968,950,989,939,1011,938,1031,951,1010,952,988,952,1146,960,1170,952,1193,958,1212,974,1189,971,1167,967,986,1134,1017,1110,1044,1098,1063,1104,1082,1103,1111,1122,1145,1152,1107,1159,1076,1157,1056,1155,1036,1151,1012,1146,1000,1131,1042,1121,1061,1125,1080,1127,1131,1147,1079,1133,1059,1130,1040,1127
879,h,1,1,881,831,1327,1277,29.3,890,985,888,1038,885,1089,885,1140,895,1187,918,1224,954,1251,999,1270,1053,1282,1111,1281,1167,1271,1216,1251,1250,1219,1273,1176,1287,1126,1298,1072,1309,1018,934,911,955,878,991,866,1030,869,1065,885,1126,893,1164,882,1206,884,1243,903,1261,941,1089,934,1084,956,1079,978,1074,1002,1029,1051,1049,1057,1071,1062,1095,1062,1120,1061,970,951,990,939,1013,938,1034,952,1012,954,989,954,1148,962,1172,952,1196,956,1216,974,1192,972,1169,968,989,1134,1019,1109,1047,1097,1066,1103,1086,1102,1115,1121,1150,1154,1112,1158,1081,1155,1060,1153,1038,1149,1014,1145,1003,1131,1045,1121,1065,1124,1084,1126,1136,1148,1082,1132,1062,1129,1042,1125
880,h,1,1,881,831,1327,1277,29.333333333333332,888,992,885,1045,883,1095,884,1145,895,1191,918,1228,956,1254,1000,1272,1056,1284,1114,1283,1168,1274,1217,1254,1250,1223,1272,1180,1285,1130,1297,1077,1307,1023,934,916,953,880,989,865,1029,866,1065,882,1128,890,1166,879,1208,883,1245,902,1263,942,1089,932,1084,955,1079,977,1074,1002,1031,1052,1050,1057,1072,1063,1096,1062,1120,1061,969,952,989,939,1011,938,1032,952,1010,953,988,953,1150,961,1174,951,1198,956,1217,973,1194,971,1171,967,988,1134,1019,1110,1047,1098,1067,1104,1086,1102,1116,1123,1151,1154,1113,1160,1082,1156,1061,1153,1039,1149,1014,1145,1002,1132,1045,1122,1065,1126,1085,1128,1137,1149,1083,1133,1063,1129,1042,1126
881,h,1,1,899,858,1270,1229,29.366666666666667,889,984,885,1037,884,1089,884,1139,893,1187,915,1226,952,1253,997,1270,1051,1280,1109,1279,1164,1270,1214,1254,1250,1224,1272,1181,1286,1133,1298,1081,1309,1027,931,915,950,880,988,865,1028,866,1064,882,1127,890,1166,878,1210,883,1248,904,1265,944,1088,931,1084,955,1079,977,1074,1003,1029,1052,1049,1057,1071,1062,1094,1062,1117,1061,968,950,989,937,1012,936,1033,951,1011,952,988,952,1147,960,1173,949,1197,954,1216,973,1193,971,1169,966,985,1136,1017,1110,1045,1097,1064,1104,1083,1101,1112,1121,1146,1152,1109,1156,1078,1154,1058,1152,1037,1149,1012,1145,999,1132,1043,1122,1062,1125,1081,1127,1133,1147,1080,1130,1061,1128,1041,1126
882,h,1,1,899,858,1270,1229,29.4,889,984,885,1037,884,1089,884,1139,893,1187,915,1226,952,1253,997,1270,1051,1280,1109,1279,1164,1270,1214,1254,1250,1224,1272,1181,1286,1133,1298,1081,1309,1027,931,915,950,880,988,865,1028,866,1064,882,1127,890,1166,878,1210,883,1248,904,1265,944,1088,931,1084,955,1079,977,1074,1003,1029,1052,1049,1057,1071,1062,1094,1062,1117,1061,968,950,989,937,1012,936,1033,951,1011,952,988,952,1147,960,1173,949,1197,954,1216,973,1193,971,1169,966,985,1136,1017,1110,1045,1097,1064,1104,1083,1101,1112,1121,1146,1152,1109,1156,1078,1154,1058,1152,1037,1149,1012,1145,999,1132,1043,1122,1062,1125,1081,1127,1133,1147,1080,1130,1061,1128,1041,1126
883,h,1,1,899,858,1270,1229,29.433333333333334,891,982,887,1035,884,1086,884,1136,893,1182,915,1220,952,1247,996,1267,1050,1278,1109,1277,1164,1268,1213,1250,1250,1220,1273,1177,1286,1129,1298,1078,1309,1025,932,912,951,878,989,863,1029,864,1064,880,1129,887,1168,878,1210,884,1247,905,1264,944,1090,932,1085,955,1080,977,1075,1002,1029,1050,1050,1055,1071,1061,1095,1061,1118,1060,968,948,990,935,1013,935,1033,949,1012,950,989,950,1149,959,1173,949,1196,954,1215,972,1193,970,1169,965,988,1133,1019,1108,1047,1096,1066,1103,1085,1102,1113,1121,1147,1151,1109,1155,1079,1153,1058,1151,1038,1147,1014,1143,1002,1130,1045,1121,1064,1125,1083,1127,1133,1146,1081,1129,1062,1127,1043,1124
884,h,1,1,899,858,1270,1229,29.466666666666665,891,985,887,1038,884,1089,885,1140,895,1187,917,1226,953,1253,998,1271,1052,1282,1110,1281,1165,1272,1215,1254,1250,1223,1273,1180,1287,1131,1298,1080,1309,1027,931,906,952,874,989,862,1029,864,1064,880,1129,888,1169,879,1211,883,1248,903,1265,941,1090,930,1085,954,1080,977,1075,1002,1031,1051,1050,1056,1071,1062,1095,1061,1118,1061,967,947,989,934,1012,934,1033,949,1011,950,988,950,1148,959,1173,949,1197,954,1217,972,1193,970,1169,966,985,1134,1018,1109,1046,1097,1065,1103,1085,1102,1114,1121,1148,1152,1110,1157,1079,1154,1058,1152,1037,1147,1012,1144,999,1131,1044,1121,1063,1125,1083,1127,1134,1147,1081,1131,1061,1128,1041,1125
885,h,1,1,881,831,1327,1277,29.5,891,992,888,1044,886,1095,888,1145,898,1192,921,1230,957,1257,1001,1275,1054,1288,1111,1289,1167,1281,1217,1262,1253,1230,1277,1186,1291,1135,1303,1081,1314,1026,938,916,956,879,992,864,1031,867,1065,884,1128,890,1167,880,1209,885,1246,907,1263,948,1089,934,1084,957,1079,979,1074,1003,1028,1052,1049,1058,1071,1064,1096,1063,1121,1062,972,950,993,936,1015,935,1037,953,1014,953,991,953,1148,962,1173,950,1197,955,1217,974,1193,972,1169,968,990,1134,1021,1109,1048,1097,1067,1104,1087,1102,1117,1123,1153,1155,1114,1160,1082,1156,1061,1153,1040,1148,1016,1144,1004,1131,1046,1121,1066,1125,1086,1128,1140,1149,1084,1133,1064,1130,1044,1126
886,h,1,1,881,831,1327,1277,29.533333333333335,891,992,888,1044,886,1095,888,1145,898,1192,921,1230,957,1257,1001,1275,1054,1288,1111,1289,1167,1281,1217,1262,1253,1230,1277,1186,1291,1135,1303,1081,1314,1026,938,916,956,879,992,864,1031,867,1065,884,1128,890,1167,880,1209,885,1246,907,1263,948,1089,934,1084,957,1079,979,1074,1003,1028,1052,1049,1058,1071,1064,1096,1063,1121,1062,972,950,993,936,1015,935,1037,953,1014,953,991,953,1148,962,1173,950,1197,955,1217,974,1193,972,1169,968,990,1134,1021,1109,1048,1097,1067,1104,1087,1102,1117,1123,1153,1155,1114,1160,1082,1156,1061,1153,1040,1148,1016,1144,1004,1131,1046,1121,1066,1125,1086,1128,1140,1149,1084,1133,1064,1130,1044,1126
887,h,1,1,899,858,1270,1229,29.566666666666666,890,987,887,1040,886,1090,887,1141,896,1187,918,1226,954,1254,999,1273,1054,1284,1111,1283,1166,1273,1216,1255,1253,1224,1276,1181,1289,1131,1300,1079,1310,1026,930,915,950,880,987,865,1028,865,1063,882,1129,888,1168,879,1210,885,1247,906,1264,945,1090,932,1086,955,1081,978,1076,1003,1031,1052,1051,1058,1073,1063,1096,1062,1118,1061,969,950,990,935,1014,935,1034,952,1012,952,989,952,1148,961,1172,949,1197,953,1216,972,1193,970,1169,966,986,1135,1019,1110,1047,1097,1066,1104,1087,1102,1116,1122,1150,1153,1112,1157,1081,1155,1060,1153,1038,1149,1013,1145,1000,1133,1045,1123,1065,1127,1085,1129,1135,1148,1083,1131,1063,1129,1042,1126
888,h,1,1,881,831,1327,1277,29.6,894,983,889,1037,887,1089,887,1140,896,1188,918,1227,955,1255,999,1274,1053,1286,1111,1285,1166,1277,1215,1259,1250,1228,1275,1186,1290,1136,1303,1083,1314,1029,938,916,956,879,993,863,1034,865,1069,882,1130,888,1170,879,1213,885,1250,909,1266,950,1091,930,1087,953,1082,976,1077,1001,1031,1050,1051,1056,1074,1062,1099,1061,1124,1060,972,948,992,935,1014,935,1035,948,1013,949,992,948,1152,959,1176,950,1199,956,1218,974,1194,970,1172,964,990,1136,1021,1110,1049,1098,1069,1105,1091,1103,1119,1122,1153,1154,1115,1158,1086,1155,1063,1153,1041,1149,1016,1146,1003,1133,1046,1121,1068,1126,1089,1127,1139,1148,1088,1133,1066,1131,1044,1127
889,h,1,1,881,831,1327,1277,29.633333333333333,894,983,889,1037,887,1089,887,1140,896,1188,918,1227,955,1255,999,1274,1053,1286,1111,1285,1166,1277,1215,1259,1250,1228,1275,1186,1290,1136,1303,1083,1314,1029,938,916,956,879,993,863,1034,865,1069,882,1130,888,1170,879,1213,885,1250,909,1266,950,1091,930,1087,953,1082,976,1077,1001,1031,1050,1051,1056,1074,1062,1099,1061,1124,1060,972,948,992,935,1014,935,1035,948,1013,949,992,948,1152,959,1176,950,1199,956,1218,974,1194,970,1172,964,990,1136,1021,1110,1049,1098,1069,1105,1091,1103,1119,1122,1153,1154,1115,1158,1086,1155,1063,1153,1041,1149,1016,1146,1003,1133,1046,1121,1068,1126,1089,1127,1139,1148,1088,1133,1066,1131,1044,1127
890,h,1,1,881,831,1327,1277,29.666666666666668,891,989,887,1043,885,1094,886,1145,897,1192,919,1230,955,1256,999,1274,1054,1286,1111,1286,1167,1280,1216,1262,1252,1230,1276,1186,1290,1136,1302,1082,1312,1027,934,910,952,874,988,859,1027,860,1061,878,1128,883,1168,874,1211,879,1248,901,1266,941,1089,928,1084,953,1080,977,1074,1002,1030,1051,1050,1056,1071,1062,1096,1061,1122,1060,970,948,990,935,1013,934,1034,948,1011,949,989,949,1151,957,1174,948,1197,953,1217,970,1194,968,1171,963,990,1134,1020,1109,1047,1097,1067,1104,1087,1102,1117,1121,1152,1154,1114,1159,1083,1156,1062,1153,1040,1149,1015,1144,1004,1131,1045,1121,1066,1125,1086,1126,1138,1148,1085,1133,1064,1130,1043,1126
891,h,1,1,899,858,1270,1229,29.7,892,998,888,1048,886,1098,888,1148,898,1194,921,1231,957,1257,1000,1274,1053,1284,1110,1284,1164,1277,1213,1259,1249,1229,1273,1187,1287,1138,1298,1086,1308,1035,929,916,949,881,987,864,1028,865,1063,882,1129,889,1168,880,1212,885,1249,907,1266,946,1090,935,1085,957,1081,979,1075,1004,1030,1053,1051,1058,1073,1063,1097,1063,1120,1062,967,953,989,936,1015,937,1037,958,1013,958,987,957,1145,966,1171,950,1198,954,1219,975,1195,976,1169,972,984,1136,1018,1110,1048,1097,1067,1103,1087,1101,1117,1121,1152,1153,1113,1159,1082,1156,1061,1154,1040,1151,1013,1146,998,1133,1046,1123,1066,1126,1086,1128,1137,1148,1084,1131,1064,1129,1044,1127
892,h,1,1,881,831,1327,1277,29.733333333333334,893,976,889,1030,887,1081,887,1133,895,1181,917,1221,954,1250,998,1272,1054,1285,1114,1284,1171,1273,1220,1253,1256,1220,1279,1176,1291,1126,1302,1072,1312,1019,935,915,953,879,990,862,1030,863,1064,880,1127,888,1167,878,1211,882,1248,904,1265,945,1090,933,1085,956,1080,979,1075,1004,1031,1052,1051,1057,1073,1063,1097,1062,1122,1061,974,947,993,935,1016,934,1035,949,1015,950,992,949,1151,959,1174,949,1198,954,1216,971,1194,970,1171,965,991,1134,1022,1109,1049,1097,1068,1103,1087,1101,1117,1121,1150,1153,1113,1157,1082,1154,1062,1152,1040,1148,1016,1143,1005,1130,1046,1122,1067,1126,1086,1128,1137,1147,1084,1130,1065,1128,1044,1125
893,h,1,1,881,831,1327,1277,29.766666666666666,893,976,889,1030,887,1081,887,1133,895,1181,917,1221,954,1250,998,1272,1054,1285,1114,1284,1171,1273,1220,1253,1256,1220,1279,1176,1291,1126,1302,1072,1312,1019,935,915,953,879,990,862,1030,863,1064,880,1127,888,1167,878,1211,882,1248,904,1265,945,1090,933,1085,956,1080,979,1075,1004,1031,1052,1051,1057,1073,1063,1097,1062,1122,1061,974,947,993,935,1016,934,1035,949,1015,950,992,949,1151,959,1174,949,1198,954,1216,971,1194,970,1171,965,991,1134,1022,1109,1049,1097,1068,1103,1087,1101,1117,1121,1150,1153,1113,1157,1082,1154,1062,1152,1040,1148,1016,1143,1005,1130,1046,1122,1067,1126,1086,1128,1137,1147,1084,1130,1065,1128,1044,1125
894,h,1,1,881,831,1327,1277,29.8,893,991,889,1044,888,1094,888,1145,897,1192,920,1229,957,1256,1002,1275,1054,1287,1111,1286,1168,1278,1218,1259,1253,1227,1277,1185,1290,1136,1303,1083,1314,1028,933,920,950,881,988,862,1029,862,1065,880,1126,888,1167,879,1211,884,1250,908,1267,951,1089,933,1084,957,1080,980,1074,1005,1030,1052,1050,1057,1072,1063,1097,1062,1122,1061,970,952,991,937,1014,937,1035,953,1012,953,990,953,1149,963,1173,952,1197,956,1217,975,1193,972,1170,968,989,1135,1019,1110,1048,1097,1068,1104,1088,1102,1117,1121,1152,1153,1113,1157,1082,1153,1061,1151,1039,1146,1014,1143,1002,1132,1045,1121,1066,1125,1086,1127,1138,1147,1085,1131,1064,1128,1043,1125
895,h,1,1,881,831,1327,1277,29.833333333333332,894,976,890,1029,887,1081,885,1133,893,1182,913,1221,948,1251,993,1272,1050,1285,1111,1285,1169,1275,1219,1255,1255,1223,1277,1180,1290,1131,1303,1077,1315,1023,934,909,954,876,991,862,1031,863,1066,881,1132,890,1172,880,1215,886,1253,907,1270,947,1091,931,1086,955,1081,978,1075,1004,1030,1051,1050,1057,1071,1063,1096,1063,1121,1062,970,949,991,936,1013,936,1034,949,1012,950,990,950,1153,961,1177,953,1201,958,1221,975,1197,973,1173,968,987,1136,1017,1110,1046,1097,1067,1105,1087,1102,1117,1121,1151,1155,1113,1159,1082,1156,1060,1154,1038,1149,1013,1146,1001,1133,1044,1122,1065,1126,1086,1127,1137,1149,1084,1132,1063,1130,1042,1126
896,h,1,1,881,831,1327,1277,29.866666666666667,894,986,890,1039,887,1090,887,1141,897,1188,919,1225,955,1253,999,1272,1051,1284,1107,1284,1163,1277,1213,1259,1248,1230,1272,1188,1286,1138,1298,1084,1308,1030,935,910,954,875,992,861,1031,864,1066,881,1126,891,1165,880,1209,886,1246,906,1264,947,1088,933,1084,955,1079,978,1074,1002,1030,1052,1050,1058,1070,1063,1095,1063,1119,1062,971,947,991,933,1014,933,1034,950,1012,951,989,950,1149,961,1173,950,1197,955,1216,974,1193,972,1170,968,989,1136,1020,1111,1047,1098,1067,1105,1086,1103,1116,1123,1151,1154,1113,1158,1082,1155,1061,1153,1039,1149,1015,1146,1002,1133,1045,1123,1065,1126,1085,1128,1137,1148,1083,1132,1064,1130,1043,1126
897,h,1,1,881,831,1327,1277,29.9,894,986,890,1039,887,1090,887,1141,897,1188,919,1225,955,1253,999,1272,1051,1284,1107,1284,1163,1277,1213,1259,1248,1230,1272,1188,1286,1138,1298,1084,1308,1030,935,910,954,875,992,861,1031,864,1066,881,1126,891,1165,880,1209,886,1246,906,1264,947,1088,933,1084,955,1079,978,1074,1002,1030,1052,1050,1058,1070,1063,1095,1063,1119,1062,971,947,991,933,1014,933,1034,950,1012,951,989,950,1149,961,1173,950,1197,955,1216,974,1193,972,1170,968,989,1136,1020,1111,1047,1098,1067,1105,1086,1103,1116,1123,1151,1154,1113,1158,1082,1155,1061,1153,1039,1149,1015,1146,1002,1133,1045,1123,1065,1126,1085,1128,1137,1148,1083,1132,1064,1130,1043,1126
898,h,1,1,881,831,1327,1277,29.933333333333334,892,992,889,1043,887,1092,888,1141,898,1188,918,1227,953,1255,996,1276,1050,1288,1109,1289,1166,1281,1216,1261,1253,1231,1277,1188,1291,1138,1302,1083,1312,1028,933,917,952,881,989,864,1030,865,1066,884,1126,892,1165,880,1208,885,1246,907,1263,950,1088,933,1084,956,1079,978,1074,1003,1029,1052,1050,1058,1072,1064,1096,1063,1121,1062,972,950,992,936,1014,935,1035,952,1013,952,990,951,1148,962,1172,950,1196,955,1216,975,1192,972,1169,967,986,1137,1017,1110,1046,1097,1067,1104,1087,1102,1117,1121,1151,1154,1113,1158,1082,1155,1060,1153,1037,1149,1012,1146,999,1134,1044,1122,1065,1126,1086,1127,1137,1149,1084,1132,1063,1129,1041,1126
899,h,1,1,899,858,1270,1229,29.966666666666665,891,985,887,1038,885,1090,886,1141,896,1189,919,1229,956,1257,999,1276,1053,1286,1111,1286,1166,1277,1215,1259,1251,1229,1274,1187,1287,1138,1300,1087,1311,1034,932,912,952,878,989,863,1030,864,1066,882,1128,889,1168,881,1212,886,1251,909,1268,950,1090,934,1085,956,1080,978,1074,1003,1028,1052,1049,1058,1071,1063,1096,1063,1119,1062,969,952,991,936,1017,936,1039,955,1015,955,990,955,1146,965,1173,952,1199,957,1220,978,1195,977,1169,972,984,1136,1017,1109,1046,1096,1066,1103,1086,1101,1117,1121,1152,1153,1113,1160,1081,1159,1060,1157,1038,1153,1012,1148,998,1133,1044,1121,1064,1125,1085,1127,1137,1148,1083,1133,1063,1131,1042,1128
900,h,1,1,881,831,1327,1277,30.0,891,976,888,1031,885,1084,885,1137,894,1185,916,1224,953,1253,998,1275,1053,1288,1112,1288,1167,1278,1218,1258,1255,1225,1279,1180,1292,1129,1304,1074,1316,1017,933,913,952,876,990,862,1031,866,1066,883,1128,891,1169,881,1213,886,1252,908,1269,950,1090,931,1085,955,1080,978,1075,1004,1029,1050,1050,1055,1072,1061,1098,1061,1123,1059,970,946,990,935,1012,934,1033,948,1011,948,989,948,1151,958,1175,950,1198,956,1218,972,1194,970,1171,965,989,1133,1019,1109,1047,1097,1067,1103,1087,1102,1116,1122,1152,1153,1113,1159,1082,1156,1061,1154,1039,1149,1015,1145,1003,1131,1044,1121,1065,1124,1086,1127,1138,1147,1084,1133,1064,1130,1043,1126
901,h,1,1,881,831,1327,1277,30.033333333333335,891,976,888,1031,885,1084,885,1137,894,1185,916,1224,953,1253,998,1275,1053,1288,1112,1288,1167,1278,1218,1258,1255,1225,1279,1180,1292,1129,1304,1074,1316,1017,933,913,952,876,990,862,1031,866,1066,883,1128,891,1169,881,1213,886,1252,908,1269,950,1090,931,1085,955,1080,978,1075,1004,1029,1050,1050,1055,1072,1061,1098,1061,1123,1059,970,946,990,935,1012,934,1033,948,1011,948,989,948,1151,958,1175,950,1198,956,1218,972,1194,970,1171,965,989,1133,1019,1109,1047,1097,1067,1103,1087,1102,1116,1122,1152,1153,1113,1159,1082,1156,1061,1154,1039,1149,1015,1145,1003,1131,1044,1121,1065,1124,1086,1127,1138,1147,1084,1133,1064,1130,1043,1126
902,h,1,1,899,858,1270,1229,30.066666666666666,888,986,884,1039,883,1091,885,1142,895,1190,918,1229,955,1257,999,1275,1052,1285,1109,1285,1163,1274,1212,1255,1249,1223,1273,1179,1286,1130,1297,1077,1306,1025,928,911,949,880,986,867,1026,869,1062,885,1126,892,1164,882,1205,887,1242,907,1260,942,1087,933,1083,957,1078,980,1073,1005,1029,1053,1049,1058,1070,1063,1094,1063,1118,1063,966,949,987,937,1010,936,1032,951,1009,951,986,951,1145,960,1169,949,1193,954,1213,971,1190,968,1166,964,984,1132,1017,1109,1047,1098,1066,1104,1086,1103,1117,1122,1152,1151,1112,1160,1079,1158,1059,1156,1038,1152,1011,1146,998,1130,1045,1122,1065,1126,1084,1128,1138,1147,1082,1135,1062,1132,1042,1129
903,h,1,1,899,858,1270,1229,30.1,890,983,886,1036,885,1087,885,1138,894,1186,917,1225,952,1253,996,1272,1050,1282,1107,1281,1161,1271,1210,1253,1247,1222,1272,1179,1285,1131,1297,1079,1307,1026,925,912,947,878,985,864,1027,865,1063,882,1125,888,1165,879,1208,885,1245,906,1264,944,1087,930,1083,953,1079,977,1075,1002,1029,1050,1049,1056,1071,1061,1095,1061,1118,1060,965,948,987,935,1010,935,1031,950,1009,950,986,950,1145,959,1170,949,1194,954,1214,971,1190,969,1167,964,985,1135,1018,1109,1046,1097,1065,1104,1085,1103,1114,1122,1146,1152,1109,1157,1078,1155,1057,1153,1036,1150,1012,1146,999,1132,1044,1122,1063,1126,1083,1128,1132,1147,1081,1131,1061,1128,1041,1126
904,h,1,1,899,858,1270,1229,30.133333333333333,890,983,886,1036,885,1087,885,1138,894,1186,917,1225,952,1253,996,1272,1050,1282,1107,1281,1161,1271,1210,1253,1247,1222,1272,1179,1285,1131,1297,1079,1307,1026,925,912,947,878,985,864,1027,865,1063,882,1125,888,1165,879,1208,885,1245,906,1264,944,1087,930,1083,953,1079,977,1075,1002,1029,1050,1049,1056,1071,1061,1095,1061,1118,1060,965,948,987,935,1010,935,1031,950,1009,950,986,950,1145,959,1170,949,1194,954,1214,971,1190,969,1167,964,985,1135,1018,1109,1046,1097,1065,1104,1085,1103,1114,1122,1146,1152,1109,1157,1078,1155,1057,1153,1036,1150,1012,1146,999,1132,1044,1122,1063,1126,1083,1128,1132,1147,1081,1131,1061,1128,1041,1126
905,h,1,1,899,858,1270,1229,30.166666666666668,891,982,886,1034,884,1085,885,1136,894,1183,916,1222,952,1251,995,1271,1050,1282,1109,1282,1164,1272,1213,1254,1249,1222,1272,1179,1286,1130,1298,1077,1307,1024,929,910,950,877,988,864,1028,867,1064,883,1128,890,1167,880,1209,885,1246,904,1263,942,1088,931,1084,955,1079,979,1074,1005,1029,1051,1049,1056,1071,1062,1095,1062,1118,1061,966,947,987,935,1010,934,1031,948,1009,949,987,949,1148,958,1173,948,1196,953,1215,970,1192,968,1169,963,986,1134,1018,1109,1047,1098,1065,1105,1085,1103,1114,1122,1147,1152,1110,1158,1079,1156,1058,1154,1038,1150,1013,1145,1000,1131,1044,1122,1064,1126,1083,1128,1133,1147,1081,1131,1062,1128,1042,1125
906,h,1,1,899,858,1270,1229,30.2,891,986,887,1037,885,1088,886,1138,895,1186,917,1226,955,1254,1000,1272,1054,1283,1113,1282,1169,1272,1219,1253,1255,1222,1277,1178,1289,1129,1300,1077,1309,1024,930,913,951,879,988,866,1028,869,1063,885,1125,892,1163,881,1206,885,1243,904,1261,941,1086,934,1082,957,1078,979,1073,1004,1029,1053,1049,1058,1070,1063,1094,1062,1117,1062,968,950,988,937,1011,937,1033,952,1010,953,987,952,1145,961,1169,949,1193,954,1213,971,1190,970,1166,966,986,1136,1018,1110,1047,1098,1065,1105,1086,1103,1115,1121,1149,1152,1111,1158,1081,1156,1060,1154,1039,1151,1013,1147,1000,1133,1044,1123,1064,1127,1084,1128,1134,1147,1082,1131,1062,1129,1042,1126
907,h,1,1,899,858,1270,1229,30.233333333333334,890,985,886,1038,884,1088,886,1139,896,1186,917,1225,952,1253,996,1272,1049,1283,1108,1283,1163,1274,1213,1256,1249,1225,1273,1182,1287,1132,1299,1079,1308,1026,932,914,952,880,989,866,1029,868,1065,885,1126,891,1165,881,1207,886,1244,905,1262,943,1088,933,1083,957,1078,979,1073,1004,1028,1052,1049,1058,1070,1063,1094,1063,1117,1062,968,950,989,936,1013,935,1034,952,1011,952,988,952,1146,960,1171,949,1194,953,1215,972,1191,969,1167,965,987,1134,1018,1109,1046,1098,1065,1105,1085,1103,1115,1122,1150,1153,1111,1159,1080,1156,1059,1155,1037,1151,1013,1146,1000,1132,1044,1122,1064,1125,1084,1127,1136,1148,1082,1133,1062,1130,1042,1127
908,h,1,1,899,858,1270,1229,30.266666666666666,890,985,886,1038,884,1088,886,1139,896,1186,917,1225,952,1253,996,1272,1049,1283,1108,1283,1163,1274,1213,1256,1249,1225,1273,1182,1287,1132,1299,1079,1308,1026,932,914,952,880,989,866,1029,868,1065,885,1126,891,1165,881,1207,886,1244,905,1262,943,1088,933,1083,957,1078,979,1073,1004,1028,1052,1049,1058,1070,1063,1094,1063,1117,1062,968,950,989,936,1013,935,1034,952,1011,952,988,952,1146,960,1171,949,1194,953,1215,972,1191,969,1167,965,987,1134,1018,1109,1046,1098,1065,1105,1085,1103,1115,1122,1150,1153,1111,1159,1080,1156,1059,1155,1037,1151,1013,1146,1000,1132,1044,1122,1064,1125,1084,1127,1136,1148,1082,1133,1062,1130,1042,1127
909,h,1,1,899,858,1270,1229,30.3,890,982,885,1035,884,1087,885,1137,895,1185,916,1224,952,1254,996,1273,1051,1283,1110,1283,1164,1274,1213,1255,1249,1224,1272,1180,1285,1131,1296,1078,1306,1025,929,912,949,878,986,864,1026,866,1062,882,1126,889,1164,880,1206,884,1243,904,1260,943,1086,930,1082,955,1077,979,1072,1005,1027,1051,1047,1057,1069,1062,1093,1062,1117,1061,967,949,987,936,1009,936,1030,949,1008,950,986,950,1145,959,1169,949,1192,954,1212,971,1189,969,1166,964,986,1136,1017,1110,1045,1098,1065,1105,1085,1103,1114,1122,1148,1152,1111,1157,1080,1155,1059,1153,1038,1149,1013,1145,1000,1132,1043,1123,1063,1126,1083,1128,1134,1147,1082,1131,1062,1129,1042,1126
910,h,1,1,899,858,1270,1229,30.333333333333332,891,987,886,1040,884,1092,885,1143,895,1190,917,1228,955,1256,999,1274,1052,1285,1110,1284,1165,1276,1214,1258,1251,1227,1274,1185,1289,1136,1301,1083,1311,1029,932,914,952,880,988,867,1028,870,1062,886,1127,891,1166,881,1209,885,1246,907,1263,947,1089,934,1083,957,1078,978,1072,1002,1029,1051,1048,1057,1069,1062,1093,1062,1117,1062,969,952,990,937,1014,937,1035,954,1012,955,988,954,1146,964,1171,951,1196,956,1217,975,1193,974,1168,970,985,1135,1018,1109,1046,1097,1064,1104,1084,1102,1115,1121,1149,1153,1111,1159,1079,1157,1058,1156,1038,1152,1012,1147,999,1132,1044,1121,1063,1125,1083,1127,1135,1148,1081,1133,1061,1130,1042,1127
911,h,1,1,899,858,1270,1229,30.366666666666667,888,983,884,1036,882,1087,883,1137,892,1186,915,1225,951,1254,995,1272,1049,1283,1107,1283,1162,1274,1211,1255,1247,1225,1270,1182,1284,1134,1296,1081,1307,1028,928,913,948,880,985,864,1026,866,1062,883,1124,891,1163,880,1207,885,1245,908,1262,948,1086,933,1081,956,1077,977,1071,1002,1026,1052,1047,1057,1068,1063,1093,1062,1116,1062,965,953,987,943,1010,942,1032,955,1009,956,985,955,1144,964,1170,957,1195,962,1215,978,1190,975,1166,971,984,1135,1017,1110,1045,1097,1064,1104,1083,1101,1113,1120,1146,1152,1109,1158,1078,1156,1057,1154,1037,1150,1012,1147,998,1132,1043,1121,1062,1125,1082,1126,1132,1147,1080,1132,1060,1129,1040,1127
912,h,1,1,899,858,1270,1229,30.4,888,983,884,1036,882,1087,883,1137,892,1186,915,1225,951,1254,995,1272,1049,1283,1107,1283,1162,1274,1211,1255,1247,1225,1270,1182,1284,1134,1296,1081,1307,1028,928,913,948,880,985,864,1026,866,1062,883,1124,891,1163,880,1207,885,1245,908,1262,948,1086,933,1081,956,1077,977,1071,1002,1026,1052,1047,1057,1068,1063,1093,1062,1116,1062,965,953,987,943,1010,942,1032,955,1009,956,985,955,1144,964,1170,957,1195,962,1215,978,1190,975,1166,971,984,1135,1017,1110,1045,1097,1064,1104,1083,1101,1113,1120,1146,1152,1109,1158,1078,1156,1057,1154,1037,1150,1012,1147,998,1132,1043,1121,1062,1125,1082,1126,1132,1147,1080,1132,1060,1129,1040,1127
913,h,1,1,899,858,1270,1229,30.433333333333334,890,983,886,1036,883,1087,884,1138,894,1187,918,1227,955,1256,999,1274,1052,1285,1108,1285,1162,1276,1209,1258,1245,1228,1269,1185,1283,1135,1296,1082,1307,1029,934,913,953,879,989,866,1028,869,1062,886,1124,893,1163,882,1206,886,1243,907,1260,946,1086,936,1081,958,1076,979,1071,1003,1026,1052,1046,1058,1067,1063,1092,1063,1115,1062,969,953,990,941,1014,941,1036,957,1012,958,988,957,1141,967,1167,955,1192,960,1214,977,1189,977,1164,973,984,1134,1016,1108,1044,1096,1062,1103,1082,1101,1112,1120,1147,1152,1108,1160,1077,1158,1057,1157,1036,1153,1011,1147,998,1131,1042,1121,1061,1125,1080,1126,1132,1147,1078,1134,1059,1131,1040,1128
914,h,1,1,899,858,1270,1229,30.466666666666665,889,984,885,1037,883,1087,884,1137,893,1185,916,1224,953,1253,999,1272,1053,1282,1111,1281,1165,1271,1214,1252,1249,1221,1272,1177,1285,1128,1296,1075,1305,1023,934,917,954,883,991,868,1031,870,1066,886,1123,892,1161,881,1204,886,1240,907,1258,944,1087,934,1083,958,1078,980,1073,1005,1029,1053,1049,1059,1070,1064,1094,1063,1117,1062,970,952,991,940,1015,939,1036,954,1013,955,990,955,1143,962,1167,951,1191,955,1211,972,1188,971,1164,967,987,1133,1017,1109,1046,1097,1065,1104,1084,1102,1114,1121,1148,1151,1111,1157,1080,1155,1059,1153,1039,1149,1013,1144,1000,1131,1044,1122,1063,1126,1082,1127,1134,1146,1081,1131,1062,1128,1042,1126
915,h,1,1,899,858,1270,1229,30.5,888,994,883,1046,882,1095,885,1146,897,1192,922,1229,960,1255,1005,1272,1057,1283,1114,1282,1167,1272,1215,1254,1249,1222,1272,1178,1285,1129,1296,1077,1305,1024,931,914,952,881,989,867,1029,869,1064,886,1121,893,1159,881,1202,886,1238,906,1258,942,1086,934,1082,957,1077,979,1073,1004,1028,1053,1048,1058,1069,1063,1094,1063,1118,1062,967,951,988,938,1011,937,1033,954,1010,954,988,953,1143,962,1167,950,1191,954,1211,972,1188,970,1165,966,987,1132,1018,1108,1047,1096,1065,1103,1085,1102,1117,1122,1153,1151,1114,1160,1081,1158,1060,1156,1039,1151,1014,1146,1001,1130,1045,1121,1064,1125,1083,1127,1139,1147,1082,1135,1063,1132,1043,1128
916,h,1,1,899,858,1270,1229,30.533333333333335,888,994,883,1046,882,1095,885,1146,897,1192,922,1229,960,1255,1005,1272,1057,1283,1114,1282,1167,1272,1215,1254,1249,1222,1272,1178,1285,1129,1296,1077,1305,1024,931,914,952,881,989,867,1029,869,1064,886,1121,893,1159,881,1202,886,1238,906,1258,942,1086,934,1082,957,1077,979,1073,1004,1028,1053,1048,1058,1069,1063,1094,1063,1118,1062,967,951,988,938,1011,937,1033,954,1010,954,988,953,1143,962,1167,950,1191,954,1211,972,1188,970,1165,966,987,1132,1018,1108,1047,1096,1065,1103,1085,1102,1117,1122,1153,1151,1114,1160,1081,1158,1060,1156,1039,1151,1014,1146,1001,1130,1045,1121,1064,1125,1083,1127,1139,1147,1082,1135,1063,1132,1043,1128
917,h,1,1,899,858,1270,1229,30.566666666666666,889,982,884,1035,882,1087,883,1138,893,1185,914,1224,950,1253,994,1273,1049,1284,1108,1284,1163,1275,1211,1255,1247,1223,1271,1179,1284,1129,1295,1076,1304,1023,924,913,946,877,984,864,1026,866,1062,883,1123,890,1162,878,1205,882,1243,902,1262,940,1086,931,1082,955,1078,979,1073,1004,1027,1050,1047,1056,1069,1062,1094,1062,1117,1061,964,949,985,937,1008,936,1029,950,1007,951,984,951,1145,959,1170,949,1193,954,1212,971,1189,969,1166,964,986,1135,1017,1109,1045,1097,1064,1104,1084,1103,1114,1122,1147,1153,1110,1159,1079,1157,1058,1155,1037,1151,1012,1145,999,1132,1043,1122,1063,1126,1082,1128,1133,1148,1081,1133,1061,1130,1041,1127
918,h,1,1,899,858,1270,1229,30.6,890,980,885,1032,882,1082,883,1132,890,1180,911,1219,947,1247,990,1267,1044,1280,1102,1281,1157,1274,1207,1257,1245,1226,1269,1182,1283,1133,1295,1080,1306,1025,927,909,948,877,984,865,1024,868,1058,884,1124,892,1162,882,1205,886,1242,907,1262,943,1084,935,1079,958,1074,979,1068,1003,1024,1051,1044,1057,1066,1063,1090,1063,1113,1062,964,949,986,934,1011,934,1033,954,1009,954,984,953,1141,964,1167,949,1193,954,1214,974,1189,974,1163,969,985,1134,1015,1108,1043,1096,1061,1103,1080,1101,1110,1121,1145,1153,1106,1160,1075,1157,1055,1155,1035,1151,1010,1146,999,1132,1041,1122,1060,1125,1078,1128,1130,1148,1077,1133,1058,1129,1039,1127
919,h,1,1,899,858,1270,1229,30.633333333333333,890,980,885,1032,882,1082,883,1132,890,1180,911,1219,947,1247,990,1267,1044,1280,1102,1281,1157,1274,1207,1257,1245,1226,1269,1182,1283,1133,1295,1080,1306,1025,927,909,948,877,984,865,1024,868,1058,884,1124,892,1162,882,1205,886,1242,907,1262,943,1084,935,1079,958,1074,979,1068,1003,1024,1051,1044,1057,1066,1063,1090,1063,1113,1062,964,949,986,934,1011,934,1033,954,1009,954,984,953,1141,964,1167,949,1193,954,1214,974,1189,974,1163,969,985,1134,1015,1108,1043,1096,1061,1103,1080,1101,1110,1121,1145,1153,1106,1160,1075,1157,1055,1155,1035,1151,1010,1146,999,1132,1041,1122,1060,1125,1078,1128,1130,1148,1077,1133,1058,1129,1039,1127
920,h,1,1,899,858,1270,1229,30.666666666666668,887,983,883,1035,882,1086,883,1136,891,1183,913,1221,949,1248,993,1266,1048,1277,1106,1276,1161,1268,1211,1251,1247,1221,1269,1178,1282,1129,1294,1077,1304,1023,926,915,945,881,983,867,1024,869,1060,885,1121,892,1161,880,1205,884,1243,905,1260,945,1084,935,1079,957,1074,978,1069,1002,1025,1052,1045,1057,1066,1062,1090,1061,1114,1061,963,952,985,937,1009,937,1031,955,1008,956,983,956,1141,963,1166,950,1191,954,1211,972,1188,972,1163,968,983,1134,1015,1108,1043,1096,1062,1103,1081,1101,1111,1119,1145,1151,1107,1157,1076,1155,1056,1153,1035,1149,1010,1145,997,1131,1041,1120,1061,1124,1080,1126,1130,1146,1078,1131,1059,1128,1039,1126
921,h,1,1,899,858,1270,1229,30.7,890,981,885,1033,882,1083,881,1134,890,1182,911,1221,946,1249,989,1268,1043,1281,1101,1281,1157,1273,1207,1256,1244,1226,1269,1183,1284,1134,1296,1080,1307,1026,930,911,950,878,986,865,1026,868,1061,884,1123,891,1162,880,1206,885,1243,905,1261,945,1084,932,1080,955,1075,977,1069,1002,1025,1051,1045,1057,1066,1062,1091,1062,1115,1061,966,948,986,934,1010,934,1030,950,1008,951,985,950,1143,960,1168,948,1192,953,1212,971,1188,970,1164,966,984,1135,1015,1109,1044,1096,1063,1103,1082,1101,1111,1121,1145,1152,1107,1158,1076,1157,1056,1155,1035,1151,1010,1146,997,1132,1042,1122,1061,1126,1080,1128,1131,1147,1078,1133,1059,1130,1040,1127
922,h,1,1,899,858,1270,1229,30.733333333333334,887,985,883,1036,881,1085,881,1135,890,1183,912,1221,950,1249,994,1268,1047,1280,1105,1280,1160,1273,1210,1255,1246,1224,1269,1180,1283,1130,1296,1077,1306,1023,926,913,946,879,983,866,1023,868,1058,884,1123,891,1162,880,1206,884,1244,906,1262,946,1084,934,1079,957,1074,978,1068,1002,1024,1050,1044,1056,1066,1062,1090,1061,1114,1060,964,949,985,934,1011,934,1032,953,1008,954,984,953,1140,963,1166,948,1192,953,1214,972,1190,973,1164,969,984,1135,1016,1109,1044,1096,1063,1104,1082,1102,1112,1121,1147,1153,1109,1159,1077,1157,1056,1156,1036,1152,1010,1146,998,1132,1042,1121,1061,1125,1081,1127,1132,1147,1079,1133,1059,1130,1039,1127
923,h,1,1,899,858,1270,1229,30.766666666666666,887,985,883,1036,881,1085,881,1135,890,1183,912,1221,950,1249,994,1268,1047,1280,1105,1280,1160,1273,1210,1255,1246,1224,1269,1180,1283,1130,1296,1077,1306,1023,926,913,946,879,983,866,1023,868,1058,884,1123,891,1162,880,1206,884,1244,906,1262,946,1084,934,1079,957,1074,978,1068,1002,1024,1050,1044,1056,1066,1062,1090,1061,1114,1060,964,949,985,934,1011,934,1032,953,1008,954,984,953,1140,963,1166,948,1192,953,1214,972,1190,973,1164,969,984,1135,1016,1109,1044,1096,1063,1104,1082,1102,1112,1121,1147,1153,1109,1159,1077,1157,1056,1156,1036,1152,1010,1146,998,1132,1042,1121,1061,1125,1081,1127,1132,1147,1079,1133,1059,1130,1039,1127
924,h,1,1,899,858,1270,1229,30.8,887,986,883,1038,881,1088,882,1137,892,1186,915,1224,952,1251,996,1271,1048,1283,1106,1284,1161,1275,1210,1257,1247,1226,1270,1183,1285,1134,1297,1082,1307,1028,925,914,946,880,985,866,1026,870,1062,887,1122,893,1162,881,1206,885,1245,907,1263,948,1085,935,1080,957,1075,978,1070,1002,1025,1051,1046,1057,1067,1062,1091,1062,1115,1062,963,950,985,935,1011,935,1033,954,1009,954,983,953,1141,964,1166,950,1192,954,1214,974,1190,974,1164,970,983,1134,1015,1108,1045,1096,1063,1103,1082,1101,1114,1122,1149,1153,1110,1163,1077,1161,1056,1160,1035,1155,1009,1149,997,1132,1042,1120,1061,1124,1081,1126,1135,1148,1079,1137,1059,1134,1040,1131
925,h,1,1,899,858,1270,1229,30.833333333333332,887,986,883,1038,881,1089,882,1140,891,1189,914,1228,950,1255,994,1275,1049,1287,1107,1287,1162,1277,1212,1258,1248,1227,1271,1183,1285,1134,1296,1082,1306,1028,923,914,943,878,982,863,1023,866,1059,883,1122,891,1161,878,1207,883,1245,906,1262,949,1083,933,1079,956,1074,978,1068,1003,1024,1050,1044,1057,1066,1062,1090,1062,1114,1061,963,949,984,935,1009,935,1031,953,1007,953,982,953,1142,963,1168,949,1193,954,1214,974,1190,972,1164,968,982,1136,1014,1109,1043,1097,1061,1104,1080,1102,1111,1122,1145,1153,1107,1162,1076,1160,1055,1158,1035,1154,1009,1148,996,1133,1041,1122,1060,1126,1079,1128,1131,1149,1077,1135,1058,1133,1039,1130
926,h,1,1,899,858,1270,1229,30.866666666666667,887,991,883,1042,881,1093,882,1141,890,1188,913,1226,948,1253,991,1272,1045,1282,1103,1283,1157,1274,1206,1257,1243,1227,1268,1185,1283,1136,1295,1084,1306,1031,924,914,944,879,981,865,1022,867,1058,883,1125,891,1164,880,1207,884,1244,905,1261,943,1085,934,1080,957,1075,979,1070,1004,1026,1052,1046,1057,1066,1062,1090,1062,1113,1061,961,953,982,936,1008,936,1031,956,1006,958,981,957,1141,964,1167,949,1194,953,1215,974,1191,974,1165,970,982,1135,1015,1109,1043,1097,1062,1103,1081,1102,1111,1121,1145,1152,1106,1158,1074,1156,1055,1154,1034,1150,1009,1146,997,1133,1041,1122,1060,1126,1079,1128,1130,1148,1077,1131,1058,1129,1038,1126
927,h,1,1,899,858,1270,1229,30.9,887,991,883,1042,881,1093,882,1141,890,1188,913,1226,948,1253,991,1272,1045,1282,1103,1283,1157,1274,1206,1257,1243,1227,1268,1185,1283,1136,1295,1084,1306,1031,924,914,944,879,981,865,1022,867,1058,883,1125,891,1164,880,1207,884,1244,905,1261,943,1085,934,1080,957,1075,979,1070,1004,1026,1052,1046,1057,1066,1062,1090,1062,1113,1061,961,953,982,936,1008,936,1031,956,1006,958,981,957,1141,964,1167,949,1194,953,1215,974,1191,974,1165,970,982,1135,1015,1109,1043,1097,1062,1103,1081,1102,1111,1121,1145,1152,1106,1158,1074,1156,1055,1154,1034,1150,1009,1146,997,1133,1041,1122,1060,1126,1079,1128,1130,1148,1077,1131,1058,1129,1038,1126
928,h,1,1,899,858,1270,1229,30.933333333333334,885,993,882,1044,882,1094,884,1143,894,1189,917,1225,954,1251,997,1269,1050,1280,1107,1279,1161,1271,1210,1254,1246,1225,1269,1182,1283,1133,1294,1082,1305,1030,921,913,943,880,982,866,1023,868,1059,885,1125,890,1164,880,1206,884,1243,905,1261,943,1085,935,1080,957,1076,978,1070,1002,1028,1053,1047,1058,1068,1062,1092,1062,1114,1062,960,953,983,937,1008,937,1030,957,1006,957,981,957,1142,965,1167,949,1192,953,1213,973,1190,973,1165,970,985,1135,1016,1110,1046,1098,1064,1105,1083,1103,1113,1122,1147,1151,1109,1159,1078,1156,1058,1154,1038,1151,1012,1146,999,1132,1044,1122,1063,1126,1082,1128,1133,1147,1080,1133,1061,1130,1041,1127
929,h,1,1,831,831,1277,1277,30.966666666666665,883,963,880,1020,879,1076,881,1129,890,1180,911,1221,945,1253,990,1274,1047,1285,1107,1283,1163,1273,1212,1253,1247,1220,1271,1176,1285,1125,1298,1072,1309,1015,915,900,939,867,979,853,1023,856,1059,876,1118,882,1160,870,1206,874,1244,895,1263,934,1083,929,1079,953,1074,976,1069,1002,1022,1050,1044,1056,1065,1061,1091,1060,1115,1059,955,943,978,935,1002,935,1024,945,1001,948,977,947,1144,955,1170,949,1193,954,1212,968,1189,967,1166,962,983,1136,1014,1108,1041,1096,1061,1103,1083,1101,1111,1120,1143,1152,1107,1157,1078,1156,1054,1154,1032,1151,1008,1146,997,1132,1039,1122,1059,1126,1081,1128,1129,1146,1080,1130,1058,1128,1037,1125
930,h,1,1,899,858,1270,1229,31.0,889,988,885,1040,884,1091,884,1140,893,1187,915,1225,950,1252,993,1270,1047,1281,1105,1281,1159,1272,1209,1254,1246,1224,1270,1181,1284,1132,1296,1081,1308,1030,930,913,950,881,987,868,1027,871,1062,887,1124,894,1163,884,1206,887,1243,907,1262,944,1086,935,1081,957,1075,978,1069,1002,1024,1051,1044,1057,1066,1062,1090,1062,1114,1061,965,952,986,937,1011,937,1034,956,1009,956,984,955,1143,964,1169,950,1194,955,1215,974,1191,974,1165,970,983,1137,1015,1110,1043,1097,1062,1104,1081,1101,1111,1121,1145,1153,1107,1158,1076,1156,1056,1154,1035,1150,1010,1147,997,1134,1041,1122,1060,1125,1079,1127,1130,1148,1078,1131,1059,1128,1040,1126
931,h,1,1,899,858,1270,1229,31.033333333333335,889,988,885,1040,884,1091,884,1140,893,1187,915,1225,950,1252,993,1270,1047,1281,1105,1281,1159,1272,1209,1254,1246,1224,1270,1181,1284,1132,1296,1081,1308,1030,930,913,950,881,987,868,1027,871,1062,887,1124,894,1163,884,1206,887,1243,907,1262,944,1086,935,1081,957,1075,978,1069,1002,1024,1051,1044,1057,1066,1062,1090,1062,1114,1061,965,952,986,937,1011,937,1034,956,1009,956,984,955,1143,964,1169,950,1194,955,1215,974,1191,974,1165,970,983,1137,1015,1110,1043,1097,1062,1104,1081,1101,1111,1121,1145,1153,1107,1158,1076,1156,1056,1154,1035,1150,1010,1147,997,1134,1041,1122,1060,1125,1079,1127,1130,1148,1078,1131,1059,1128,1040,1126
932,h,1,1,899,858,1270,1229,31.066666666666666,889,975,884,1029,883,1081,883,1133,892,1181,913,1220,948,1249,993,1270,1047,1282,1105,1281,1161,1271,1210,1252,1247,1221,1271,1178,1284,1128,1297,1075,1308,1021,928,908,949,875,987,862,1027,865,1063,882,1126,892,1165,881,1208,884,1246,904,1264,942,1085,931,1081,955,1076,979,1071,1005,1025,1052,1046,1058,1068,1063,1092,1063,1117,1062,965,945,986,932,1010,932,1031,947,1008,948,985,947,1145,957,1170,947,1193,952,1214,970,1189,968,1166,963,984,1133,1016,1110,1044,1099,1063,1105,1082,1104,1111,1122,1145,1151,1107,1159,1077,1157,1056,1155,1036,1151,1011,1146,998,1131,1042,1122,1061,1126,1080,1127,1131,1146,1079,1133,1060,1130,1040,1127
933,h,1,1,899,858,1270,1229,31.1,891,981,886,1034,884,1086,884,1136,893,1183,915,1221,950,1249,994,1269,1050,1281,1109,1281,1164,1273,1213,1255,1249,1225,1272,1182,1286,1133,1297,1081,1307,1028,931,908,952,875,990,863,1028,866,1062,884,1127,892,1166,882,1208,886,1245,905,1263,943,1087,931,1082,955,1078,979,1072,1005,1026,1051,1047,1057,1068,1063,1093,1063,1117,1062,967,945,987,933,1010,933,1031,948,1009,948,986,948,1147,958,1172,948,1195,953,1215,971,1192,969,1168,964,984,1134,1016,1109,1045,1098,1063,1105,1084,1104,1114,1123,1148,1154,1110,1161,1078,1158,1057,1156,1036,1152,1010,1147,997,1131,1042,1123,1062,1126,1082,1128,1134,1149,1081,1133,1060,1131,1041,1127
934,h,1,1,899,858,1270,1229,31.133333333333333,891,981,886,1034,884,1086,884,1136,893,1183,915,1221,950,1249,994,1269,1050,1281,1109,1281,1164,1273,1213,1255,1249,1225,1272,1182,1286,1133,1297,1081,1307,1028,931,908,952,875,990,863,1028,866,1062,884,1127,892,1166,882,1208,886,1245,905,1263,943,1087,931,1082,955,1078,979,1072,1005,1026,1051,1047,1057,1068,1063,1093,1063,1117,1062,967,945,987,933,1010,933,1031,948,1009,948,986,948,1147,958,1172,948,1195,953,1215,971,1192,969,1168,964,984,1134,1016,1109,1045,1098,1063,1105,1084,1104,1114,1123,1148,1154,1110,1161,1078,1158,1057,1156,1036,1152,1010,1147,997,1131,1042,1123,1062,1126,1082,1128,1134,1149,1081,1133,1060,1131,1041,1127
935,h,1,1,899,858,1270,1229,31.166666666666668,889,976,885,1031,883,1084,883,1134,893,1181,915,1220,951,1248,995,1267,1051,1278,1109,1278,1164,1268,1212,1250,1249,1220,1272,1178,1286,1129,1298,1077,1308,1024,929,908,951,875,989,863,1029,866,1063,884,1124,892,1164,881,1207,886,1244,905,1263,943,1087,932,1082,956,1077,979,1071,1005,1025,1052,1046,1057,1068,1063,1093,1063,1117,1062,966,945,987,933,1010,933,1030,948,1008,948,986,948,1146,958,1170,948,1194,953,1214,971,1190,968,1167,963,985,1134,1016,1110,1044,1098,1063,1105,1083,1103,1112,1122,1145,1152,1108,1157,1078,1155,1057,1153,1036,1149,1011,1145,998,1131,1042,1123,1062,1126,1082,1128,1132,1147,1080,1131,1060,1128,1040,1125
936,h,1,1,899,858,1270,1229,31.2,889,980,885,1034,883,1088,885,1139,894,1186,916,1225,951,1253,995,1273,1049,1284,1106,1284,1161,1275,1209,1256,1246,1226,1271,1183,1285,1134,1297,1081,1308,1028,930,909,951,876,988,863,1028,867,1063,884,1127,892,1166,881,1208,886,1245,905,1263,942,1087,931,1082,955,1077,980,1072,1006,1026,1051,1047,1057,1069,1063,1093,1062,1117,1061,966,945,987,932,1010,933,1031,947,1009,947,986,947,1147,957,1171,947,1195,952,1215,970,1191,968,1168,963,984,1135,1016,1110,1045,1098,1064,1105,1084,1103,1113,1122,1146,1153,1109,1160,1078,1158,1057,1156,1035,1152,1010,1147,997,1132,1042,1123,1062,1127,1082,1128,1132,1148,1081,1133,1060,1130,1040,1127
937,h,1,1,899,858,1270,1229,31.233333333333334,890,984,885,1036,883,1088,884,1139,893,1186,916,1225,952,1253,996,1274,1050,1285,1108,1284,1162,1273,1211,1255,1248,1224,1272,1182,1286,1133,1297,1080,1307,1028,929,907,950,877,987,864,1026,865,1060,881,1126,890,1165,880,1208,885,1244,906,1261,942,1086,933,1082,957,1077,981,1072,1006,1026,1054,1047,1059,1069,1064,1093,1064,1117,1064,966,947,987,934,1010,934,1030,949,1009,949,986,949,1145,959,1169,948,1193,953,1213,971,1189,968,1166,964,984,1134,1016,1110,1045,1098,1063,1105,1083,1103,1112,1122,1146,1153,1107,1159,1077,1158,1056,1156,1035,1152,1010,1146,997,1132,1042,1123,1062,1127,1081,1128,1132,1148,1079,1133,1059,1130,1040,1127
938,h,1,1,899,858,1270,1229,31.266666666666666,890,984,885,1036,883,1088,884,1139,893,1186,916,1225,952,1253,996,1274,1050,1285,1108,1284,1162,1273,1211,1255,1248,1224,1272,1182,1286,1133,1297,1080,1307,1028,929,907,950,877,987,864,1026,865,1060,881,1126,890,1165,880,1208,885,1244,906,1261,942,1086,933,1082,957,1077,981,1072,1006,1026,1054,1047,1059,1069,1064,1093,1064,1117,1064,966,947,987,934,1010,934,1030,949,1009,949,986,949,1145,959,1169,948,1193,953,1213,971,1189,968,1166,964,984,1134,1016,1110,1045,1098,1063,1105,1083,1103,1112,1122,1146,1153,1107,1159,1077,1158,1056,1156,1035,1152,1010,1146,997,1132,1042,1123,1062,1127,1081,1128,1132,1148,1079,1133,1059,1130,1040,1127
939,h,1,1,899,858,1270,1229,31.3,891,983,886,1034,883,1085,884,1135,894,1182,915,1221,951,1249,994,1268,1048,1280,1106,1279,1161,1271,1209,1254,1245,1224,1270,1182,1285,1133,1297,1081,1307,1028,931,908,951,875,988,861,1027,863,1061,880,1125,889,1164,878,1208,883,1245,904,1262,943,1086,932,1081,956,1076,980,1071,1006,1025,1052,1046,1058,1068,1064,1093,1063,1117,1062,966,945,987,933,1010,932,1031,948,1009,948,986,948,1144,959,1170,947,1193,952,1213,971,1190,968,1166,964,984,1133,1015,1109,1043,1097,1062,1105,1082,1103,1111,1121,1145,1152,1108,1158,1077,1157,1056,1155,1035,1151,1010,1145,998,1130,1041,1122,1061,1126,1080,1128,1131,1147,1079,1132,1059,1129,1039,1126
940,h,1,1,899,858,1270,1229,31.333333333333332,892,979,887,1032,884,1084,885,1135,893,1182,915,1221,950,1249,994,1269,1048,1280,1106,1280,1162,1271,1211,1253,1248,1222,1274,1180,1288,1130,1300,1078,1310,1026,932,907,953,875,990,862,1029,865,1063,882,1126,890,1166,880,1208,884,1244,904,1262,940,1087,930,1082,954,1078,978,1072,1004,1027,1050,1047,1057,1069,1062,1093,1062,1117,1061,969,944,989,932,1012,932,1032,947,1010,947,988,947,1147,957,1171,946,1194,951,1214,969,1191,967,1168,962,984,1133,1015,1108,1044,1097,1063,1104,1084,1102,1113,1122,1147,1153,1109,1158,1078,1156,1056,1154,1035,1150,1010,1144,998,1130,1041,1121,1061,1125,1082,1127,1133,1148,1080,1132,1060,1129,1039,1126
941,h,1,1,899,858,1270,1229,31.366666666666667,894,973,888,1026,885,1079,885,1130,893,1177,914,1217,949,1245,992,1266,1047,1278,1105,1278,1159,1269,1210,1252,1249,1222,1274,1179,1288,1130,1300,1077,1312,1024,935,904,956,873,993,862,1032,866,1066,884,1129,892,1168,882,1210,886,1247,904,1265,940,1090,931,1085,956,1080,979,1074,1005,1028,1052,1048,1057,1070,1063,1093,1063,1117,1063,969,944,990,933,1013,933,1033,947,1012,948,989,947,1150,958,1174,948,1197,954,1217,971,1193,968,1170,964,985,1134,1015,1108,1044,1097,1062,1104,1082,1102,1112,1122,1145,1153,1108,1159,1076,1157,1056,1155,1035,1150,1010,1145,998,1131,1041,1122,1061,1126,1080,1128,1131,1148,1079,1131,1059,1129,1039,1126
942,h,1,1,899,858,1270,1229,31.4,894,973,888,1026,885,1079,885,1130,893,1177,914,1217,949,1245,992,1266,1047,1278,1105,1278,1159,1269,1210,1252,1249,1222,1274,1179,1288,1130,1300,1077,1312,1024,935,904,956,873,993,862,1032,866,1066,884,1129,892,1168,882,1210,886,1247,904,1265,940,1090,931,1085,956,1080,979,1074,1005,1028,1052,1048,1057,1070,1063,1093,1063,1117,1063,969,944,990,933,1013,933,1033,947,1012,948,989,947,1150,958,1174,948,1197,954,1217,971,1193,968,1170,964,985,1134,1015,1108,1044,1097,1062,1104,1082,1102,1112,1122,1145,1153,1108,1159,1076,1157,1056,1155,1035,1150,1010,1145,998,1131,1041,1122,1061,1126,1080,1128,1131,1148,1079,1131,1059,1129,1039,1126
943,h,1,1,899,858,1270,1229,31.433333333333334,895,979,889,1032,886,1083,886,1134,894,1182,916,1222,950,1251,993,1272,1046,1283,1105,1283,1160,1273,1210,1255,1248,1225,1274,1182,1288,1131,1300,1079,1310,1025,934,907,955,875,992,863,1032,867,1067,885,1126,893,1165,882,1207,884,1244,903,1263,941,1088,931,1084,956,1079,979,1073,1005,1027,1052,1048,1058,1070,1064,1095,1063,1119,1062,970,946,990,933,1013,933,1033,948,1012,948,989,948,1147,958,1172,947,1195,952,1214,971,1191,968,1168,963,984,1136,1016,1110,1045,1098,1064,1105,1084,1103,1114,1122,1148,1153,1110,1160,1078,1159,1057,1157,1036,1153,1011,1148,998,1133,1043,1123,1062,1127,1082,1128,1135,1148,1081,1134,1061,1132,1041,1129
944,h,1,1,899,858,1270,1229,31.466666666666665,893,981,887,1034,885,1086,885,1137,894,1184,916,1223,952,1251,995,1270,1049,1281,1107,1281,1163,1271,1212,1253,1249,1223,1274,1182,1288,1134,1300,1083,1311,1031,935,907,957,876,994,865,1034,868,1068,886,1126,894,1165,884,1208,888,1245,907,1264,943,1089,934,1084,957,1078,980,1072,1005,1027,1052,1047,1058,1069,1064,1093,1064,1117,1064,970,946,991,932,1013,932,1034,948,1012,948,990,948,1148,959,1173,948,1196,954,1216,973,1192,969,1169,964,985,1135,1016,1109,1045,1097,1063,1104,1082,1103,1112,1123,1145,1154,1107,1160,1076,1158,1056,1156,1035,1152,1011,1147,998,1132,1042,1123,1061,1127,1080,1129,1131,1149,1078,1134,1059,1131,1040,1128
945,h,1,1,899,858,1270,1229,31.5,892,981,887,1034,885,1087,885,1138,895,1185,917,1224,952,1252,996,1271,1049,1282,1107,1281,1162,1272,1211,1255,1248,1225,1273,1182,1287,1133,1299,1080,1310,1027,932,910,951,876,988,862,1028,865,1063,882,1125,891,1164,880,1207,884,1245,905,1263,944,1087,931,1082,955,1077,979,1071,1004,1026,1051,1047,1057,1069,1063,1093,1063,1118,1062,967,946,988,932,1011,932,1033,949,1010,949,987,948,1146,959,1170,947,1194,952,1215,971,1191,968,1167,964,984,1134,1015,1109,1044,1097,1063,1104,1083,1102,1113,1122,1147,1153,1109,1159,1077,1157,1056,1155,1035,1151,1011,1145,997,1131,1042,1123,1061,1126,1081,1128,1133,1147,1080,1133,1060,1130,1040,1126
946,h,1,1,899,858,1270,1229,31.533333333333335,892,981,887,1034,885,1087,885,1138,895,1185,917,1224,952,1252,996,1271,1049,1282,1107,1281,1162,1272,1211,1255,1248,1225,1273,1182,1287,1133,1299,1080,1310,1027,932,910,951,876,988,862,1028,865,1063,882,1125,891,1164,880,1207,884,1245,905,1263,944,1087,931,1082,955,1077,979,1071,1004,1026,1051,1047,1057,1069,1063,1093,1063,1118,1062,967,946,988,932,1011,932,1033,949,1010,949,987,948,1146,959,1170,947,1194,952,1215,971,1191,968,1167,964,984,1134,1015,1109,1044,1097,1063,1104,1083,1102,1113,1122,1147,1153,1109,1159,1077,1157,1056,1155,1035,1151,1011,1145,997,1131,1042,1123,1061,1126,1081,1128,1133,1147,1080,1133,1060,1130,1040,1126
947,h,1,1,899,858,1270,1229,31.566666666666666,890,986,886,1038,884,1089,886,1140,896,1186,918,1225,954,1252,998,1272,1051,1284,1110,1283,1164,1274,1214,1255,1250,1225,1274,1182,1287,1133,1298,1080,1308,1027,929,911,949,876,987,863,1027,865,1063,882,1123,891,1163,880,1206,885,1243,906,1261,945,1086,931,1082,955,1077,979,1072,1005,1026,1051,1047,1057,1069,1063,1094,1063,1117,1062,966,946,986,933,1009,933,1031,949,1008,949,985,948,1145,959,1169,948,1193,953,1214,972,1189,969,1166,964,984,1135,1017,1110,1045,1098,1064,1105,1083,1103,1114,1123,1148,1154,1110,1160,1078,1158,1058,1156,1037,1152,1012,1147,998,1132,1043,1123,1062,1127,1082,1129,1134,1149,1080,1133,1060,1130,1041,1127
948,h,1,1,899,858,1270,1229,31.6,889,980,884,1033,882,1086,883,1137,893,1184,915,1222,950,1251,994,1271,1049,1282,1108,1281,1164,1271,1214,1253,1249,1221,1272,1178,1286,1128,1298,1075,1309,1021,926,911,946,877,985,863,1026,865,1063,882,1125,890,1165,879,1208,884,1246,905,1264,944,1086,932,1081,956,1076,979,1070,1005,1024,1051,1045,1058,1067,1063,1092,1063,1117,1062,963,946,984,934,1008,933,1030,949,1007,949,983,949,1145,958,1170,948,1195,953,1215,970,1191,968,1167,964,983,1134,1015,1110,1044,1097,1064,1104,1084,1103,1114,1123,1149,1154,1111,1161,1078,1159,1057,1157,1035,1153,1010,1147,997,1131,1042,1122,1062,1126,1082,1128,1135,1148,1081,1134,1060,1131,1040,1128
949,h,1,1,899,858,1270,1229,31.633333333333333,889,980,884,1033,882,1086,883,1137,893,1184,915,1222,950,1251,994,1271,1049,1282,1108,1281,1164,1271,1214,1253,1249,1221,1272,1178,1286,1128,1298,1075,1309,1021,926,911,946,877,985,863,1026,865,1063,882,1125,890,1165,879,1208,884,1246,905,1264,944,1086,932,1081,956,1076,979,1070,1005,1024,1051,1045,1058,1067,1063,1092,1063,1117,1062,963,946,984,934,1008,933,1030,949,1007,949,983,949,1145,958,1170,948,1195,953,1215,970,1191,968,1167,964,983,1134,1015,1110,1044,1097,1064,1104,1084,1103,1114,1123,1149,1154,1111,1161,1078,1159,1057,1157,1035,1153,1010,1147,997,1131,1042,1122,1062,1126,1082,1128,1135,1148,1081,1134,1060,1131,1040,1128
950,h,1,1,899,858,1270,1229,31.666666666666668,892,982,886,1034,884,1086,885,1137,895,1184,916,1222,951,1252,994,1273,1047,1284,1106,1283,1161,1273,1211,1254,1248,1224,1272,1181,1286,1131,1297,1079,1307,1026,933,911,952,877,989,864,1028,868,1062,886,1126,892,1165,881,1207,884,1244,904,1262,943,1086,933,1081,956,1076,979,1070,1004,1027,1051,1046,1057,1067,1063,1091,1063,1114,1062,968,947,988,933,1013,933,1034,951,1011,951,987,951,1145,960,1169,947,1194,951,1215,971,1191,970,1166,966,983,1134,1014,1109,1043,1098,1062,1104,1082,1103,1113,1122,1146,1152,1109,1161,1077,1159,1055,1157,1034,1153,1009,1147,997,1131,1041,1123,1061,1126,1081,1128,1133,1147,1079,1134,1059,1131,1039,1128
951,h,1,1,899,858,1270,1229,31.7,888,980,884,1033,882,1085,883,1136,893,1184,914,1222,949,1252,993,1272,1048,1282,1107,1282,1163,1273,1212,1254,1248,1224,1272,1182,1287,1133,1299,1080,1310,1026,929,910,950,877,987,863,1027,866,1063,883,1127,891,1167,880,1210,883,1249,902,1268,941,1086,930,1081,954,1076,978,1070,1004,1026,1051,1046,1057,1067,1063,1091,1062,1115,1061,966,947,987,933,1010,933,1032,948,1009,949,986,949,1146,957,1171,946,1195,951,1216,969,1191,967,1167,963,984,1135,1015,1110,1044,1098,1063,1105,1083,1103,1114,1122,1149,1153,1111,1161,1078,1160,1057,1158,1035,1154,1010,1148,998,1132,1041,1123,1061,1127,1082,1128,1135,1149,1080,1134,1060,1132,1040,1128
952,h,1,1,899,858,1270,1229,31.733333333333334,888,977,883,1030,882,1082,884,1134,893,1182,915,1220,949,1249,993,1268,1047,1280,1107,1279,1162,1270,1212,1252,1248,1221,1272,1178,1286,1128,1298,1075,1309,1022,928,904,950,873,988,862,1027,865,1062,882,1126,891,1165,881,1208,883,1246,902,1264,939,1087,933,1082,956,1077,978,1071,1003,1026,1052,1046,1058,1068,1063,1093,1063,1117,1062,967,945,988,933,1012,933,1033,949,1011,951,986,950,1145,960,1169,948,1194,953,1215,971,1191,971,1166,966,986,1134,1017,1110,1046,1098,1064,1105,1083,1103,1112,1123,1146,1153,1109,1160,1077,1159,1057,1157,1037,1153,1012,1147,999,1132,1043,1123,1062,1127,1081,1129,1132,1148,1080,1134,1061,1131,1041,1128
953,h,1,1,899,858,1270,1229,31.766666666666666,888,977,883,1030,882,1082,884,1134,893,1182,915,1220,949,1249,993,1268,1047,1280,1107,1279,1162,1270,1212,1252,1248,1221,1272,1178,1286,1128,1298,1075,1309,1022,928,904,950,873,988,862,1027,865,1062,882,1126,891,1165,881,1208,883,1246,902,1264,939,1087,933,1082,956,1077,978,1071,1003,1026,1052,1046,1058,1068,1063,1093,1063,1117,1062,967,945,988,933,1012,933,1033,949,1011,951,986,950,1145,960,1169,948,1194,953,1215,971,1191,971,1166,966,986,1134,1017,1110,1046,1098,1064,1105,1083,1103,1112,1123,1146,1153,1109,1160,1077,1159,1057,1157,1037,1153,1012,1147,999,1132,1043,1123,1062,1127,1081,1129,1132,1148,1080,1134,1061,1131,1041,1128
954,h,1,1,899,858,1270,1229,31.8,890,977,885,1031,884,1083,884,1134,894,1182,915,1221,949,1249,992,1269,1047,1281,1106,1282,1162,1274,1212,1255,1249,1224,1273,1180,1287,1129,1299,1075,1310,1021,927,906,948,873,986,860,1026,863,1062,881,1125,890,1165,879,1209,883,1247,904,1265,943,1086,930,1081,955,1076,978,1070,1004,1025,1051,1046,1058,1068,1063,1092,1063,1116,1061,965,946,986,933,1010,932,1032,948,1009,949,985,949,1146,958,1170,947,1195,952,1216,971,1191,969,1167,965,985,1134,1017,1110,1045,1098,1063,1105,1083,1104,1113,1123,1148,1154,1109,1160,1077,1158,1057,1156,1037,1151,1012,1147,998,1131,1043,1123,1062,1127,1081,1129,1134,1148,1080,1133,1060,1130,1041,1127
955,h,1,1,899,858,1270,1229,31.833333333333332,889,985,885,1038,883,1090,884,1139,894,1186,916,1223,949,1250,992,1268,1045,1278,1103,1279,1157,1273,1207,1256,1243,1227,1269,1186,1284,1137,1296,1084,1307,1031,930,913,949,878,988,864,1028,866,1064,883,1125,891,1165,881,1209,886,1247,907,1264,947,1086,932,1081,956,1076,979,1070,1005,1023,1052,1045,1058,1067,1064,1092,1063,1116,1062,966,949,987,934,1012,934,1034,952,1010,952,986,952,1143,962,1169,949,1194,954,1215,974,1190,972,1165,967,984,1135,1015,1110,1044,1098,1062,1105,1081,1103,1111,1122,1146,1153,1107,1160,1076,1158,1055,1156,1034,1152,1009,1148,997,1132,1041,1123,1060,1126,1080,1128,1132,1148,1078,1134,1059,1131,1039,1129
956,h,1,1,899,858,1270,1229,31.866666666666667,887,980,883,1035,881,1087,883,1138,892,1186,915,1225,950,1252,993,1271,1046,1282,1104,1283,1159,1274,1208,1256,1245,1226,1270,1182,1285,1132,1297,1079,1308,1025,926,908,947,875,986,862,1028,865,1063,884,1123,892,1162,881,1207,885,1245,906,1264,946,1084,933,1079,957,1074,979,1068,1004,1024,1053,1044,1059,1066,1064,1090,1064,1114,1064,963,948,986,934,1011,935,1033,953,1009,953,984,952,1141,964,1167,951,1192,955,1214,975,1189,974,1164,970,982,1135,1015,1110,1044,1097,1062,1104,1081,1102,1112,1122,1147,1154,1108,1161,1076,1159,1055,1157,1035,1153,1010,1147,996,1132,1041,1123,1060,1127,1080,1129,1132,1149,1078,1133,1059,1130,1039,1128
957,h,1,1,899,858,1270,1229,31.9,887,980,883,1035,881,1087,883,1138,892,1186,915,1225,950,1252,993,1271,1046,1282,1104,1283,1159,1274,1208,1256,1245,1226,1270,1182,1285,1132,1297,1079,1308,1025,926,908,947,875,986,862,1028,865,1063,884,1123,892,1162,881,1207,885,1245,906,1264,946,1084,933,1079,957,1074,979,1068,1004,1024,1053,1044,1059,1066,1064,1090,1064,1114,1064,963,948,986,934,1011,935,1033,953,1009,953,984,952,1141,964,1167,951,1192,955,1214,975,1189,974,1164,970,982,1135,1015,1110,1044,1097,1062,1104,1081,1102,1112,1122,1147,1154,1108,1161,1076,1159,1055,1157,1035,1153,1010,1147,996,1132,1041,1123,1060,1127,1080,1129,1132,1149,1078,1133,1059,1130,1039,1128
958,h,1,1,899,858,1270,1229,31.933333333333334,888,985,884,1038,882,1089,883,1140,892,1188,914,1227,950,1256,995,1276,1048,1287,1107,1288,1162,1279,1212,1260,1249,1229,1273,1185,1287,1135,1300,1082,1311,1028,925,908,947,875,985,862,1025,864,1060,882,1122,890,1163,879,1207,884,1246,905,1266,944,1084,931,1079,956,1074,979,1068,1005,1024,1053,1044,1058,1065,1064,1090,1064,1114,1063,962,948,983,934,1007,934,1029,950,1006,950,982,950,1145,961,1170,949,1195,954,1216,973,1191,971,1167,966,981,1136,1013,1109,1042,1097,1061,1104,1082,1103,1113,1123,1149,1154,1109,1163,1076,1161,1055,1158,1033,1154,1008,1148,994,1133,1040,1122,1060,1126,1080,1128,1134,1150,1078,1136,1058,1133,1037,1129
959,h,1,1,899,858,1270,1229,31.966666666666665,891,977,886,1031,883,1083,883,1134,892,1182,913,1220,948,1249,992,1269,1047,1280,1105,1281,1161,1273,1210,1256,1247,1225,1271,1183,1286,1134,1299,1082,1311,1029,930,910,950,876,988,863,1029,866,1063,884,1125,891,1166,880,1210,885,1248,905,1266,945,1086,931,1081,955,1076,979,1069,1005,1024,1051,1045,1057,1066,1063,1091,1063,1115,1062,966,946,987,934,1011,933,1033,950,1009,950,986,949,1145,959,1170,948,1195,953,1215,972,1191,970,1167,965,981,1135,1014,1110,1043,1097,1062,1104,1082,1103,1113,1123,1149,1154,1109,1161,1077,1158,1055,1156,1034,1152,1008,1147,995,1132,1040,1123,1060,1127,1080,1129,1134,1149,1079,1133,1059,1130,1039,1127
960,h,1,1,899,858,1270,1229,32.0,888,981,884,1034,882,1086,882,1137,892,1185,914,1224,949,1253,992,1273,1046,1285,1104,1286,1160,1279,1209,1260,1245,1230,1271,1187,1287,1137,1300,1083,1312,1029,927,907,947,874,984,860,1024,864,1059,880,1124,889,1164,878,1208,883,1246,904,1264,945,1084,932,1079,956,1073,979,1067,1004,1023,1053,1043,1058,1065,1064,1090,1064,1115,1063,964,946,985,931,1010,932,1032,950,1008,950,983,949,1143,961,1168,948,1193,953,1215,972,1190,971,1165,967,981,1135,1012,1110,1041,1097,1061,1104,1080,1102,1112,1124,1150,1156,1109,1164,1075,1162,1054,1159,1033,1155,1008,1148,995,1133,1039,1122,1059,1126,1079,1128,1135,1151,1077,1138,1057,1134,1037,1131
961,h,1,1,899,858,1270,1229,32.03333333333333,888,981,884,1034,882,1086,882,1137,892,1185,914,1224,949,1253,992,1273,1046,1285,1104,1286,1160,1279,1209,1260,1245,1230,1271,1187,1287,1137,1300,1083,1312,1029,927,907,947,874,984,860,1024,864,1059,880,1124,889,1164,878,1208,883,1246,904,1264,945,1084,932,1079,956,1073,979,1067,1004,1023,1053,1043,1058,1065,1064,1090,1064,1115,1063,964,946,985,931,1010,932,1032,950,1008,950,983,949,1143,961,1168,948,1193,953,1215,972,1190,971,1165,967,981,1135,1012,1110,1041,1097,1061,1104,1080,1102,1112,1124,1150,1156,1109,1164,1075,1162,1054,1159,1033,1155,1008,1148,995,1133,1039,1122,1059,1126,1079,1128,1135,1151,1077,1138,1057,1134,1037,1131
962,h,1,1,899,858,1270,1229,32.06666666666667,887,981,884,1035,882,1086,883,1138,892,1186,914,1226,949,1255,992,1276,1046,1287,1104,1287,1159,1277,1208,1259,1246,1227,1270,1184,1284,1134,1296,1081,1307,1027,926,912,946,877,984,863,1025,866,1062,883,1123,892,1163,882,1207,886,1246,908,1263,949,1085,934,1081,957,1075,980,1070,1005,1024,1052,1044,1058,1066,1063,1091,1063,1114,1063,965,948,987,934,1011,934,1033,952,1010,953,985,952,1142,963,1167,950,1193,955,1214,975,1190,974,1164,970,982,1137,1013,1111,1042,1098,1061,1105,1080,1103,1111,1123,1145,1155,1107,1164,1075,1163,1055,1162,1034,1157,1008,1150,996,1134,1040,1123,1059,1127,1079,1129,1131,1150,1078,1137,1058,1135,1039,1132
963,h,1,1,899,858,1270,1229,32.1,889,981,884,1033,882,1084,883,1136,892,1184,913,1223,947,1253,990,1274,1046,1286,1106,1287,1162,1277,1212,1258,1248,1227,1272,1183,1285,1133,1297,1079,1307,1026,931,908,953,876,989,864,1028,867,1062,883,1124,890,1163,880,1206,885,1243,905,1261,943,1086,930,1081,955,1076,978,1070,1005,1025,1051,1045,1057,1067,1063,1091,1063,1115,1062,967,947,987,933,1010,933,1031,948,1009,949,986,949,1145,958,1169,947,1193,952,1213,971,1190,969,1166,964,981,1136,1012,1109,1041,1098,1060,1104,1080,1103,1111,1123,1146,1155,1107,1162,1075,1160,1054,1158,1033,1154,1008,1148,995,1133,1039,1123,1059,1127,1079,1129,1132,1150,1078,1135,1057,1132,1038,1129
964,h,1,1,899,858,1270,1229,32.13333333333333,889,981,884,1033,882,1084,883,1136,892,1184,913,1223,947,1253,990,1274,1046,1286,1106,1287,1162,1277,1212,1258,1248,1227,1272,1183,1285,1133,1297,1079,1307,1026,931,908,953,876,989,864,1028,867,1062,883,1124,890,1163,880,1206,885,1243,905,1261,943,1086,930,1081,955,1076,978,1070,1005,1025,1051,1045,1057,1067,1063,1091,1063,1115,1062,967,947,987,933,1010,933,1031,948,1009,949,986,949,1145,958,1169,947,1193,952,1213,971,1190,969,1166,964,981,1136,1012,1109,1041,1098,1060,1104,1080,1103,1111,1123,1146,1155,1107,1162,1075,1160,1054,1158,1033,1154,1008,1148,995,1133,1039,1123,1059,1127,1079,1129,1132,1150,1078,1135,1057,1132,1038,1129
965,h,1,1,899,858,1270,1229,32.166666666666664,889,978,884,1030,881,1082,882,1132,890,1180,911,1219,945,1248,989,1269,1044,1280,1104,1281,1160,1271,1210,1252,1246,1220,1270,1176,1284,1127,1295,1074,1306,1021,930,906,951,874,987,861,1026,864,1060,882,1122,889,1160,878,1203,882,1240,902,1259,939,1083,932,1079,956,1074,979,1069,1004,1023,1050,1043,1057,1065,1063,1089,1063,1113,1062,964,946,985,934,1008,933,1029,948,1007,949,984,949,1142,958,1167,948,1191,953,1210,971,1187,969,1163,964,982,1134,1013,1109,1041,1097,1060,1105,1079,1103,1109,1123,1143,1154,1104,1161,1073,1159,1052,1156,1032,1152,1007,1146,995,1131,1039,1123,1058,1127,1078,1129,1130,1149,1076,1133,1056,1130,1036,1127
966,h,1,1,831,831,1277,1277,32.2,878,973,874,1028,873,1084,876,1137,888,1185,910,1225,946,1255,991,1276,1048,1288,1108,1287,1166,1278,1216,1258,1252,1225,1275,1180,1290,1129,1302,1076,1313,1019,912,904,935,868,976,856,1019,860,1055,880,1121,887,1163,874,1207,878,1246,897,1265,936,1082,933,1078,957,1074,979,1070,1005,1021,1053,1043,1059,1065,1064,1091,1063,1116,1062,952,949,975,940,1000,940,1022,952,999,954,974,953,1144,962,1170,955,1194,960,1215,975,1191,974,1167,969,978,1137,1012,1111,1041,1098,1060,1105,1081,1104,1110,1124,1145,1155,1106,1160,1075,1157,1053,1155,1031,1151,1007,1147,992,1134,1039,1125,1058,1129,1080,1131,1130,1150,1077,1132,1056,1130,1036,1126
967,h,1,1,899,858,1270,1229,32.233333333333334,888,987,883,1040,881,1090,883,1140,892,1188,914,1227,950,1256,994,1275,1047,1286,1105,1286,1161,1278,1211,1261,1248,1230,1272,1187,1287,1136,1298,1083,1308,1030,930,915,949,881,986,865,1026,866,1060,882,1120,889,1160,879,1204,884,1241,906,1259,946,1084,932,1078,956,1073,978,1067,1003,1022,1051,1042,1057,1064,1063,1089,1063,1113,1062,966,953,987,942,1009,941,1031,953,1008,954,986,954,1142,962,1167,955,1191,960,1212,976,1187,973,1164,968,980,1135,1011,1110,1039,1097,1058,1104,1079,1102,1109,1122,1144,1154,1105,1161,1074,1158,1052,1156,1031,1151,1006,1146,994,1132,1037,1123,1057,1127,1077,1128,1130,1149,1076,1133,1056,1129,1036,1126
968,h,1,1,899,858,1270,1229,32.266666666666666,888,987,883,1040,881,1090,883,1140,892,1188,914,1227,950,1256,994,1275,1047,1286,1105,1286,1161,1278,1211,1261,1248,1230,1272,1187,1287,1136,1298,1083,1308,1030,930,915,949,881,986,865,1026,866,1060,882,1120,889,1160,879,1204,884,1241,906,1259,946,1084,932,1078,956,1073,978,1067,1003,1022,1051,1042,1057,1064,1063,1089,1063,1113,1062,966,953,987,942,1009,941,1031,953,1008,954,986,954,1142,962,1167,955,1191,960,1212,976,1187,973,1164,968,980,1135,1011,1110,1039,1097,1058,1104,1079,1102,1109,1122,1144,1154,1105,1161,1074,1158,1052,1156,1031,1151,1006,1146,994,1132,1037,1123,1057,1127,1077,1128,1130,1149,1076,1133,1056,1129,1036,1126
969,h,1,1,831,831,1277,1277,32.3,879,987,875,1041,874,1093,876,1144,886,1191,910,1230,946,1258,992,1279,1048,1290,1107,1289,1163,1279,1212,1261,1247,1229,1271,1187,1286,1136,1297,1084,1308,1028,914,908,936,872,976,858,1019,861,1055,880,1120,885,1161,875,1205,880,1243,901,1259,943,1080,931,1077,955,1072,977,1068,1003,1020,1053,1042,1059,1064,1064,1090,1064,1113,1063,952,952,976,942,1000,941,1022,953,1000,954,975,955,1140,963,1167,955,1192,961,1212,977,1188,975,1164,970,977,1139,1011,1110,1040,1097,1059,1104,1080,1102,1110,1124,1144,1157,1106,1161,1074,1158,1052,1156,1030,1152,1005,1148,992,1135,1037,1123,1057,1128,1079,1130,1129,1151,1076,1132,1055,1130,1035,1127
970,h,1,1,831,831,1277,1277,32.333333333333336,884,980,880,1034,880,1087,881,1138,890,1186,911,1227,945,1258,989,1281,1045,1294,1106,1293,1163,1284,1212,1262,1247,1229,1271,1185,1285,1134,1298,1082,1311,1025,914,905,939,870,979,859,1022,863,1058,881,1123,889,1163,877,1206,880,1245,899,1264,938,1083,933,1079,957,1074,980,1069,1006,1021,1054,1043,1061,1066,1067,1091,1066,1115,1064,954,951,978,941,1002,940,1025,952,1002,954,978,954,1145,962,1172,954,1196,960,1216,976,1192,973,1169,968,977,1140,1010,1112,1040,1098,1059,1105,1080,1103,1111,1124,1147,1157,1107,1164,1075,1163,1053,1161,1031,1157,1005,1152,991,1137,1038,1125,1057,1128,1079,1130,1131,1152,1077,1137,1055,1135,1036,1132
971,h,1,1,899,858,1270,1229,32.36666666666667,891,979,886,1032,883,1083,883,1133,891,1181,911,1220,946,1249,990,1269,1045,1281,1106,1282,1163,1274,1213,1255,1249,1224,1272,1181,1287,1132,1299,1079,1309,1026,931,910,951,877,987,864,1026,867,1061,883,1125,891,1164,880,1207,885,1244,905,1262,943,1085,931,1081,955,1076,979,1070,1005,1024,1050,1044,1056,1066,1062,1090,1062,1114,1061,966,948,986,936,1009,935,1029,949,1008,950,985,950,1145,959,1170,949,1193,954,1213,972,1189,969,1166,965,982,1135,1013,1110,1041,1098,1059,1105,1079,1103,1110,1123,1145,1154,1106,1161,1074,1158,1053,1156,1032,1152,1008,1147,996,1132,1038,1123,1058,1126,1078,1128,1132,1149,1076,1134,1056,1131,1037,1128
972,h,1,1,899,858,1270,1229,32.4,891,979,886,1032,883,1083,883,1133,891,1181,911,1220,946,1249,990,1269,1045,1281,1106,1282,1163,1274,1213,1255,1249,1224,1272,1181,1287,1132,1299,1079,1309,1026,931,910,951,877,987,864,1026,867,1061,883,1125,891,1164,880,1207,885,1244,905,1262,943,1085,931,1081,955,1076,979,1070,1005,1024,1050,1044,1056,1066,1062,1090,1062,1114,1061,966,948,986,936,1009,935,1029,949,1008,950,985,950,1145,959,1170,949,1193,954,1213,972,1189,969,1166,965,982,1135,1013,1110,1041,1098,1059,1105,1079,1103,1110,1123,1145,1154,1106,1161,1074,1158,1053,1156,1032,1152,1008,1147,996,1132,1038,1123,1058,1126,1078,1128,1132,1149,1076,1134,1056,1131,1037,1128
973,h,1,1,899,858,1270,1229,32.43333333333333,891,979,886,1031,883,1082,883,1134,891,1181,912,1221,947,1250,991,1270,1047,1283,1107,1284,1162,1273,1212,1255,1248,1223,1271,1179,1285,1129,1297,1077,1308,1024,931,910,951,877,987,864,1027,867,1062,884,1125,891,1165,881,1207,886,1244,906,1262,945,1085,930,1081,955,1076,978,1071,1004,1025,1050,1045,1057,1067,1063,1091,1062,1115,1061,966,947,987,935,1009,934,1030,948,1008,949,986,949,1145,958,1169,949,1192,954,1212,972,1188,969,1165,964,983,1134,1015,1109,1042,1098,1061,1105,1080,1103,1111,1123,1146,1154,1108,1162,1076,1159,1055,1157,1035,1153,1010,1147,997,1131,1040,1122,1059,1126,1079,1128,1132,1149,1078,1135,1058,1132,1039,1128
974,h,1,1,899,858,1270,1229,32.46666666666667,890,978,886,1031,883,1082,883,1133,890,1181,910,1220,945,1249,988,1270,1043,1284,1103,1285,1159,1277,1209,1258,1247,1226,1272,1183,1287,1133,1300,1079,1310,1025,929,909,950,876,987,863,1026,866,1061,884,1125,891,1164,881,1207,886,1244,906,1262,944,1085,930,1081,955,1076,978,1070,1004,1025,1049,1045,1056,1066,1062,1091,1062,1115,1061,965,946,986,935,1009,934,1031,948,1008,949,985,948,1145,959,1170,949,1193,955,1213,972,1189,969,1166,964,984,1133,1015,1109,1042,1098,1060,1105,1080,1103,1110,1123,1145,1154,1106,1161,1075,1159,1054,1156,1034,1152,1010,1146,997,1131,1039,1122,1059,1127,1078,1129,1131,1149,1077,1133,1057,1131,1038,1127
975,h,1,1,831,831,1277,1277,32.5,882,966,877,1022,875,1078,877,1132,887,1182,909,1222,944,1253,990,1274,1047,1286,1108,1285,1165,1274,1214,1254,1250,1221,1273,1177,1287,1126,1300,1074,1311,1019,913,903,936,868,977,856,1021,859,1057,880,1122,888,1164,875,1208,879,1247,899,1264,937,1085,930,1082,954,1078,978,1073,1003,1023,1050,1045,1057,1066,1062,1092,1062,1116,1060,952,942,977,934,1002,935,1024,946,1000,948,976,948,1144,957,1172,950,1196,956,1215,971,1192,970,1168,965,980,1135,1014,1109,1043,1096,1061,1104,1082,1103,1111,1122,1144,1153,1106,1159,1075,1157,1053,1155,1032,1151,1007,1146,995,1131,1040,1123,1059,1127,1080,1129,1130,1148,1078,1131,1056,1129,1037,1126
976,h,1,1,831,831,1277,1277,32.53333333333333,882,966,877,1022,875,1078,877,1132,887,1182,909,1222,944,1253,990,1274,1047,1286,1108,1285,1165,1274,1214,1254,1250,1221,1273,1177,1287,1126,1300,1074,1311,1019,913,903,936,868,977,856,1021,859,1057,880,1122,888,1164,875,1208,879,1247,899,1264,937,1085,930,1082,954,1078,978,1073,1003,1023,1050,1045,1057,1066,1062,1092,1062,1116,1060,952,942,977,934,1002,935,1024,946,1000,948,976,948,1144,957,1172,950,1196,956,1215,971,1192,970,1168,965,980,1135,1014,1109,1043,1096,1061,1104,1082,1103,1111,1122,1144,1153,1106,1159,1075,1157,1053,1155,1032,1151,1007,1146,995,1131,1040,1123,1059,1127,1080,1129,1130,1148,1078,1131,1056,1129,1037,1126
977,h,1,1,899,858,1270,1229,32.56666666666667,888,984,884,1036,881,1087,881,1138,890,1186,911,1225,946,1253,987,1273,1040,1286,1099,1288,1155,1280,1205,1263,1243,1232,1269,1190,1285,1140,1298,1086,1310,1031,927,914,947,879,984,864,1025,867,1060,884,1123,891,1163,880,1208,885,1247,909,1265,951,1084,932,1079,956,1073,978,1067,1003,1022,1051,1042,1057,1064,1062,1089,1062,1113,1061,964,949,985,935,1009,935,1031,952,1007,952,983,952,1142,963,1169,950,1194,955,1215,975,1190,973,1165,968,980,1135,1011,1110,1040,1097,1059,1104,1078,1102,1109,1122,1143,1155,1105,1161,1073,1159,1052,1158,1031,1153,1005,1148,993,1132,1037,1122,1057,1126,1077,1127,1129,1150,1075,1135,1055,1133,1035,1130
978,h,1,1,899,858,1270,1229,32.6,889,987,884,1039,883,1090,884,1141,892,1188,914,1227,950,1256,993,1274,1046,1285,1105,1285,1161,1276,1211,1258,1247,1227,1271,1184,1285,1136,1296,1083,1306,1031,928,916,948,881,986,865,1027,868,1062,886,1122,894,1162,881,1206,885,1245,908,1263,949,1086,933,1080,956,1075,978,1069,1003,1025,1051,1045,1057,1066,1063,1090,1063,1113,1062,963,952,985,937,1010,937,1033,954,1008,955,984,955,1142,964,1168,952,1194,956,1215,976,1191,975,1165,970,981,1136,1013,1110,1041,1097,1060,1104,1080,1103,1109,1123,1143,1155,1105,1160,1074,1157,1053,1156,1032,1151,1007,1146,995,1133,1038,1123,1058,1127,1078,1129,1129,1150,1076,1133,1056,1130,1036,1127
979,h,1,1,899,858,1270,1229,32.63333333333333,889,987,884,1039,883,1090,884,1141,892,1188,914,1227,950,1256,993,1274,1046,1285,1105,1285,1161,1276,1211,1258,1247,1227,1271,1184,1285,1136,1296,1083,1306,1031,928,916,948,881,986,865,1027,868,1062,886,1122,894,1162,881,1206,885,1245,908,1263,949,1086,933,1080,956,1075,978,1069,1003,1025,1051,1045,1057,1066,1063,1090,1063,1113,1062,963,952,985,937,1010,937,1033,954,1008,955,984,955,1142,964,1168,952,1194,956,1215,976,1191,975,1165,970,981,1136,1013,1110,1041,1097,1060,1104,1080,1103,1109,1123,1143,1155,1105,1160,1074,1157,1053,1156,1032,1151,1007,1146,995,1133,1038,1123,1058,1127,1078,1129,1129,1150,1076,1133,1056,1130,1036,1127
980,h,1,1,831,831,1277,1277,32.666666666666664,877,980,872,1035,870,1090,870,1142,881,1191,905,1229,941,1257,987,1277,1044,1289,1104,1288,1160,1277,1210,1258,1247,1227,1270,1182,1284,1132,1296,1078,1309,1022,913,909,935,872,974,857,1017,857,1054,874,1122,879,1164,869,1207,876,1245,897,1261,938,1083,928,1079,953,1075,977,1071,1003,1021,1051,1043,1057,1064,1062,1090,1062,1113,1061,954,948,977,937,1000,937,1020,949,999,951,976,951,1144,958,1169,949,1193,954,1211,971,1190,969,1166,964,980,1136,1012,1110,1040,1097,1058,1105,1080,1103,1108,1124,1141,1156,1103,1159,1073,1155,1050,1153,1030,1149,1006,1146,994,1132,1037,1123,1056,1127,1078,1129,1128,1149,1076,1131,1054,1129,1034,1126
981,h,1,1,899,858,1270,1229,32.7,889,992,885,1043,883,1094,883,1144,893,1191,915,1228,950,1256,992,1274,1045,1286,1104,1287,1158,1279,1207,1261,1243,1230,1268,1187,1283,1138,1294,1086,1304,1034,929,917,948,881,985,865,1025,867,1061,883,1124,891,1163,880,1207,885,1244,908,1261,950,1086,932,1081,956,1076,979,1070,1004,1025,1051,1045,1057,1066,1062,1091,1062,1114,1061,967,950,987,935,1011,934,1032,951,1010,952,986,952,1142,962,1167,949,1192,954,1212,974,1188,972,1164,968,983,1136,1014,1110,1042,1098,1061,1105,1081,1103,1110,1122,1144,1155,1106,1158,1076,1156,1055,1154,1034,1150,1009,1145,996,1132,1040,1123,1060,1127,1079,1129,1131,1149,1078,1132,1058,1129,1038,1126
982,h,1,1,899,858,1270,1229,32.733333333333334,890,983,885,1035,882,1086,882,1137,891,1185,913,1224,948,1252,990,1272,1044,1285,1102,1285,1157,1276,1206,1258,1244,1228,1269,1185,1284,1135,1296,1082,1307,1028,934,915,954,880,992,866,1032,870,1067,888,1122,895,1161,883,1205,886,1243,908,1261,949,1086,934,1081,957,1075,979,1069,1003,1024,1050,1044,1056,1066,1062,1091,1062,1114,1061,969,950,990,934,1014,934,1035,953,1012,953,988,952,1142,963,1168,948,1192,953,1213,974,1189,972,1164,968,982,1135,1013,1109,1042,1097,1061,1104,1081,1102,1111,1122,1146,1154,1107,1161,1076,1159,1055,1157,1033,1153,1008,1147,995,1133,1040,1122,1060,1126,1080,1128,1131,1149,1078,1135,1058,1131,1038,1129
983,h,1,1,899,858,1270,1229,32.766666666666666,890,983,885,1035,882,1086,882,1137,891,1185,913,1224,948,1252,990,1272,1044,1285,1102,1285,1157,1276,1206,1258,1244,1228,1269,1185,1284,1135,1296,1082,1307,1028,934,915,954,880,992,866,1032,870,1067,888,1122,895,1161,883,1205,886,1243,908,1261,949,1086,934,1081,957,1075,979,1069,1003,1024,1050,1044,1056,1066,1062,1091,1062,1114,1061,969,950,990,934,1014,934,1035,953,1012,953,988,952,1142,963,1168,948,1192,953,1213,974,1189,972,1164,968,982,1135,1013,1109,1042,1097,1061,1104,1081,1102,1111,1122,1146,1154,1107,1161,1076,1159,1055,1157,1033,1153,1008,1147,995,1133,1040,1122,1060,1126,1080,1128,1131,1149,1078,1135,1058,1131,1038,1129
984,h,1,1,899,858,1270,1229,32.8,889,981,885,1032,882,1084,882,1135,890,1183,911,1223,945,1253,989,1272,1044,1284,1105,1285,1161,1276,1211,1258,1247,1225,1271,1181,1285,1131,1297,1078,1308,1024,932,909,953,876,989,863,1028,866,1062,883,1125,890,1164,879,1206,883,1243,903,1261,941,1086,929,1081,954,1076,977,1070,1003,1025,1050,1045,1057,1066,1062,1091,1062,1114,1061,967,948,987,934,1010,933,1031,949,1009,950,986,950,1144,958,1169,946,1193,951,1213,970,1189,968,1165,963,981,1134,1012,1109,1041,1097,1060,1104,1081,1103,1111,1121,1145,1153,1107,1160,1076,1158,1054,1156,1033,1151,1007,1146,995,1131,1038,1122,1059,1126,1079,1128,1131,1148,1078,1134,1057,1131,1037,1128
985,h,1,1,831,831,1277,1277,32.833333333333336,883,963,878,1021,877,1078,879,1133,891,1184,914,1225,950,1256,996,1276,1053,1285,1113,1282,1170,1270,1219,1249,1253,1215,1274,1169,1286,1120,1298,1067,1310,1012,909,906,933,867,976,853,1022,856,1060,878,1120,884,1162,871,1208,877,1248,899,1264,942,1085,927,1081,952,1077,976,1073,1003,1024,1050,1045,1057,1067,1062,1092,1062,1116,1060,948,941,973,933,998,934,1022,946,998,947,973,947,1143,956,1171,949,1195,955,1215,970,1192,968,1168,963,980,1135,1014,1110,1042,1097,1060,1105,1082,1103,1111,1123,1145,1153,1107,1160,1076,1157,1053,1155,1032,1151,1008,1146,995,1131,1039,1123,1058,1127,1080,1129,1131,1148,1079,1132,1056,1130,1037,1126
986,h,1,1,831,831,1277,1277,32.86666666666667,877,972,874,1028,873,1083,875,1138,887,1186,910,1225,947,1254,992,1273,1048,1283,1106,1282,1162,1272,1211,1252,1246,1218,1270,1173,1284,1122,1296,1068,1306,1012,903,902,927,864,970,849,1016,853,1054,876,1117,884,1158,870,1203,874,1243,895,1261,936,1081,925,1079,950,1076,975,1073,1002,1023,1048,1044,1054,1066,1060,1091,1058,1115,1058,942,939,968,930,994,931,1018,944,992,946,966,945,1140,955,1169,948,1193,954,1213,969,1190,968,1165,963,978,1136,1012,1110,1042,1097,1061,1105,1083,1103,1112,1125,1145,1155,1106,1161,1076,1158,1052,1156,1030,1152,1005,1147,993,1133,1038,1122,1059,1126,1081,1129,1130,1149,1079,1132,1056,1130,1036,1126
987,h,1,1,831,831,1277,1277,32.9,877,972,874,1028,873,1083,875,1138,887,1186,910,1225,947,1254,992,1273,1048,1283,1106,1282,1162,1272,1211,1252,1246,1218,1270,1173,1284,1122,1296,1068,1306,1012,903,902,927,864,970,849,1016,853,1054,876,1117,884,1158,870,1203,874,1243,895,1261,936,1081,925,1079,950,1076,975,1073,1002,1023,1048,1044,1054,1066,1060,1091,1058,1115,1058,942,939,968,930,994,931,1018,944,992,946,966,945,1140,955,1169,948,1193,954,1213,969,1190,968,1165,963,978,1136,1012,1110,1042,1097,1061,1105,1083,1103,1112,1125,1145,1155,1106,1161,1076,1158,1052,1156,1030,1152,1005,1147,993,1133,1038,1122,1059,1126,1081,1129,1130,1149,1079,1132,1056,1130,1036,1126
988,h,1,1,831,831,1277,1277,32.93333333333333,883,979,878,1034,877,1090,878,1142,889,1191,910,1229,945,1258,989,1276,1044,1286,1104,1286,1160,1278,1208,1259,1243,1226,1268,1184,1284,1135,1297,1083,1308,1028,912,899,937,865,979,854,1022,860,1058,881,1120,887,1161,875,1206,879,1244,898,1263,937,1083,929,1079,953,1074,975,1069,1000,1020,1050,1042,1056,1064,1061,1090,1061,1114,1059,948,942,972,934,997,935,1020,947,996,948,971,948,1144,957,1171,950,1195,956,1216,972,1192,970,1168,965,978,1139,1010,1111,1038,1097,1057,1105,1080,1103,1110,1123,1144,1156,1105,1161,1074,1158,1050,1156,1029,1152,1004,1149,992,1135,1036,1123,1055,1127,1078,1129,1129,1150,1077,1133,1054,1131,1034,1127
989,h,1,1,831,831,1277,1277,32.96666666666667,887,975,881,1030,878,1085,879,1137,889,1186,910,1226,944,1256,988,1276,1043,1287,1101,1286,1156,1276,1207,1255,1242,1223,1266,1180,1281,1130,1294,1076,1306,1021,925,908,946,874,983,861,1023,864,1057,881,1119,888,1161,878,1204,881,1242,903,1259,943,1080,929,1075,954,1070,977,1064,1003,1017,1053,1039,1058,1060,1063,1085,1062,1109,1061,959,947,980,935,1003,934,1024,948,1003,949,980,949,1141,957,1166,947,1189,953,1209,970,1186,968,1163,963,976,1139,1007,1111,1035,1098,1054,1105,1075,1103,1105,1123,1140,1153,1101,1159,1070,1157,1048,1155,1026,1152,1002,1148,990,1134,1033,1124,1052,1127,1074,1129,1125,1148,1072,1132,1050,1130,1031,1127
990,h,1,1,831,831,1277,1277,33.0,881,979,877,1033,875,1086,876,1139,885,1187,907,1227,942,1256,987,1276,1042,1287,1100,1284,1156,1273,1204,1252,1239,1221,1263,1177,1278,1127,1290,1074,1302,1019,917,909,938,874,976,861,1017,864,1051,881,1114,889,1153,878,1197,881,1235,901,1252,942,1076,930,1072,954,1067,977,1062,1003,1015,1051,1036,1056,1058,1062,1083,1061,1106,1060,955,947,976,934,998,934,1019,950,998,951,975,950,1136,958,1160,946,1183,951,1203,969,1181,968,1158,964,973,1138,1006,1110,1034,1097,1053,1104,1074,1102,1102,1122,1137,1153,1098,1159,1068,1157,1046,1156,1026,1153,1001,1149,986,1134,1032,1124,1051,1127,1072,1129,1123,1148,1070,1132,1049,1130,1030,1127
991,h,1,1,831,831,1277,1277,33.03333333333333,881,979,877,1033,875,1086,876,1139,885,1187,907,1227,942,1256,987,1276,1042,1287,1100,1284,1156,1273,1204,1252,1239,1221,1263,1177,1278,1127,1290,1074,1302,1019,917,909,938,874,976,861,1017,864,1051,881,1114,889,1153,878,1197,881,1235,901,1252,942,1076,930,1072,954,1067,977,1062,1003,1015,1051,1036,1056,1058,1062,1083,1061,1106,1060,955,947,976,934,998,934,1019,950,998,951,975,950,1136,958,1160,946,1183,951,1203,969,1181,968,1158,964,973,1138,1006,1110,1034,1097,1053,1104,1074,1102,1102,1122,1137,1153,1098,1159,1068,1157,1046,1156,1026,1153,1001,1149,986,1134,1032,1124,1051,1127,1072,1129,1123,1148,1070,1132,1049,1130,1030,1127
992,h,1,1,831,831,1277,1277,33.06666666666667,876,977,872,1031,871,1085,872,1137,882,1185,903,1225,937,1257,981,1279,1036,1292,1095,1291,1151,1281,1200,1260,1238,1226,1262,1181,1278,1130,1291,1076,1303,1020,903,902,927,869,968,857,1011,861,1047,880,1114,888,1155,877,1199,880,1237,901,1255,941,1073,932,1069,955,1064,978,1059,1003,1011,1053,1033,1058,1055,1064,1081,1064,1104,1063,943,946,967,935,992,935,1015,950,991,952,965,951,1133,961,1160,950,1185,956,1206,973,1182,973,1157,968,970,1137,1002,1111,1030,1098,1050,1105,1070,1104,1101,1124,1138,1153,1097,1161,1065,1159,1043,1157,1022,1153,997,1148,984,1134,1028,1124,1049,1128,1069,1130,1122,1148,1067,1134,1046,1132,1026,1128
993,h,1,1,831,831,1277,1277,33.1,876,986,872,1039,870,1091,872,1141,882,1188,904,1226,939,1254,984,1274,1038,1285,1096,1285,1152,1276,1200,1256,1235,1223,1259,1179,1273,1130,1285,1076,1297,1021,908,907,928,873,966,860,1008,861,1043,879,1108,885,1150,874,1194,879,1232,900,1250,940,1070,932,1066,955,1061,977,1056,1001,1010,1053,1032,1058,1054,1063,1078,1063,1102,1062,946,950,968,937,992,937,1013,952,991,954,967,954,1130,961,1155,949,1180,954,1201,971,1178,970,1153,967,970,1138,1002,1110,1030,1096,1049,1103,1069,1101,1099,1122,1135,1154,1095,1160,1063,1157,1042,1155,1021,1151,996,1148,984,1135,1028,1123,1047,1127,1067,1129,1120,1149,1065,1131,1045,1129,1025,1126
994,h,1,1,831,831,1277,1277,33.13333333333333,876,986,872,1039,870,1091,872,1141,882,1188,904,1226,939,1254,984,1274,1038,1285,1096,1285,1152,1276,1200,1256,1235,1223,1259,1179,1273,1130,1285,1076,1297,1021,908,907,928,873,966,860,1008,861,1043,879,1108,885,1150,874,1194,879,1232,900,1250,940,1070,932,1066,955,1061,977,1056,1001,1010,1053,1032,1058,1054,1063,1078,1063,1102,1062,946,950,968,937,992,937,1013,952,991,954,967,954,1130,961,1155,949,1180,954,1201,971,1178,970,1153,967,970,1138,1002,1110,1030,1096,1049,1103,1069,1101,1099,1122,1135,1154,1095,1160,1063,1157,1042,1155,1021,1151,996,1148,984,1135,1028,1123,1047,1127,1067,1129,1120,1149,1065,1131,1045,1129,1025,1126
995,h,1,1,831,831,1277,1277,33.166666666666664,857,969,853,1025,852,1081,855,1135,868,1184,893,1223,931,1253,979,1273,1036,1284,1095,1282,1151,1270,1201,1251,1238,1219,1262,1175,1276,1124,1289,1071,1299,1015,894,901,919,866,961,854,1006,858,1044,879,1108,888,1149,874,1194,877,1234,897,1251,939,1070,928,1066,951,1062,974,1058,1000,1009,1049,1031,1055,1054,1061,1079,1060,1103,1058,937,944,962,934,988,934,1010,947,986,951,960,950,1130,957,1158,948,1182,954,1203,970,1179,970,1154,965,968,1136,1001,1108,1030,1095,1049,1102,1069,1100,1099,1120,1135,1152,1095,1160,1064,1157,1043,1155,1022,1151,996,1147,983,1133,1028,1121,1047,1124,1067,1126,1120,1147,1065,1131,1045,1128,1026,1125
996,h,1,1,831,831,1277,1277,33.2,862,976,859,1031,858,1086,861,1139,872,1188,895,1227,933,1256,981,1273,1039,1282,1098,1281,1154,1271,1203,1252,1237,1219,1259,1175,1272,1126,1285,1073,1295,1017,891,904,915,868,957,855,1003,858,1041,878,1108,885,1150,873,1195,877,1234,897,1253,938,1070,926,1066,949,1062,972,1058,997,1010,1048,1032,1053,1054,1058,1079,1058,1103,1057,932,944,958,934,984,934,1008,947,984,950,957,950,1130,955,1159,947,1184,953,1204,969,1181,968,1155,963,967,1136,1000,1107,1030,1093,1049,1101,1070,1098,1100,1119,1134,1151,1096,1156,1065,1153,1043,1152,1021,1148,995,1145,981,1131,1027,1119,1048,1123,1069,1124,1120,1145,1067,1128,1046,1126,1026,1123
997,h,1,1,831,831,1277,1277,33.233333333333334,874,986,871,1041,870,1094,873,1147,885,1193,908,1231,943,1256,987,1272,1039,1280,1095,1279,1149,1270,1197,1253,1234,1223,1258,1180,1273,1129,1285,1074,1296,1019,911,910,930,874,967,859,1009,861,1044,877,1111,884,1149,872,1192,876,1229,896,1246,937,1071,928,1067,950,1062,971,1057,994,1011,1045,1032,1051,1054,1055,1079,1054,1103,1053,948,949,970,934,995,933,1017,952,995,952,969,952,1127,959,1154,944,1180,948,1200,969,1177,968,1151,964,968,1133,1001,1104,1031,1090,1049,1096,1069,1094,1101,1114,1135,1146,1096,1152,1063,1150,1042,1148,1022,1145,996,1143,982,1129,1029,1116,1048,1119,1068,1121,1121,1140,1065,1124,1045,1122,1026,1121
998,h,1,1,831,831,1277,1277,33.266666666666666,874,986,871,1041,870,1094,873,1147,885,1193,908,1231,943,1256,987,1272,1039,1280,1095,1279,1149,1270,1197,1253,1234,1223,1258,1180,1273,1129,1285,1074,1296,1019,911,910,930,874,967,859,1009,861,1044,877,1111,884,1149,872,1192,876,1229,896,1246,937,1071,928,1067,950,1062,971,1057,994,1011,1045,1032,1051,1054,1055,1079,1054,1103,1053,948,949,970,934,995,933,1017,952,995,952,969,952,1127,959,1154,944,1180,948,1200,969,1177,968,1151,964,968,1133,1001,1104,1031,1090,1049,1096,1069,1094,1101,1114,1135,1146,1096,1152,1063,1150,1042,1148,1022,1145,996,1143,982,1129,1029,1116,1048,1119,1068,1121,1121,1140,1065,1124,1045,1122,1026,1121
999,h,1,1,831,831,1277,1277,33.3,878,985,873,1039,872,1092,874,1143,885,1191,907,1230,943,1255,987,1271,1038,1280,1093,1280,1148,1272,1198,1255,1235,1226,1260,1182,1275,1133,1289,1080,1301,1024,915,905,934,872,970,857,1010,859,1045,875,1114,881,1154,871,1197,874,1234,896,1252,935,1072,925,1068,947,1063,968,1057,992,1013,1042,1033,1048,1054,1053,1079,1053,1102,1052,951,946,973,930,998,929,1020,947,997,948,972,948,1131,955,1157,941,1183,946,1204,967,1180,965,1154,961,970,1129,1003,1099,1032,1085,1049,1092,1069,1090,1100,1110,1136,1144,1096,1151,1063,1148,1043,1147,1023,1143,997,1139,984,1125,1030,1111,1048,1114,1068,1116,1121,1139,1065,1124,1045,1122,1027,1119
1000,h,1,1,831,831,1277,1277,33.333333333333336,882,974,877,1029,873,1081,873,1132,882,1179,904,1218,941,1244,985,1262,1037,1274,1094,1273,1148,1266,1198,1249,1234,1219,1258,1177,1273,1128,1287,1075,1299,1020,912,903,931,867,968,853,1010,854,1046,871,1114,879,1157,869,1202,873,1241,896,1257,938,1075,922,1069,943,1064,963,1058,986,1013,1037,1033,1044,1055,1049,1079,1049,1103,1048,949,939,973,926,999,926,1021,944,997,944,972,943,1131,953,1158,941,1185,946,1206,965,1181,964,1155,959,972,1122,1003,1095,1031,1082,1050,1089,1070,1087,1101,1109,1137,1142,1097,1150,1064,1148,1043,1146,1022,1141,997,1137,986,1120,1029,1107,1048,1111,1069,1113,1122,1136,1067,1124,1046,1121,1026,1119
1001,h,1,1,831,831,1277,1277,33.36666666666667,877,975,872,1028,870,1080,871,1130,880,1178,902,1216,938,1243,982,1261,1036,1271,1093,1270,1150,1263,1201,1246,1238,1215,1261,1172,1274,1123,1286,1070,1298,1015,908,901,928,866,966,850,1008,852,1044,868,1112,876,1152,865,1195,870,1233,891,1251,929,1070,918,1066,940,1061,961,1056,984,1010,1037,1031,1041,1053,1046,1078,1045,1102,1045,948,937,970,925,995,924,1017,940,994,940,969,940,1131,949,1158,938,1183,943,1204,961,1180,959,1154,955,966,1120,999,1092,1029,1078,1048,1085,1068,1084,1099,1105,1134,1138,1094,1143,1061,1139,1040,1137,1019,1133,993,1131,980,1118,1027,1105,1046,1109,1066,1111,1119,1133,1063,1115,1043,1112,1023,1109
1002,h,1,1,831,831,1277,1277,33.4,877,975,872,1028,870,1080,871,1130,880,1178,902,1216,938,1243,982,1261,1036,1271,1093,1270,1150,1263,1201,1246,1238,1215,1261,1172,1274,1123,1286,1070,1298,1015,908,901,928,866,966,850,1008,852,1044,868,1112,876,1152,865,1195,870,1233,891,1251,929,1070,918,1066,940,1061,961,1056,984,1010,1037,1031,1041,1053,1046,1078,1045,1102,1045,948,937,970,925,995,924,1017,940,994,940,969,940,1131,949,1158,938,1183,943,1204,961,1180,959,1154,955,966,1120,999,1092,1029,1078,1048,1085,1068,1084,1099,1105,1134,1138,1094,1143,1061,1139,1040,1137,1019,1133,993,1131,980,1118,1027,1105,1046,1109,1066,1111,1119,1133,1063,1115,1043,1112,1023,1109
1003,h,1,1,831,831,1277,1277,33.43333333333333,872,977,868,1029,867,1080,868,1131,878,1178,900,1215,938,1241,983,1259,1036,1272,1094,1271,1151,1264,1201,1247,1236,1217,1260,1175,1275,1125,1288,1071,1299,1015,903,897,923,863,961,848,1004,848,1039,864,1105,868,1146,859,1192,865,1230,888,1249,929,1066,915,1062,935,1057,956,1052,978,1009,1031,1029,1037,1050,1041,1074,1041,1098,1041,944,936,967,922,991,922,1013,939,990,939,965,939,1125,948,1152,935,1178,939,1200,958,1175,957,1149,953,967,1115,1000,1088,1028,1074,1046,1081,1066,1079,1098,1100,1134,1135,1095,1141,1062,1137,1041,1135,1021,1131,995,1128,983,1113,1026,1100,1045,1103,1064,1105,1118,1129,1064,1114,1044,1110,1024,1108
1004,h,1,1,831,831,1277,1277,33.46666666666667,872,960,868,1014,866,1066,866,1117,874,1166,894,1204,928,1233,971,1252,1024,1263,1080,1262,1136,1256,1188,1242,1227,1213,1254,1170,1269,1119,1282,1066,1294,1011,905,896,925,861,963,846,1005,846,1042,862,1107,869,1147,860,1190,864,1227,885,1246,923,1066,912,1060,933,1054,952,1047,975,1003,1027,1024,1032,1045,1036,1070,1036,1094,1035,943,934,966,920,992,919,1015,937,991,938,965,938,1122,945,1150,931,1176,936,1197,955,1173,955,1147,950,960,1113,991,1084,1021,1070,1040,1076,1061,1074,1093,1095,1129,1130,1090,1135,1056,1133,1035,1132,1014,1129,987,1125,975,1110,1019,1095,1039,1097,1059,1099,1114,1124,1059,1113,1038,1110,1018,1108
1005,h,1,1,831,831,1277,1277,33.5,871,961,866,1014,864,1065,864,1116,872,1163,893,1202,927,1230,969,1249,1019,1261,1075,1262,1133,1256,1186,1241,1225,1210,1251,1166,1266,1115,1278,1061,1290,1005,903,893,924,860,960,847,1001,848,1037,864,1103,870,1143,861,1187,864,1225,884,1245,922,1062,911,1056,931,1049,949,1042,971,1001,1023,1021,1029,1041,1033,1065,1033,1088,1031,941,933,963,919,988,918,1010,935,986,935,962,935,1120,942,1147,929,1173,933,1194,952,1170,951,1144,947,957,1106,988,1079,1018,1066,1036,1071,1055,1070,1089,1090,1128,1124,1086,1133,1051,1130,1031,1129,1010,1126,984,1121,972,1103,1016,1090,1035,1093,1054,1094,1113,1118,1053,1110,1034,1107,1014,1105
1006,h,1,1,831,831,1277,1277,33.53333333333333,871,961,866,1014,864,1065,864,1116,872,1163,893,1202,927,1230,969,1249,1019,1261,1075,1262,1133,1256,1186,1241,1225,1210,1251,1166,1266,1115,1278,1061,1290,1005,903,893,924,860,960,847,1001,848,1037,864,1103,870,1143,861,1187,864,1225,884,1245,922,1062,911,1056,931,1049,949,1042,971,1001,1023,1021,1029,1041,1033,1065,1033,1088,1031,941,933,963,919,988,918,1010,935,986,935,962,935,1120,942,1147,929,1173,933,1194,952,1170,951,1144,947,957,1106,988,1079,1018,1066,1036,1071,1055,1070,1089,1090,1128,1124,1086,1133,1051,1130,1031,1129,1010,1126,984,1121,972,1103,1016,1090,1035,1093,1054,1094,1113,1118,1053,1110,1034,1107,1014,1105
1007,h,1,1,831,831,1277,1277,33.56666666666667,855,955,853,1008,852,1062,855,1114,866,1162,888,1199,925,1227,971,1246,1025,1258,1085,1256,1143,1249,1195,1232,1232,1201,1256,1158,1269,1106,1280,1054,1291,997,887,886,913,855,952,843,995,845,1033,860,1099,868,1139,856,1182,860,1220,878,1240,915,1058,905,1054,925,1049,945,1045,967,1000,1018,1020,1023,1042,1028,1065,1028,1088,1028,927,926,954,916,979,915,1002,928,978,931,952,931,1118,936,1146,926,1172,931,1194,947,1169,947,1143,942,960,1103,991,1075,1019,1062,1038,1068,1058,1067,1089,1087,1128,1121,1087,1129,1054,1126,1033,1124,1012,1120,987,1116,975,1100,1017,1087,1037,1090,1057,1092,1113,1116,1056,1103,1035,1100,1016,1097
1008,h,1,1,831,831,1277,1277,33.6,867,970,862,1020,860,1071,862,1121,871,1166,892,1203,927,1227,971,1240,1021,1248,1076,1248,1133,1243,1185,1229,1224,1201,1249,1159,1262,1109,1272,1056,1281,1002,907,890,928,861,961,848,998,850,1031,863,1091,871,1127,859,1168,860,1205,876,1227,911,1052,908,1047,926,1042,943,1035,963,996,1017,1015,1021,1036,1025,1059,1024,1082,1022,938,935,958,921,981,919,1003,934,981,935,958,936,1110,938,1134,924,1159,928,1181,945,1157,945,1132,942,956,1103,985,1072,1013,1057,1032,1061,1050,1059,1082,1079,1120,1114,1081,1120,1049,1119,1029,1119,1008,1117,983,1113,970,1099,1012,1082,1031,1084,1050,1084,1106,1108,1050,1097,1031,1096,1011,1095
1009,h,1,1,831,831,1277,1277,33.63333333333333,867,970,862,1020,860,1071,862,1121,871,1166,892,1203,927,1227,971,1240,1021,1248,1076,1248,1133,1243,1185,1229,1224,1201,1249,1159,1262,1109,1272,1056,1281,1002,907,890,928,861,961,848,998,850,1031,863,1091,871,1127,859,1168,860,1205,876,1227,911,1052,908,1047,926,1042,943,1035,963,996,1017,1015,1021,1036,1025,1059,1024,1082,1022,938,935,958,921,981,919,1003,934,981,935,958,936,1110,938,1134,924,1159,928,1181,945,1157,945,1132,942,956,1103,985,1072,1013,1057,1032,1061,1050,1059,1082,1079,1120,1114,1081,1120,1049,1119,1029,1119,1008,1117,983,1113,970,1099,1012,1082,1031,1084,1050,1084,1106,1108,1050,1097,1031,1096,1011,1095
1012,h,1,1,858,816,1229,1188,33.733333333333334,868,953,864,998,860,1044,857,1090,860,1134,878,1169,913,1192,957,1205,1010,1212,1069,1212,1123,1205,1172,1191,1207,1165,1228,1125,1241,1080,1251,1033,1263,984,898,876,915,845,947,830,984,829,1017,843,1079,846,1116,834,1157,838,1193,857,1211,893,1039,891,1034,910,1028,928,1021,947,983,998,1001,1002,1020,1006,1043,1006,1066,1007,929,913,948,900,970,900,991,914,969,914,947,914,1098,918,1122,904,1146,908,1168,923,1144,923,1120,921,946,1083,972,1052,998,1038,1016,1044,1034,1042,1065,1062,1103,1094,1062,1095,1030,1091,1011,1089,992,1086,969,1086,959,1079,997,1064,1016,1067,1034,1068,1089,1089,1031,1069,1013,1067,995,1065
1013,h,1,1,858,816,1229,1188,33.766666666666666,868,953,864,998,860,1044,857,1090,860,1134,878,1169,913,1192,957,1205,1010,1212,1069,1212,1123,1205,1172,1191,1207,1165,1228,1125,1241,1080,1251,1033,1263,984,898,876,915,845,947,830,984,829,1017,843,1079,846,1116,834,1157,838,1193,857,1211,893,1039,891,1034,910,1028,928,1021,947,983,998,1001,1002,1020,1006,1043,1006,1066,1007,929,913,948,900,970,900,991,914,969,914,947,914,1098,918,1122,904,1146,908,1168,923,1144,923,1120,921,946,1083,972,1052,998,1038,1016,1044,1034,1042,1065,1062,1103,1094,1062,1095,1030,1091,1011,1089,992,1086,969,1086,959,1079,997,1064,1016,1067,1034,1068,1089,1089,1031,1069,1013,1067,995,1065
1113,h,1,1,940,816,1312,1188,37.1,954,954,947,999,942,1046,938,1093,941,1135,957,1169,989,1192,1030,1208,1079,1219,1136,1223,1192,1219,1244,1207,1282,1182,1307,1144,1323,1099,1336,1052,1350,1002,978,876,994,845,1027,831,1064,833,1095,850,1162,856,1200,846,1242,852,1277,873,1294,910,1119,901,1112,921,1105,939,1097,960,1059,1009,1076,1014,1095,1018,1118,1020,1141,1021,1009,917,1028,902,1051,903,1071,921,1049,921,1027,920,1178,930,1203,916,1228,920,1248,940,1225,939,1200,934,1020,1088,1046,1061,1072,1049,1088,1056,1106,1055,1137,1076,1175,1109,1133,1110,1099,1105,1080,1101,1062,1097,1040,1093,1031,1085,1070,1076,1087,1079,1105,1083,1161,1103,1102,1081,1084,1077,1067,1075
1114,h,1,1,940,816,1312,1188,37.13333333333333,954,954,947,999,942,1046,938,1093,941,1135,957,1169,989,1192,1030,1208,1079,1219,1136,1223,1192,1219,1244,1207,1282,1182,1307,1144,1323,1099,1336,1052,1350,1002,978,876,994,845,1027,831,1064,833,1095,850,1162,856,1200,846,1242,852,1277,873,1294,910,1119,901,1112,921,1105,939,1097,960,1059,1009,1076,1014,1095,1018,1118,1020,1141,1021,1009,917,1028,902,1051,903,1071,921,1049,921,1027,920,1178,930,1203,916,1228,920,1248,940,1225,939,1200,934,1020,1088,1046,1061,1072,1049,1088,1056,1106,1055,1137,1076,1175,1109,1133,1110,1099,1105,1080,1101,1062,1097,1040,1093,1031,1085,1070,1076,1087,1079,1105,1083,1161,1103,1102,1081,1084,1077,1067,1075
1116,h,1,1,940,816,1312,1188,37.2,953,958,945,1002,940,1049,936,1095,939,1139,957,1175,990,1201,1030,1217,1080,1227,1138,1228,1196,1223,1250,1210,1291,1184,1317,1144,1332,1099,1345,1051,1358,1002,975,880,992,849,1023,833,1060,832,1091,847,1164,851,1203,844,1246,850,1281,874,1299,912,1119,901,1111,921,1103,938,1094,959,1058,1010,1075,1013,1093,1017,1116,1019,1139,1020,1008,922,1026,906,1048,906,1070,923,1048,924,1025,924,1180,931,1204,917,1229,922,1249,942,1226,940,1201,936,1018,1092,1043,1063,1069,1050,1086,1056,1105,1055,1137,1076,1174,1110,1133,1112,1099,1109,1080,1106,1061,1103,1039,1099,1030,1088,1067,1077,1085,1080,1103,1082,1160,1105,1101,1085,1083,1081,1065,1080
1117,h,1,1,940,816,1312,1188,37.233333333333334,951,958,943,1004,937,1053,935,1101,938,1146,953,1184,983,1213,1024,1230,1075,1238,1133,1238,1190,1232,1244,1219,1286,1193,1314,1154,1331,1108,1344,1059,1357,1008,969,877,987,846,1021,831,1059,831,1093,846,1163,851,1203,843,1245,850,1281,873,1299,911,1117,902,1110,922,1102,940,1094,960,1055,1011,1072,1015,1092,1020,1116,1021,1140,1021,1001,919,1022,905,1046,905,1067,922,1044,923,1020,922,1179,930,1204,916,1229,922,1250,941,1225,939,1200,935,1013,1094,1039,1064,1067,1050,1086,1056,1105,1055,1138,1076,1175,1112,1133,1115,1098,1113,1078,1111,1058,1107,1034,1103,1026,1090,1065,1077,1084,1080,1103,1082,1161,1106,1101,1089,1082,1086,1063,1084
1118,h,1,1,940,816,1312,1188,37.266666666666666,951,958,943,1004,937,1053,935,1101,938,1146,953,1184,983,1213,1024,1230,1075,1238,1133,1238,1190,1232,1244,1219,1286,1193,1314,1154,1331,1108,1344,1059,1357,1008,969,877,987,846,1021,831,1059,831,1093,846,1163,851,1203,843,1245,850,1281,873,1299,911,1117,902,1110,922,1102,940,1094,960,1055,1011,1072,1015,1092,1020,1116,1021,1140,1021,1001,919,1022,905,1046,905,1067,922,1044,923,1020,922,1179,930,1204,916,1229,922,1250,941,1225,939,1200,935,1013,1094,1039,1064,1067,1050,1086,1056,1105,1055,1138,1076,1175,1112,1133,1115,1098,1113,1078,1111,1058,1107,1034,1103,1026,1090,1065,1077,1084,1080,1103,1082,1161,1106,1101,1089,1082,1086,1063,1084
1142,h,2,1,881,831,1327,1277,38.06666666666667,922,948,917,1000,917,1054,917,1107,925,1157,946,1198,980,1229,1024,1250,1076,1261,1133,1260,1193,1253,1249,1237,1291,1207,1318,1163,1335,1109,1346,1052,1357,994,935,892,958,858,998,842,1042,843,1081,859,1150,866,1193,856,1240,860,1280,880,1304,918,1108,912,1103,932,1096,951,1090,973,1047,1027,1068,1032,1088,1036,1113,1035,1137,1034,974,929,1001,918,1030,918,1056,933,1028,935,999,935,1167,942,1199,930,1228,935,1252,953,1224,953,1195,949,1005,1111,1035,1083,1064,1069,1082,1074,1103,1072,1137,1093,1177,1125,1135,1136,1100,1136,1078,1135,1058,1132,1031,1127,1020,1108,1062,1092,1081,1094,1101,1095,1161,1121,1102,1113,1081,1111,1062,1108
1143,h,1,1,881,831,1327,1277,38.1,940,945,932,995,928,1046,926,1098,931,1148,948,1191,979,1224,1021,1247,1072,1259,1131,1258,1191,1251,1247,1235,1290,1206,1319,1163,1336,1110,1349,1054,1362,998,951,882,974,852,1011,841,1051,844,1087,861,1155,868,1198,858,1242,862,1282,880,1305,916,1114,912,1106,932,1098,951,1090,973,1050,1026,1069,1032,1089,1036,1113,1037,1136,1036,987,928,1012,916,1040,916,1064,933,1038,935,1010,935,1173,942,1202,929,1231,935,1255,954,1227,954,1199,950,1007,1107,1038,1080,1065,1066,1083,1072,1103,1070,1136,1091,1176,1123,1133,1135,1099,1134,1077,1133,1057,1130,1033,1124,1022,1105,1063,1092,1081,1095,1101,1097,1161,1119,1101,1111,1080,1109,1061,1106
1144,h,1,1,881,831,1327,1277,38.13333333333333,940,945,932,995,928,1046,926,1098,931,1148,948,1191,979,1224,1021,1247,1072,1259,1131,1258,1191,1251,1247,1235,1290,1206,1319,1163,1336,1110,1349,1054,1362,998,951,882,974,852,1011,841,1051,844,1087,861,1155,868,1198,858,1242,862,1282,880,1305,916,1114,912,1106,932,1098,951,1090,973,1050,1026,1069,1032,1089,1036,1113,1037,1136,1036,987,928,1012,916,1040,916,1064,933,1038,935,1010,935,1173,942,1202,929,1231,935,1255,954,1227,954,1199,950,1007,1107,1038,1080,1065,1066,1083,1072,1103,1070,1136,1091,1176,1123,1133,1135,1099,1134,1077,1133,1057,1130,1033,1124,1022,1105,1063,1092,1081,1095,1101,1097,1161,1119,1101,1111,1080,1109,1061,1106
1145,h,1,1,881,831,1327,1277,38.166666666666664,936,953,930,1003,927,1053,925,1104,930,1153,948,1193,981,1224,1024,1244,1075,1256,1133,1258,1193,1255,1249,1241,1291,1214,1320,1170,1337,1118,1350,1063,1362,1005,948,882,969,850,1007,838,1049,841,1085,858,1151,864,1195,854,1242,858,1282,879,1305,918,1110,909,1104,930,1097,951,1089,974,1049,1024,1069,1030,1088,1034,1113,1034,1137,1033,984,924,1008,913,1035,913,1058,929,1033,931,1006,930,1173,940,1202,928,1230,934,1254,952,1226,952,1199,947,1011,1105,1039,1078,1066,1064,1082,1070,1102,1069,1136,1091,1175,1125,1133,1134,1099,1133,1078,1131,1058,1127,1035,1122,1026,1103,1063,1090,1081,1094,1101,1095,1160,1119,1101,1109,1081,1107,1062,1103
1146,h,1,1,881,831,1327,1277,38.2,935,952,930,1004,927,1056,926,1109,931,1157,948,1197,979,1227,1021,1249,1074,1259,1133,1258,1192,1250,1247,1236,1290,1208,1320,1165,1336,1113,1349,1059,1364,1001,950,887,971,855,1009,841,1051,843,1087,859,1155,867,1199,858,1244,863,1284,884,1304,923,1113,910,1106,931,1099,951,1092,973,1050,1025,1069,1030,1089,1035,1113,1034,1137,1033,987,927,1011,914,1037,914,1059,929,1035,931,1009,932,1174,938,1203,927,1230,934,1253,953,1226,951,1199,945,1008,1108,1039,1081,1065,1066,1083,1072,1102,1070,1134,1091,1173,1123,1132,1131,1098,1130,1078,1129,1058,1126,1035,1122,1023,1106,1063,1092,1081,1095,1100,1096,1158,1119,1100,1106,1081,1104,1062,1103
1147,h,1,1,881,831,1327,1277,38.233333333333334,936,951,929,1002,926,1053,925,1104,930,1153,948,1193,979,1223,1021,1243,1070,1253,1125,1253,1185,1247,1241,1233,1286,1207,1317,1167,1334,1116,1347,1061,1361,1005,949,885,970,852,1009,839,1051,841,1088,858,1156,866,1199,856,1244,861,1284,881,1305,919,1112,913,1105,934,1097,953,1089,975,1048,1028,1068,1033,1088,1037,1113,1037,1137,1036,985,927,1010,914,1038,915,1062,933,1036,934,1008,934,1173,943,1202,929,1230,935,1253,954,1227,954,1198,950,1008,1110,1038,1083,1065,1069,1083,1075,1102,1073,1135,1093,1173,1125,1131,1133,1097,1133,1077,1132,1057,1129,1033,1125,1023,1107,1063,1093,1082,1095,1100,1097,1158,1120,1100,1111,1081,1109,1061,1107
1148,h,1,1,881,831,1327,1277,38.266666666666666,936,951,929,1002,926,1053,925,1104,930,1153,948,1193,979,1223,1021,1243,1070,1253,1125,1253,1185,1247,1241,1233,1286,1207,1317,1167,1334,1116,1347,1061,1361,1005,949,885,970,852,1009,839,1051,841,1088,858,1156,866,1199,856,1244,861,1284,881,1305,919,1112,913,1105,934,1097,953,1089,975,1048,1028,1068,1033,1088,1037,1113,1037,1137,1036,985,927,1010,914,1038,915,1062,933,1036,934,1008,934,1173,943,1202,929,1230,935,1253,954,1227,954,1198,950,1008,1110,1038,1083,1065,1069,1083,1075,1102,1073,1135,1093,1173,1125,1131,1133,1097,1133,1077,1132,1057,1129,1033,1125,1023,1107,1063,1093,1082,1095,1100,1097,1158,1120,1100,1111,1081,1109,1061,1107
1149,h,1,1,881,831,1327,1277,38.3,935,958,929,1012,928,1065,927,1118,935,1165,954,1202,985,1231,1027,1251,1078,1262,1135,1261,1192,1253,1246,1238,1289,1211,1318,1168,1334,1115,1347,1059,1360,1000,946,888,969,855,1007,841,1050,843,1087,860,1155,868,1196,859,1241,863,1281,883,1303,919,1113,913,1107,934,1101,954,1094,977,1050,1030,1071,1034,1092,1039,1117,1039,1141,1038,984,928,1010,916,1037,915,1061,933,1035,934,1008,934,1172,943,1202,930,1230,935,1254,954,1226,953,1198,949,1007,1111,1038,1084,1066,1069,1085,1075,1106,1074,1138,1095,1178,1127,1135,1135,1101,1134,1079,1133,1058,1129,1034,1126,1022,1109,1064,1094,1083,1097,1104,1099,1162,1122,1103,1112,1083,1110,1063,1108
1150,h,1,1,881,831,1327,1277,38.333333333333336,936,960,930,1012,928,1064,928,1117,934,1165,954,1202,985,1232,1028,1254,1080,1264,1139,1263,1197,1254,1252,1238,1292,1209,1318,1167,1333,1116,1346,1062,1360,1005,950,894,969,858,1008,843,1051,844,1089,860,1150,865,1195,857,1243,863,1285,886,1305,929,1113,913,1107,934,1101,954,1095,976,1051,1029,1072,1034,1093,1038,1117,1038,1142,1037,989,929,1012,917,1037,917,1060,932,1036,934,1010,933,1176,941,1203,930,1230,936,1252,955,1226,952,1199,947,1011,1112,1040,1084,1067,1070,1086,1076,1106,1074,1138,1095,1178,1129,1136,1135,1102,1134,1081,1132,1060,1129,1035,1126,1025,1109,1065,1095,1085,1098,1104,1100,1162,1123,1104,1111,1084,1109,1064,1107
1151,h,1,1,881,831,1327,1277,38.36666666666667,939,959,932,1011,928,1062,926,1112,933,1161,952,1199,984,1229,1026,1249,1078,1258,1136,1257,1193,1250,1247,1237,1289,1210,1317,1168,1331,1118,1344,1063,1358,1007,959,894,977,859,1013,843,1054,844,1089,860,1156,867,1199,858,1244,863,1284,884,1304,924,1115,911,1109,932,1103,951,1096,972,1052,1026,1073,1031,1094,1036,1119,1035,1144,1034,996,932,1018,917,1044,916,1066,934,1043,934,1017,935,1177,942,1205,929,1231,934,1253,955,1227,951,1201,947,1013,1109,1043,1082,1070,1068,1088,1073,1107,1072,1139,1092,1178,1125,1136,1130,1103,1129,1082,1128,1063,1125,1038,1122,1028,1106,1068,1092,1086,1094,1106,1096,1162,1120,1105,1106,1085,1105,1067,1103
1152,h,1,1,881,831,1327,1277,38.4,939,959,932,1011,928,1062,926,1112,933,1161,952,1199,984,1229,1026,1249,1078,1258,1136,1257,1193,1250,1247,1237,1289,1210,1317,1168,1331,1118,1344,1063,1358,1007,959,894,977,859,1013,843,1054,844,1089,860,1156,867,1199,858,1244,863,1284,884,1304,924,1115,911,1109,932,1103,951,1096,972,1052,1026,1073,1031,1094,1036,1119,1035,1144,1034,996,932,1018,917,1044,916,1066,934,1043,934,1017,935,1177,942,1205,929,1231,934,1253,955,1227,951,1201,947,1013,1109,1043,1082,1070,1068,1088,1073,1107,1072,1139,1092,1178,1125,1136,1130,1103,1129,1082,1128,1063,1125,1038,1122,1028,1106,1068,1092,1086,1094,1106,1096,1162,1120,1105,1106,1085,1105,1067,1103
1153,h,1,1,881,831,1327,1277,38.43333333333333,934,958,928,1010,926,1063,926,1117,934,1166,956,1205,988,1236,1027,1259,1077,1270,1134,1269,1192,1260,1247,1242,1290,1212,1320,1167,1336,1113,1349,1058,1362,999,945,888,965,854,1003,838,1045,840,1082,858,1150,866,1194,856,1242,862,1282,885,1303,927,1107,912,1101,934,1095,955,1089,978,1049,1030,1070,1035,1090,1039,1115,1038,1139,1037,978,929,1003,917,1030,918,1056,933,1028,934,1001,933,1170,943,1200,931,1228,937,1252,955,1224,952,1196,948,1009,1113,1039,1085,1068,1070,1087,1075,1106,1073,1140,1094,1180,1127,1137,1138,1102,1139,1081,1138,1061,1135,1035,1130,1024,1111,1066,1095,1085,1098,1105,1100,1164,1123,1104,1115,1085,1113,1065,1111
1154,h,1,1,881,831,1327,1277,38.46666666666667,937,963,930,1015,927,1066,927,1118,934,1165,953,1204,985,1235,1027,1256,1078,1267,1135,1266,1192,1259,1245,1243,1286,1215,1315,1173,1331,1124,1344,1070,1357,1015,960,897,977,862,1013,847,1053,848,1088,863,1156,871,1197,861,1243,867,1282,889,1302,929,1115,914,1108,935,1102,955,1095,977,1053,1030,1073,1036,1092,1040,1117,1040,1142,1038,996,934,1018,919,1044,919,1066,937,1042,937,1016,937,1174,945,1202,931,1228,936,1251,957,1224,955,1198,950,1012,1113,1043,1086,1070,1072,1088,1079,1108,1076,1139,1097,1178,1129,1136,1138,1103,1138,1082,1137,1063,1133,1038,1129,1027,1111,1068,1098,1086,1100,1106,1101,1162,1124,1105,1114,1086,1113,1067,1111
1155,h,1,1,881,831,1327,1277,38.5,933,965,928,1015,927,1066,927,1118,934,1165,954,1203,986,1232,1029,1252,1082,1262,1140,1261,1198,1253,1252,1236,1293,1208,1319,1164,1333,1113,1346,1059,1359,1002,955,896,973,860,1010,843,1052,844,1089,859,1152,865,1196,855,1242,861,1281,883,1301,923,1115,912,1109,934,1104,954,1098,978,1053,1030,1074,1035,1095,1040,1120,1039,1145,1039,993,931,1015,920,1039,919,1060,933,1038,934,1014,934,1177,939,1203,930,1228,935,1250,952,1224,950,1200,945,1013,1115,1043,1086,1070,1072,1088,1078,1108,1077,1140,1097,1179,1129,1137,1134,1104,1132,1083,1131,1063,1128,1039,1125,1028,1111,1068,1099,1087,1102,1107,1104,1163,1124,1106,1107,1086,1104,1067,1102
1156,h,1,1,881,831,1327,1277,38.53333333333333,933,965,928,1015,927,1066,927,1118,934,1165,954,1203,986,1232,1029,1252,1082,1262,1140,1261,1198,1253,1252,1236,1293,1208,1319,1164,1333,1113,1346,1059,1359,1002,955,896,973,860,1010,843,1052,844,1089,859,1152,865,1196,855,1242,861,1281,883,1301,923,1115,912,1109,934,1104,954,1098,978,1053,1030,1074,1035,1095,1040,1120,1039,1145,1039,993,931,1015,920,1039,919,1060,933,1038,934,1014,934,1177,939,1203,930,1228,935,1250,952,1224,950,1200,945,1013,1115,1043,1086,1070,1072,1088,1078,1108,1077,1140,1097,1179,1129,1137,1134,1104,1132,1083,1131,1063,1128,1039,1125,1028,1111,1068,1099,1087,1102,1107,1104,1163,1124,1106,1107,1086,1104,1067,1102
1157,h,1,1,881,831,1327,1277,38.56666666666667,934,966,928,1019,927,1071,927,1122,936,1171,957,1208,990,1237,1032,1257,1082,1268,1140,1268,1197,1261,1250,1245,1291,1216,1319,1173,1335,1121,1347,1067,1360,1009,953,894,971,858,1007,841,1049,842,1084,858,1156,863,1199,855,1244,860,1283,882,1303,922,1114,913,1109,933,1103,952,1097,974,1055,1030,1076,1034,1096,1038,1120,1037,1144,1036,992,934,1014,919,1039,918,1063,933,1039,934,1014,935,1176,941,1203,929,1229,935,1252,954,1225,951,1199,946,1013,1114,1043,1085,1071,1070,1090,1076,1110,1074,1143,1095,1182,1128,1140,1135,1107,1134,1085,1133,1064,1130,1038,1126,1027,1111,1069,1097,1089,1099,1109,1101,1167,1123,1108,1112,1088,1110,1068,1108
1158,h,1,1,881,831,1327,1277,38.6,934,965,929,1017,927,1068,928,1120,936,1168,954,1207,986,1237,1030,1257,1083,1266,1143,1265,1201,1257,1254,1240,1294,1210,1321,1166,1335,1116,1347,1060,1358,1004,956,893,974,857,1010,840,1052,840,1088,855,1154,861,1196,851,1242,857,1281,879,1301,920,1116,909,1111,930,1105,951,1099,974,1055,1027,1076,1032,1097,1037,1122,1036,1146,1034,994,931,1016,917,1041,916,1064,930,1041,932,1016,933,1177,937,1204,927,1230,932,1251,950,1226,948,1200,943,1014,1112,1044,1084,1072,1068,1090,1074,1110,1072,1141,1093,1179,1127,1138,1134,1106,1132,1085,1131,1065,1128,1040,1125,1028,1109,1070,1095,1088,1098,1108,1099,1164,1121,1108,1107,1088,1105,1069,1104
1159,h,1,1,881,831,1327,1277,38.63333333333333,934,965,929,1017,927,1068,928,1120,936,1168,954,1207,986,1237,1030,1257,1083,1266,1143,1265,1201,1257,1254,1240,1294,1210,1321,1166,1335,1116,1347,1060,1358,1004,956,893,974,857,1010,840,1052,840,1088,855,1154,861,1196,851,1242,857,1281,879,1301,920,1116,909,1111,930,1105,951,1099,974,1055,1027,1076,1032,1097,1037,1122,1036,1146,1034,994,931,1016,917,1041,916,1064,930,1041,932,1016,933,1177,937,1204,927,1230,932,1251,950,1226,948,1200,943,1014,1112,1044,1084,1072,1068,1090,1074,1110,1072,1141,1093,1179,1127,1138,1134,1106,1132,1085,1131,1065,1128,1040,1125,1028,1109,1070,1095,1088,1098,1108,1099,1164,1121,1108,1107,1088,1105,1069,1104
1160,h,1,1,881,831,1327,1277,38.666666666666664,931,962,928,1014,928,1067,929,1119,936,1167,956,1205,990,1234,1036,1251,1090,1259,1148,1259,1206,1252,1258,1236,1297,1206,1323,1162,1337,1110,1349,1056,1360,1000,946,889,968,853,1008,838,1052,841,1091,859,1150,867,1195,855,1242,860,1283,879,1304,918,1116,911,1112,932,1107,952,1102,975,1057,1028,1078,1034,1099,1038,1123,1038,1147,1037,983,926,1008,916,1035,916,1059,931,1033,933,1007,932,1179,939,1207,929,1233,934,1257,951,1230,950,1204,946,1016,1112,1047,1085,1075,1070,1093,1077,1113,1075,1144,1096,1183,1129,1141,1135,1108,1131,1087,1129,1067,1126,1042,1124,1030,1109,1073,1098,1091,1101,1111,1103,1168,1124,1110,1106,1090,1104,1071,1102
1161,h,1,1,881,831,1327,1277,38.7,932,961,927,1014,927,1068,928,1121,937,1171,959,1209,994,1238,1037,1256,1089,1264,1147,1262,1204,1253,1256,1237,1295,1208,1320,1165,1335,1113,1347,1059,1359,1002,948,884,971,851,1010,839,1053,843,1090,861,1156,869,1198,858,1243,862,1282,881,1303,919,1117,913,1112,934,1107,954,1101,976,1056,1032,1077,1036,1098,1040,1122,1040,1146,1039,983,926,1008,915,1036,916,1061,933,1034,934,1006,933,1175,943,1204,930,1232,935,1256,952,1229,952,1202,948,1012,1114,1045,1085,1074,1070,1092,1077,1111,1075,1143,1096,1182,1129,1140,1136,1107,1133,1086,1132,1066,1129,1040,1126,1026,1111,1072,1099,1090,1101,1109,1103,1167,1124,1109,1108,1090,1106,1071,1104
1162,h,1,1,881,831,1327,1277,38.733333333333334,934,961,929,1014,928,1067,928,1119,937,1168,957,1206,990,1235,1033,1254,1085,1265,1142,1265,1199,1260,1251,1244,1292,1216,1320,1173,1335,1122,1347,1068,1359,1011,948,889,969,852,1008,835,1051,837,1088,855,1158,860,1203,852,1251,860,1291,884,1310,927,1117,911,1113,932,1108,953,1102,976,1057,1030,1078,1035,1099,1039,1124,1039,1149,1038,985,926,1011,914,1039,915,1064,932,1037,933,1009,932,1177,943,1207,931,1235,937,1259,956,1231,955,1203,949,1015,1114,1047,1087,1076,1072,1093,1078,1113,1076,1144,1098,1183,1130,1140,1137,1108,1136,1087,1134,1067,1131,1042,1128,1030,1112,1073,1098,1091,1100,1110,1102,1167,1125,1110,1112,1090,1110,1072,1108
1163,h,1,1,881,831,1327,1277,38.766666666666666,934,961,929,1014,928,1067,928,1119,937,1168,957,1206,990,1235,1033,1254,1085,1265,1142,1265,1199,1260,1251,1244,1292,1216,1320,1173,1335,1122,1347,1068,1359,1011,948,889,969,852,1008,835,1051,837,1088,855,1158,860,1203,852,1251,860,1291,884,1310,927,1117,911,1113,932,1108,953,1102,976,1057,1030,1078,1035,1099,1039,1124,1039,1149,1038,985,926,1011,914,1039,915,1064,932,1037,933,1009,932,1177,943,1207,931,1235,937,1259,956,1231,955,1203,949,1015,1114,1047,1087,1076,1072,1093,1078,1113,1076,1144,1098,1183,1130,1140,1137,1108,1136,1087,1134,1067,1131,1042,1128,1030,1112,1073,1098,1091,1100,1110,1102,1167,1125,1110,1112,1090,1110,1072,1108
1164,h,1,1,881,831,1327,1277,38.8,936,961,930,1014,928,1066,928,1118,936,1167,956,1205,988,1235,1030,1255,1081,1266,1138,1266,1196,1261,1248,1246,1291,1218,1320,1176,1337,1125,1350,1069,1362,1012,956,883,978,850,1016,839,1057,842,1091,859,1163,868,1204,858,1248,863,1286,883,1307,920,1120,912,1114,933,1108,954,1102,977,1057,1029,1078,1035,1099,1040,1124,1040,1149,1038,990,928,1015,914,1042,914,1066,932,1040,933,1013,932,1180,942,1208,929,1236,935,1259,955,1232,953,1205,948,1014,1112,1047,1084,1076,1070,1094,1077,1113,1076,1145,1097,1184,1130,1142,1139,1108,1138,1087,1136,1066,1133,1041,1128,1028,1110,1073,1098,1092,1101,1112,1103,1169,1126,1110,1114,1090,1112,1071,1110
1165,h,1,1,881,831,1327,1277,38.833333333333336,938,965,932,1017,930,1070,929,1121,937,1169,956,1207,990,1235,1032,1253,1083,1264,1140,1263,1197,1257,1250,1243,1290,1215,1318,1173,1335,1123,1349,1070,1363,1016,959,888,979,855,1016,840,1058,842,1094,858,1163,865,1206,856,1250,862,1288,884,1307,922,1121,911,1116,932,1110,953,1104,976,1058,1029,1079,1034,1099,1039,1125,1038,1150,1038,996,928,1020,915,1045,915,1067,931,1044,931,1018,931,1183,941,1210,928,1236,935,1258,953,1232,952,1206,947,1016,1113,1046,1085,1075,1071,1092,1077,1112,1075,1144,1097,1182,1130,1140,1139,1107,1137,1086,1136,1066,1133,1041,1128,1030,1110,1072,1097,1090,1100,1110,1102,1167,1126,1109,1113,1090,1111,1071,1108
1166,h,1,1,881,831,1327,1277,38.86666666666667,929,972,926,1024,926,1076,928,1127,936,1173,955,1210,990,1238,1035,1254,1088,1263,1145,1262,1204,1255,1257,1239,1296,1210,1321,1166,1335,1115,1347,1062,1359,1007,935,897,958,858,1001,841,1048,843,1091,861,1155,871,1200,860,1248,865,1291,888,1313,933,1116,914,1112,936,1108,955,1104,977,1057,1033,1079,1038,1101,1043,1126,1042,1150,1041,976,931,1003,916,1032,917,1058,936,1030,937,1001,937,1176,947,1208,932,1237,937,1261,958,1234,956,1204,952,1014,1120,1046,1089,1075,1074,1095,1081,1114,1079,1147,1101,1185,1134,1144,1143,1110,1143,1089,1141,1067,1138,1041,1134,1028,1117,1073,1101,1093,1105,1113,1107,1169,1129,1113,1118,1092,1116,1071,1114
1167,h,1,1,881,831,1327,1277,38.9,929,972,926,1024,926,1076,928,1127,936,1173,955,1210,990,1238,1035,1254,1088,1263,1145,1262,1204,1255,1257,1239,1296,1210,1321,1166,1335,1115,1347,1062,1359,1007,935,897,958,858,1001,841,1048,843,1091,861,1155,871,1200,860,1248,865,1291,888,1313,933,1116,914,1112,936,1108,955,1104,977,1057,1033,1079,1038,1101,1043,1126,1042,1150,1041,976,931,1003,916,1032,917,1058,936,1030,937,1001,937,1176,947,1208,932,1237,937,1261,958,1234,956,1204,952,1014,1120,1046,1089,1075,1074,1095,1081,1114,1079,1147,1101,1185,1134,1144,1143,1110,1143,1089,1141,1067,1138,1041,1134,1028,1117,1073,1101,1093,1105,1113,1107,1169,1129,1113,1118,1092,1116,1071,1114
1168,h,2,1,881,831,1327,1277,38.93333333333333,938,965,932,1016,930,1068,929,1119,935,1168,955,1207,989,1238,1032,1258,1084,1270,1142,1270,1200,1263,1251,1246,1291,1217,1318,1175,1335,1125,1349,1071,1362,1015,962,893,981,858,1019,844,1060,846,1096,862,1165,870,1207,860,1252,866,1291,889,1310,929,1124,915,1118,935,1111,955,1105,977,1060,1032,1080,1037,1101,1042,1126,1042,1151,1041,999,933,1023,918,1050,918,1072,937,1048,936,1022,936,1182,947,1211,932,1238,938,1260,959,1234,956,1207,952,1015,1116,1049,1088,1079,1074,1096,1081,1117,1079,1149,1100,1187,1132,1145,1143,1111,1141,1090,1140,1070,1136,1043,1132,1030,1114,1076,1101,1094,1104,1115,1106,1172,1128,1114,1119,1093,1116,1074,1114
1169,h,1,1,881,831,1327,1277,38.96666666666667,933,965,929,1017,928,1070,930,1122,938,1170,958,1208,991,1239,1033,1259,1086,1271,1145,1271,1204,1265,1255,1247,1293,1217,1320,1174,1337,1122,1351,1069,1364,1012,946,891,969,854,1010,838,1055,839,1093,858,1158,864,1203,854,1251,860,1292,883,1312,926,1118,912,1114,934,1109,955,1104,980,1058,1031,1079,1037,1100,1042,1125,1041,1150,1039,988,927,1013,915,1040,915,1064,931,1038,933,1011,932,1181,941,1209,930,1237,935,1260,954,1233,953,1206,948,1014,1117,1046,1089,1075,1075,1093,1081,1115,1080,1146,1101,1185,1133,1143,1142,1110,1141,1088,1139,1067,1136,1041,1131,1029,1114,1072,1101,1092,1104,1113,1106,1170,1129,1112,1118,1091,1116,1071,1114
1170,h,1,1,881,831,1327,1277,39.0,942,956,935,1009,932,1062,931,1114,937,1163,956,1203,988,1235,1030,1257,1083,1269,1141,1269,1197,1261,1249,1246,1290,1217,1318,1174,1335,1124,1350,1070,1364,1014,966,889,985,856,1021,842,1062,844,1097,860,1166,867,1208,858,1253,864,1291,886,1311,926,1125,912,1119,933,1112,953,1105,976,1061,1028,1082,1034,1102,1039,1126,1039,1150,1038,1002,929,1025,916,1051,916,1074,933,1050,934,1024,933,1184,944,1212,931,1239,937,1261,957,1235,955,1208,950,1017,1112,1049,1084,1077,1071,1095,1077,1115,1076,1148,1097,1186,1131,1143,1141,1109,1139,1088,1137,1068,1133,1043,1129,1031,1110,1074,1097,1093,1100,1113,1102,1171,1126,1112,1115,1092,1112,1073,1110
1171,h,1,1,881,831,1327,1277,39.03333333333333,942,956,935,1009,932,1062,931,1114,937,1163,956,1203,988,1235,1030,1257,1083,1269,1141,1269,1197,1261,1249,1246,1290,1217,1318,1174,1335,1124,1350,1070,1364,1014,966,889,985,856,1021,842,1062,844,1097,860,1166,867,1208,858,1253,864,1291,886,1311,926,1125,912,1119,933,1112,953,1105,976,1061,1028,1082,1034,1102,1039,1126,1039,1150,1038,1002,929,1025,916,1051,916,1074,933,1050,934,1024,933,1184,944,1212,931,1239,937,1261,957,1235,955,1208,950,1017,1112,1049,1084,1077,1071,1095,1077,1115,1076,1148,1097,1186,1131,1143,1141,1109,1139,1088,1137,1068,1133,1043,1129,1031,1110,1074,1097,1093,1100,1113,1102,1171,1126,1112,1115,1092,1112,1073,1110
1172,h,1,1,881,831,1327,1277,39.06666666666667,930,982,928,1032,929,1080,932,1130,945,1174,967,1211,1001,1240,1042,1259,1093,1270,1148,1268,1206,1257,1259,1239,1299,1207,1325,1163,1338,1111,1349,1059,1359,1004,945,894,968,867,1003,857,1040,862,1074,878,1151,883,1192,868,1237,869,1277,887,1301,923,1106,924,1103,943,1099,961,1094,981,1058,1038,1078,1041,1097,1044,1118,1044,1139,1044,976,939,999,923,1028,923,1054,942,1027,943,998,944,1169,950,1198,933,1228,936,1253,956,1226,957,1197,953,1014,1115,1041,1087,1072,1075,1093,1081,1115,1079,1153,1096,1193,1127,1152,1147,1113,1151,1088,1150,1065,1146,1037,1136,1028,1113,1070,1098,1092,1103,1114,1104,1178,1125,1114,1128,1091,1127,1069,1123
1173,h,1,1,881,831,1327,1277,39.1,923,977,919,1027,920,1078,924,1129,936,1176,959,1214,995,1242,1039,1262,1092,1271,1150,1268,1208,1257,1260,1239,1299,1208,1325,1164,1338,1113,1350,1059,1360,1003,939,893,960,858,997,843,1039,842,1077,855,1160,863,1201,853,1245,858,1282,879,1305,916,1111,915,1108,936,1104,957,1101,980,1060,1035,1080,1038,1099,1041,1122,1040,1143,1040,976,934,1002,919,1031,919,1056,936,1029,938,1000,939,1173,944,1204,929,1233,933,1257,952,1230,952,1202,948,1015,1120,1047,1090,1076,1073,1095,1077,1115,1074,1149,1096,1188,1130,1148,1143,1113,1144,1093,1144,1071,1142,1044,1137,1031,1117,1075,1099,1094,1101,1113,1102,1172,1125,1114,1118,1094,1116,1075,1115
1174,h,1,1,881,831,1327,1277,39.13333333333333,923,977,919,1027,920,1078,924,1129,936,1176,959,1214,995,1242,1039,1262,1092,1271,1150,1268,1208,1257,1260,1239,1299,1208,1325,1164,1338,1113,1350,1059,1360,1003,939,893,960,858,997,843,1039,842,1077,855,1160,863,1201,853,1245,858,1282,879,1305,916,1111,915,1108,936,1104,957,1101,980,1060,1035,1080,1038,1099,1041,1122,1040,1143,1040,976,934,1002,919,1031,919,1056,936,1029,938,1000,939,1173,944,1204,929,1233,933,1257,952,1230,952,1202,948,1015,1120,1047,1090,1076,1073,1095,1077,1115,1074,1149,1096,1188,1130,1148,1143,1113,1144,1093,1144,1071,1142,1044,1137,1031,1117,1075,1099,1094,1101,1113,1102,1172,1125,1114,1118,1094,1116,1075,1115
1175,h,1,1,881,831,1327,1277,39.166666666666664,932,967,927,1017,926,1067,929,1118,939,1165,960,1204,996,1231,1040,1250,1092,1260,1150,1258,1208,1249,1262,1233,1302,1204,1328,1162,1343,1110,1354,1057,1364,1001,949,890,971,861,1007,854,1045,860,1080,876,1155,881,1194,867,1236,867,1275,883,1300,915,1111,921,1107,940,1102,960,1098,981,1059,1034,1079,1037,1099,1041,1122,1040,1144,1039,977,933,1002,918,1031,918,1057,938,1029,939,1000,940,1173,947,1203,929,1233,932,1258,952,1231,953,1201,950,1016,1115,1047,1088,1076,1073,1094,1077,1113,1075,1147,1097,1189,1128,1145,1140,1110,1141,1090,1140,1070,1137,1043,1131,1031,1114,1075,1097,1093,1099,1112,1100,1173,1124,1111,1117,1092,1115,1073,1113
1176,h,1,1,940,858,1312,1229,39.2,938,977,934,1025,933,1073,936,1121,949,1165,975,1199,1011,1224,1051,1243,1100,1253,1153,1252,1206,1241,1255,1225,1295,1197,1320,1157,1335,1108,1345,1057,1354,1007,974,902,996,872,1030,861,1067,863,1100,877,1159,881,1196,868,1239,869,1276,887,1298,924,1123,922,1117,943,1112,963,1106,986,1068,1033,1087,1037,1107,1041,1130,1041,1152,1040,1006,939,1027,922,1053,923,1074,944,1051,945,1025,945,1179,949,1203,930,1230,932,1253,953,1229,955,1202,952,1028,1111,1057,1086,1084,1072,1101,1078,1118,1076,1150,1095,1188,1126,1148,1136,1116,1135,1098,1134,1080,1131,1054,1125,1042,1110,1083,1098,1100,1100,1117,1102,1172,1122,1117,1109,1100,1107,1083,1104
1177,h,1,1,881,831,1327,1277,39.233333333333334,940,952,935,1004,933,1057,932,1109,940,1157,960,1196,995,1225,1038,1246,1090,1257,1148,1255,1209,1246,1264,1231,1305,1202,1331,1157,1345,1104,1358,1047,1371,989,954,883,977,855,1014,847,1054,852,1090,866,1159,874,1201,862,1246,863,1286,878,1312,910,1115,914,1110,936,1104,958,1099,981,1064,1032,1082,1036,1100,1038,1122,1038,1144,1038,989,926,1014,914,1042,915,1065,932,1040,932,1012,932,1181,939,1209,926,1236,930,1259,947,1234,947,1207,943,1022,1110,1053,1085,1080,1070,1096,1075,1115,1073,1148,1093,1187,1124,1145,1133,1110,1133,1090,1132,1072,1130,1047,1127,1038,1108,1079,1095,1095,1098,1114,1098,1171,1120,1112,1111,1093,1109,1076,1108
1178,h,1,1,881,831,1327,1277,39.266666666666666,940,952,935,1004,933,1057,932,1109,940,1157,960,1196,995,1225,1038,1246,1090,1257,1148,1255,1209,1246,1264,1231,1305,1202,1331,1157,1345,1104,1358,1047,1371,989,954,883,977,855,1014,847,1054,852,1090,866,1159,874,1201,862,1246,863,1286,878,1312,910,1115,914,1110,936,1104,958,1099,981,1064,1032,1082,1036,1100,1038,1122,1038,1144,1038,989,926,1014,914,1042,915,1065,932,1040,932,1012,932,1181,939,1209,926,1236,930,1259,947,1234,947,1207,943,1022,1110,1053,1085,1080,1070,1096,1075,1115,1073,1148,1093,1187,1124,1145,1133,1110,1133,1090,1132,1072,1130,1047,1127,1038,1108,1079,1095,1095,1098,1114,1098,1171,1120,1112,1111,1093,1109,1076,1108
1179,h,1,1,881,831,1327,1277,39.3,932,967,928,1020,929,1073,932,1125,942,1172,964,1208,1000,1236,1045,1253,1097,1260,1154,1256,1211,1247,1264,1231,1302,1202,1325,1158,1338,1107,1350,1052,1361,996,947,890,969,857,1007,846,1049,851,1087,865,1162,873,1203,862,1246,862,1285,878,1308,914,1116,916,1113,936,1109,955,1105,977,1064,1032,1085,1036,1105,1039,1128,1038,1150,1037,982,928,1008,916,1036,916,1061,934,1034,935,1006,935,1178,942,1207,928,1235,931,1259,950,1233,949,1205,946,1020,1117,1052,1088,1081,1071,1099,1077,1118,1074,1151,1095,1190,1129,1149,1137,1114,1137,1095,1137,1075,1135,1048,1131,1036,1115,1080,1098,1098,1100,1116,1102,1174,1124,1115,1112,1097,1111,1078,1109
1180,h,1,1,940,858,1312,1229,39.333333333333336,937,969,934,1019,934,1069,935,1118,944,1163,969,1197,1007,1221,1050,1239,1100,1249,1155,1249,1211,1242,1264,1228,1304,1202,1328,1160,1342,1111,1356,1059,1368,1006,963,889,987,858,1024,848,1064,850,1100,865,1165,871,1207,860,1252,865,1292,885,1315,922,1127,917,1122,937,1116,956,1110,977,1068,1028,1088,1033,1109,1038,1132,1038,1155,1039,1004,931,1027,915,1053,915,1075,937,1051,937,1024,936,1187,946,1213,927,1241,932,1264,953,1239,954,1211,950,1032,1109,1060,1085,1086,1073,1102,1079,1120,1077,1151,1098,1190,1127,1150,1137,1118,1135,1099,1133,1080,1129,1056,1123,1046,1107,1084,1097,1102,1101,1119,1103,1174,1123,1118,1109,1101,1106,1083,1103
1183,h,1,1,940,858,1312,1229,39.43333333333333,942,967,937,1016,935,1065,935,1113,944,1158,968,1195,1003,1219,1044,1240,1093,1252,1149,1253,1205,1245,1257,1231,1300,1205,1326,1165,1342,1117,1354,1064,1366,1010,978,897,996,863,1031,849,1069,851,1103,866,1164,872,1205,862,1250,866,1289,886,1310,924,1128,917,1121,938,1114,957,1107,979,1068,1030,1087,1035,1107,1039,1130,1040,1154,1039,1011,934,1032,916,1058,916,1080,938,1057,939,1031,939,1186,945,1211,927,1239,931,1262,953,1237,954,1209,950,1035,1111,1060,1085,1086,1072,1101,1078,1118,1076,1151,1097,1189,1127,1149,1134,1117,1133,1099,1131,1081,1127,1058,1122,1049,1108,1085,1098,1101,1101,1118,1103,1173,1123,1118,1106,1101,1104,1084,1101
1185,h,1,1,881,831,1327,1277,39.5,941,960,935,1012,933,1065,934,1117,942,1166,962,1205,994,1237,1036,1257,1088,1268,1146,1268,1206,1259,1260,1241,1302,1210,1329,1166,1345,1115,1357,1061,1369,1003,961,891,981,857,1019,843,1060,845,1096,862,1160,868,1205,857,1252,862,1293,884,1314,924,1121,913,1115,934,1108,954,1101,977,1061,1031,1081,1036,1102,1040,1127,1039,1152,1037,995,930,1020,917,1048,917,1072,934,1046,935,1019,935,1183,943,1212,929,1239,934,1263,952,1236,951,1209,948,1021,1116,1052,1088,1081,1072,1098,1078,1118,1076,1152,1096,1194,1130,1150,1140,1114,1140,1094,1138,1075,1136,1049,1133,1036,1113,1080,1098,1097,1101,1116,1102,1179,1125,1116,1117,1097,1114,1079,1112
1186,h,1,1,881,831,1327,1277,39.53333333333333,941,960,935,1012,933,1065,934,1117,942,1166,962,1205,994,1237,1036,1257,1088,1268,1146,1268,1206,1259,1260,1241,1302,1210,1329,1166,1345,1115,1357,1061,1369,1003,961,891,981,857,1019,843,1060,845,1096,862,1160,868,1205,857,1252,862,1293,884,1314,924,1121,913,1115,934,1108,954,1101,977,1061,1031,1081,1036,1102,1040,1127,1039,1152,1037,995,930,1020,917,1048,917,1072,934,1046,935,1019,935,1183,943,1212,929,1239,934,1263,952,1236,951,1209,948,1021,1116,1052,1088,1081,1072,1098,1078,1118,1076,1152,1096,1194,1130,1150,1140,1114,1140,1094,1138,1075,1136,1049,1133,1036,1113,1080,1098,1097,1101,1116,1102,1179,1125,1116,1117,1097,1114,1079,1112
1187,h,1,1,940,858,1312,1229,39.56666666666667,939,962,935,1011,933,1061,935,1109,948,1153,973,1189,1007,1215,1048,1235,1095,1247,1149,1248,1204,1240,1255,1225,1297,1198,1324,1157,1340,1109,1353,1057,1364,1004,976,896,995,863,1029,850,1067,852,1101,868,1164,873,1206,863,1251,868,1289,889,1310,926,1126,917,1120,938,1114,958,1107,981,1068,1028,1086,1034,1106,1038,1130,1038,1153,1038,1010,934,1031,917,1056,918,1078,937,1054,938,1029,938,1186,946,1211,930,1238,935,1260,955,1236,955,1209,951,1035,1109,1062,1084,1087,1071,1103,1078,1121,1076,1153,1096,1189,1127,1150,1134,1118,1132,1099,1129,1082,1126,1059,1120,1049,1107,1086,1097,1102,1100,1120,1101,1174,1122,1119,1106,1102,1104,1085,1100
1188,h,1,1,881,831,1327,1277,39.6,934,968,929,1018,928,1070,931,1121,942,1168,966,1206,1001,1233,1044,1252,1093,1262,1148,1259,1205,1249,1259,1235,1300,1206,1326,1164,1342,1114,1355,1060,1367,1005,954,888,979,858,1016,849,1056,852,1091,867,1163,871,1203,861,1246,864,1285,882,1309,917,1118,916,1112,937,1107,957,1100,980,1063,1033,1082,1037,1102,1041,1123,1041,1145,1041,986,931,1012,916,1041,917,1064,938,1038,938,1009,938,1180,945,1209,928,1237,932,1261,952,1235,953,1207,949,1019,1114,1052,1087,1080,1071,1097,1076,1117,1074,1150,1095,1188,1127,1147,1138,1114,1138,1093,1138,1074,1135,1048,1130,1034,1111,1078,1098,1096,1101,1115,1102,1173,1123,1115,1115,1096,1113,1077,1110
1189,h,1,1,881,831,1327,1277,39.63333333333333,934,968,929,1018,928,1070,931,1121,942,1168,966,1206,1001,1233,1044,1252,1093,1262,1148,1259,1205,1249,1259,1235,1300,1206,1326,1164,1342,1114,1355,1060,1367,1005,954,888,979,858,1016,849,1056,852,1091,867,1163,871,1203,861,1246,864,1285,882,1309,917,1118,916,1112,937,1107,957,1100,980,1063,1033,1082,1037,1102,1041,1123,1041,1145,1041,986,931,1012,916,1041,917,1064,938,1038,938,1009,938,1180,945,1209,928,1237,932,1261,952,1235,953,1207,949,1019,1114,1052,1087,1080,1071,1097,1076,1117,1074,1150,1095,1188,1127,1147,1138,1114,1138,1093,1138,1074,1135,1048,1130,1034,1111,1078,1098,1096,1101,1115,1102,1173,1123,1115,1115,1096,1113,1077,1110
1190,h,1,1,881,831,1327,1277,39.666666666666664,934,961,928,1013,927,1067,929,1120,937,1169,957,1208,990,1238,1033,1257,1085,1268,1142,1268,1199,1260,1252,1243,1293,1215,1322,1171,1339,1120,1352,1064,1364,1007,953,887,975,853,1015,839,1058,842,1096,860,1163,867,1205,856,1251,860,1291,881,1311,921,1123,913,1117,934,1112,954,1106,978,1060,1030,1082,1036,1103,1040,1128,1040,1153,1038,989,928,1015,916,1043,916,1068,934,1041,935,1013,934,1180,943,1210,930,1237,936,1261,954,1235,953,1207,949,1017,1115,1049,1086,1079,1071,1097,1077,1118,1075,1151,1096,1190,1131,1148,1142,1113,1142,1092,1141,1071,1137,1044,1132,1032,1112,1077,1096,1096,1099,1116,1101,1175,1126,1116,1118,1095,1115,1076,1113
1191,h,1,1,881,831,1327,1277,39.7,937,963,932,1015,930,1068,930,1120,938,1170,958,1207,992,1237,1037,1255,1090,1264,1149,1263,1207,1255,1259,1240,1298,1210,1323,1166,1338,1115,1350,1060,1362,1004,963,892,984,858,1021,844,1063,846,1098,863,1161,870,1203,858,1248,863,1288,885,1309,924,1122,914,1117,934,1112,954,1106,976,1062,1030,1083,1035,1103,1039,1128,1039,1151,1038,999,930,1022,917,1048,917,1072,934,1047,934,1021,934,1181,943,1209,930,1235,934,1258,953,1233,952,1206,948,1021,1114,1053,1086,1081,1072,1099,1079,1117,1077,1149,1097,1188,1130,1146,1136,1113,1133,1093,1132,1073,1129,1048,1127,1036,1112,1078,1099,1097,1102,1115,1104,1172,1125,1115,1109,1096,1107,1077,1105
1192,h,1,1,881,831,1327,1277,39.733333333333334,932,959,927,1013,925,1066,927,1118,936,1166,957,1206,991,1235,1036,1254,1086,1264,1141,1262,1200,1254,1254,1237,1295,1207,1321,1165,1337,1114,1351,1060,1364,1004,945,891,969,857,1009,844,1052,848,1090,865,1155,872,1198,860,1246,864,1289,884,1312,925,1117,918,1111,939,1104,959,1098,982,1059,1036,1078,1041,1098,1044,1121,1044,1143,1043,982,931,1009,916,1039,917,1065,940,1036,940,1006,939,1174,948,1203,930,1233,934,1258,955,1231,956,1201,952,1016,1115,1049,1088,1077,1073,1094,1078,1115,1076,1147,1096,1186,1128,1145,1140,1112,1142,1090,1142,1070,1139,1045,1134,1032,1113,1075,1100,1094,1102,1114,1104,1171,1124,1114,1118,1093,1116,1074,1114
1193,h,1,1,881,831,1327,1277,39.766666666666666,932,959,927,1013,925,1066,927,1118,936,1166,957,1206,991,1235,1036,1254,1086,1264,1141,1262,1200,1254,1254,1237,1295,1207,1321,1165,1337,1114,1351,1060,1364,1004,945,891,969,857,1009,844,1052,848,1090,865,1155,872,1198,860,1246,864,1289,884,1312,925,1117,918,1111,939,1104,959,1098,982,1059,1036,1078,1041,1098,1044,1121,1044,1143,1043,982,931,1009,916,1039,917,1065,940,1036,940,1006,939,1174,948,1203,930,1233,934,1258,955,1231,956,1201,952,1016,1115,1049,1088,1077,1073,1094,1078,1115,1076,1147,1096,1186,1128,1145,1140,1112,1142,1090,1142,1070,1139,1045,1134,1032,1113,1075,1100,1094,1102,1114,1104,1171,1124,1114,1118,1093,1116,1074,1114
1194,h,1,1,881,831,1327,1277,39.8,938,967,931,1019,928,1071,929,1123,938,1170,959,1209,992,1238,1036,1257,1087,1267,1145,1266,1202,1260,1254,1244,1294,1216,1321,1174,1337,1122,1350,1068,1363,1010,960,895,980,859,1016,844,1056,846,1091,862,1161,868,1204,860,1250,865,1289,888,1308,928,1118,914,1112,935,1107,956,1100,979,1057,1032,1077,1039,1098,1044,1123,1043,1147,1041,997,934,1020,919,1046,919,1069,937,1044,938,1019,938,1178,945,1206,931,1232,936,1255,957,1229,955,1203,951,1017,1119,1047,1090,1074,1076,1092,1081,1112,1080,1144,1099,1185,1131,1142,1137,1109,1135,1088,1134,1068,1131,1043,1129,1031,1115,1072,1102,1091,1105,1111,1106,1168,1127,1111,1111,1090,1109,1072,1107
1195,h,1,1,881,831,1327,1277,39.833333333333336,937,964,931,1018,929,1071,929,1122,939,1170,960,1207,993,1236,1034,1256,1084,1267,1141,1266,1197,1258,1248,1243,1289,1216,1318,1174,1334,1123,1348,1069,1361,1012,960,896,979,860,1015,846,1056,848,1092,865,1160,874,1202,862,1249,867,1288,889,1308,930,1120,915,1114,936,1108,956,1102,979,1059,1030,1078,1036,1099,1041,1124,1041,1147,1039,997,934,1020,919,1046,919,1068,938,1044,939,1018,939,1179,948,1206,933,1234,939,1256,960,1230,959,1204,955,1017,1115,1048,1087,1076,1073,1094,1079,1114,1078,1146,1098,1185,1131,1143,1142,1109,1141,1088,1140,1068,1136,1043,1132,1032,1113,1074,1099,1092,1102,1111,1103,1169,1127,1111,1118,1091,1116,1072,1114
1196,h,1,1,881,831,1327,1277,39.86666666666667,932,969,926,1021,926,1072,927,1123,936,1170,956,1208,990,1237,1033,1256,1085,1266,1142,1265,1200,1257,1252,1241,1291,1212,1318,1170,1334,1119,1348,1066,1359,1009,947,893,967,857,1006,842,1049,845,1088,864,1155,874,1198,860,1245,864,1286,885,1307,928,1116,915,1111,936,1106,957,1100,979,1055,1032,1076,1037,1097,1042,1123,1042,1147,1040,979,931,1005,916,1034,917,1060,938,1032,938,1003,938,1174,948,1204,932,1233,936,1257,957,1231,956,1202,953,1013,1116,1045,1088,1073,1073,1091,1079,1112,1077,1144,1098,1184,1131,1142,1142,1109,1141,1087,1140,1066,1137,1041,1133,1028,1114,1071,1099,1090,1102,1110,1103,1168,1126,1111,1117,1090,1116,1070,1113
1197,h,1,1,881,831,1327,1277,39.9,932,969,926,1021,926,1072,927,1123,936,1170,956,1208,990,1237,1033,1256,1085,1266,1142,1265,1200,1257,1252,1241,1291,1212,1318,1170,1334,1119,1348,1066,1359,1009,947,893,967,857,1006,842,1049,845,1088,864,1155,874,1198,860,1245,864,1286,885,1307,928,1116,915,1111,936,1106,957,1100,979,1055,1032,1076,1037,1097,1042,1123,1042,1147,1040,979,931,1005,916,1034,917,1060,938,1032,938,1003,938,1174,948,1204,932,1233,936,1257,957,1231,956,1202,953,1013,1116,1045,1088,1073,1073,1091,1079,1112,1077,1144,1098,1184,1131,1142,1142,1109,1141,1087,1140,1066,1137,1041,1133,1028,1114,1071,1099,1090,1102,1110,1103,1168,1126,1111,1117,1090,1116,1070,1113
1198,h,1,1,881,831,1327,1277,39.93333333333333,932,963,927,1015,925,1067,925,1118,932,1167,952,1207,985,1236,1029,1256,1081,1266,1141,1266,1199,1258,1252,1241,1293,1211,1319,1167,1335,1116,1348,1061,1361,1004,955,891,975,857,1012,843,1054,845,1091,861,1156,868,1199,859,1244,864,1283,886,1304,925,1116,914,1111,935,1106,956,1101,979,1057,1031,1077,1036,1098,1041,1123,1041,1147,1039,992,930,1015,917,1041,917,1065,933,1040,934,1013,934,1176,943,1203,930,1230,935,1253,954,1227,953,1200,949,1016,1115,1046,1087,1074,1074,1093,1081,1113,1079,1143,1099,1181,1131,1139,1137,1107,1135,1086,1133,1065,1130,1041,1126,1029,1112,1072,1102,1092,1105,1111,1107,1166,1127,1109,1110,1089,1107,1069,1104
1199,h,1,1,881,831,1327,1277,39.96666666666667,926,961,923,1015,924,1068,925,1120,934,1169,957,1207,990,1234,1033,1253,1082,1262,1137,1263,1194,1256,1246,1241,1287,1212,1314,1170,1330,1118,1343,1064,1357,1006,946,891,970,858,1010,846,1054,849,1092,865,1152,873,1194,863,1240,868,1281,888,1302,927,1115,919,1109,940,1104,960,1098,982,1053,1032,1074,1039,1095,1043,1120,1043,1144,1042,986,933,1011,918,1039,919,1063,939,1037,941,1008,941,1171,949,1200,934,1229,938,1252,959,1226,961,1197,956,1013,1116,1044,1089,1072,1075,1091,1082,1110,1080,1142,1101,1181,1133,1139,1143,1105,1141,1085,1139,1065,1136,1039,1131,1028,1114,1070,1102,1089,1105,1108,1107,1165,1128,1107,1116,1088,1113,1069,1111
1200,h,1,1,881,831,1327,1277,40.0,920,955,919,1009,920,1064,922,1118,930,1168,951,1208,987,1238,1032,1255,1085,1264,1141,1262,1198,1255,1249,1239,1289,1211,1316,1166,1332,1114,1346,1058,1358,1001,935,887,958,850,998,837,1044,841,1083,860,1154,868,1197,857,1244,862,1284,883,1306,924,1112,912,1107,935,1103,956,1098,981,1054,1032,1074,1036,1094,1041,1119,1041,1143,1041,973,925,1000,914,1029,916,1054,933,1026,936,996,935,1173,944,1203,932,1232,937,1256,955,1229,957,1200,952,1015,1118,1045,1090,1072,1076,1090,1082,1109,1080,1140,1101,1178,1133,1137,1141,1105,1139,1085,1137,1065,1134,1041,1130,1029,1115,1070,1103,1089,1106,1108,1108,1162,1128,1107,1112,1088,1110,1069,1107
1201,h,1,1,881,831,1327,1277,40.03333333333333,920,955,919,1009,920,1064,922,1118,930,1168,951,1208,987,1238,1032,1255,1085,1264,1141,1262,1198,1255,1249,1239,1289,1211,1316,1166,1332,1114,1346,1058,1358,1001,935,887,958,850,998,837,1044,841,1083,860,1154,868,1197,857,1244,862,1284,883,1306,924,1112,912,1107,935,1103,956,1098,981,1054,1032,1074,1036,1094,1041,1119,1041,1143,1041,973,925,1000,914,1029,916,1054,933,1026,936,996,935,1173,944,1203,932,1232,937,1256,955,1229,957,1200,952,1015,1118,1045,1090,1072,1076,1090,1082,1109,1080,1140,1101,1178,1133,1137,1141,1105,1139,1085,1137,1065,1134,1041,1130,1029,1115,1070,1103,1089,1106,1108,1108,1162,1128,1107,1112,1088,1110,1069,1107
1202,h,1,1,881,831,1327,1277,40.06666666666667,925,953,922,1008,922,1062,923,1113,930,1163,950,1202,983,1232,1025,1251,1078,1262,1136,1261,1197,1254,1250,1239,1292,1208,1317,1165,1331,1113,1345,1058,1359,999,944,888,966,854,1006,842,1049,845,1087,861,1157,868,1200,859,1246,863,1286,883,1308,921,1113,917,1107,939,1101,961,1094,985,1052,1033,1072,1038,1093,1043,1117,1043,1142,1042,983,929,1009,917,1037,918,1060,937,1034,938,1006,937,1174,948,1202,933,1231,938,1255,957,1228,959,1200,955,1011,1114,1042,1088,1069,1076,1088,1082,1109,1081,1141,1101,1180,1132,1138,1144,1104,1143,1082,1142,1061,1138,1037,1133,1026,1112,1067,1099,1087,1102,1107,1104,1164,1127,1106,1121,1085,1119,1065,1116
1203,h,1,1,881,831,1327,1277,40.1,926,960,921,1014,919,1067,921,1121,931,1169,953,1208,985,1237,1026,1255,1076,1265,1130,1265,1188,1257,1241,1241,1283,1213,1311,1171,1327,1120,1340,1065,1353,1008,946,891,968,858,1006,846,1047,848,1084,863,1151,871,1192,861,1238,866,1277,887,1298,928,1108,919,1101,939,1094,958,1086,980,1050,1035,1068,1039,1087,1042,1109,1042,1132,1043,978,933,1003,917,1032,918,1057,940,1030,942,1001,941,1166,951,1195,932,1225,937,1249,958,1222,960,1193,957,1007,1115,1038,1088,1066,1074,1085,1079,1103,1077,1138,1097,1178,1129,1136,1144,1100,1144,1080,1143,1060,1140,1033,1134,1022,1112,1065,1098,1083,1100,1102,1102,1163,1125,1102,1121,1083,1119,1064,1116
1204,h,1,1,881,831,1327,1277,40.13333333333333,926,960,921,1014,919,1067,921,1121,931,1169,953,1208,985,1237,1026,1255,1076,1265,1130,1265,1188,1257,1241,1241,1283,1213,1311,1171,1327,1120,1340,1065,1353,1008,946,891,968,858,1006,846,1047,848,1084,863,1151,871,1192,861,1238,866,1277,887,1298,928,1108,919,1101,939,1094,958,1086,980,1050,1035,1068,1039,1087,1042,1109,1042,1132,1043,978,933,1003,917,1032,918,1057,940,1030,942,1001,941,1166,951,1195,932,1225,937,1249,958,1222,960,1193,957,1007,1115,1038,1088,1066,1074,1085,1079,1103,1077,1138,1097,1178,1129,1136,1144,1100,1144,1080,1143,1060,1140,1033,1134,1022,1112,1065,1098,1083,1100,1102,1102,1163,1125,1102,1121,1083,1119,1064,1116
1205,h,1,1,881,831,1327,1277,40.166666666666664,927,958,923,1013,922,1066,923,1118,931,1168,951,1208,984,1236,1027,1254,1076,1265,1133,1263,1192,1257,1244,1242,1284,1214,1311,1172,1327,1121,1340,1066,1354,1009,954,893,975,860,1013,846,1054,849,1090,866,1150,873,1191,861,1237,866,1277,886,1299,925,1113,916,1107,937,1100,958,1093,980,1053,1032,1072,1037,1093,1042,1117,1041,1141,1039,991,933,1013,919,1040,918,1062,938,1037,939,1012,938,1171,947,1198,932,1226,936,1248,956,1223,957,1196,952,1013,1116,1043,1089,1069,1075,1087,1081,1105,1079,1136,1099,1174,1131,1133,1139,1102,1137,1082,1136,1063,1133,1038,1130,1028,1114,1067,1100,1086,1103,1104,1104,1158,1127,1103,1114,1085,1112,1066,1110
1206,h,1,1,881,831,1327,1277,40.2,926,964,922,1017,921,1070,922,1121,931,1170,950,1208,983,1237,1026,1257,1078,1268,1135,1268,1194,1261,1246,1245,1286,1217,1311,1174,1326,1124,1338,1069,1351,1011,952,890,973,858,1009,846,1050,847,1086,863,1153,871,1194,861,1240,866,1278,888,1299,927,1111,917,1105,939,1100,959,1094,982,1052,1035,1072,1039,1092,1044,1117,1044,1141,1043,985,934,1009,920,1035,920,1058,940,1033,940,1006,940,1170,949,1197,934,1225,939,1248,959,1222,959,1195,955,1014,1118,1043,1092,1070,1077,1089,1083,1108,1082,1139,1102,1177,1134,1137,1143,1104,1141,1084,1140,1064,1136,1039,1132,1029,1116,1068,1104,1087,1106,1106,1109,1161,1130,1106,1116,1087,1113,1067,1111
1207,h,1,1,881,831,1327,1277,40.233333333333334,927,959,922,1012,921,1063,922,1115,929,1165,949,1206,982,1237,1024,1259,1073,1271,1130,1273,1189,1265,1242,1248,1282,1218,1310,1174,1327,1122,1341,1067,1354,1010,953,893,973,859,1010,845,1053,848,1089,864,1153,871,1195,860,1242,864,1282,887,1302,928,1111,917,1106,938,1100,959,1094,982,1051,1033,1071,1039,1091,1044,1117,1043,1142,1041,985,932,1009,918,1036,918,1061,938,1034,940,1006,939,1170,947,1198,932,1227,937,1251,958,1224,959,1195,954,1012,1117,1042,1091,1070,1077,1087,1083,1106,1081,1137,1101,1174,1133,1135,1144,1101,1144,1082,1143,1062,1140,1037,1135,1026,1116,1068,1102,1085,1105,1104,1107,1159,1128,1104,1121,1085,1119,1066,1117
1208,h,1,1,881,831,1327,1277,40.266666666666666,927,959,922,1012,921,1063,922,1115,929,1165,949,1206,982,1237,1024,1259,1073,1271,1130,1273,1189,1265,1242,1248,1282,1218,1310,1174,1327,1122,1341,1067,1354,1010,953,893,973,859,1010,845,1053,848,1089,864,1153,871,1195,860,1242,864,1282,887,1302,928,1111,917,1106,938,1100,959,1094,982,1051,1033,1071,1039,1091,1044,1117,1043,1142,1041,985,932,1009,918,1036,918,1061,938,1034,940,1006,939,1170,947,1198,932,1227,937,1251,958,1224,959,1195,954,1012,1117,1042,1091,1070,1077,1087,1083,1106,1081,1137,1101,1174,1133,1135,1144,1101,1144,1082,1143,1062,1140,1037,1135,1026,1116,1068,1102,1085,1105,1104,1107,1159,1128,1104,1121,1085,1119,1066,1117
1209,h,1,1,881,831,1327,1277,40.3,929,960,925,1014,924,1066,924,1117,931,1166,951,1204,984,1233,1027,1253,1078,1264,1135,1264,1194,1257,1246,1241,1287,1212,1314,1169,1330,1119,1344,1066,1358,1008,948,894,969,857,1008,845,1051,847,1089,864,1155,873,1197,861,1244,864,1284,885,1306,925,1115,917,1110,938,1104,958,1097,981,1053,1033,1074,1039,1095,1044,1120,1043,1145,1042,985,933,1010,919,1037,919,1062,938,1035,939,1008,939,1174,948,1203,934,1231,939,1254,958,1228,958,1200,954,1014,1116,1046,1090,1073,1076,1090,1082,1109,1080,1141,1101,1179,1132,1137,1142,1104,1141,1084,1139,1065,1135,1041,1131,1029,1114,1071,1102,1088,1105,1107,1107,1163,1128,1106,1115,1087,1113,1069,1111
1210,h,1,1,881,831,1327,1277,40.333333333333336,932,959,927,1013,925,1066,925,1118,935,1168,956,1207,989,1237,1030,1257,1079,1268,1134,1268,1190,1262,1242,1247,1284,1220,1313,1177,1330,1125,1344,1070,1359,1011,959,894,980,860,1017,846,1057,848,1092,864,1154,870,1196,860,1242,866,1281,889,1302,928,1119,913,1113,934,1106,955,1100,978,1056,1030,1076,1036,1097,1041,1122,1041,1146,1040,996,931,1019,917,1045,918,1066,935,1043,936,1018,936,1177,944,1205,931,1232,937,1253,956,1228,955,1202,951,1014,1115,1045,1089,1072,1076,1090,1082,1110,1080,1143,1100,1181,1131,1140,1140,1106,1139,1084,1138,1065,1134,1040,1130,1028,1113,1070,1099,1088,1102,1109,1104,1165,1127,1108,1116,1088,1115,1069,1112
1211,h,1,1,881,831,1327,1277,40.36666666666667,932,962,927,1016,925,1069,926,1120,936,1168,958,1208,992,1237,1035,1255,1085,1265,1141,1262,1198,1253,1249,1237,1290,1210,1317,1168,1332,1118,1345,1064,1358,1008,959,895,980,860,1017,845,1058,848,1092,865,1156,873,1197,862,1243,869,1282,892,1302,932,1120,917,1114,938,1108,958,1102,980,1057,1033,1078,1038,1099,1042,1124,1042,1148,1042,996,934,1018,918,1045,919,1067,940,1043,941,1016,940,1177,950,1204,933,1231,938,1254,960,1229,960,1201,956,1016,1117,1047,1090,1075,1076,1093,1082,1112,1080,1144,1100,1182,1131,1141,1141,1109,1139,1088,1139,1070,1135,1044,1131,1030,1114,1074,1102,1091,1105,1110,1106,1166,1127,1110,1115,1091,1113,1073,1111
1212,h,1,1,881,831,1327,1277,40.4,932,962,927,1016,925,1069,926,1120,936,1168,958,1208,992,1237,1035,1255,1085,1265,1141,1262,1198,1253,1249,1237,1290,1210,1317,1168,1332,1118,1345,1064,1358,1008,959,895,980,860,1017,845,1058,848,1092,865,1156,873,1197,862,1243,869,1282,892,1302,932,1120,917,1114,938,1108,958,1102,980,1057,1033,1078,1038,1099,1042,1124,1042,1148,1042,996,934,1018,918,1045,919,1067,940,1043,941,1016,940,1177,950,1204,933,1231,938,1254,960,1229,960,1201,956,1016,1117,1047,1090,1075,1076,1093,1082,1112,1080,1144,1100,1182,1131,1141,1141,1109,1139,1088,1139,1070,1135,1044,1131,1030,1114,1074,1102,1091,1105,1110,1106,1166,1127,1110,1115,1091,1113,1073,1111
1213,h,1,1,881,831,1327,1277,40.43333333333333,930,962,925,1016,925,1070,925,1120,934,1168,955,1207,987,1234,1030,1254,1081,1265,1137,1264,1194,1257,1246,1243,1287,1215,1314,1172,1329,1121,1342,1066,1356,1008,951,897,971,860,1010,846,1053,847,1090,864,1157,872,1198,862,1244,867,1284,888,1305,928,1118,916,1112,937,1107,957,1101,979,1057,1031,1077,1037,1098,1042,1123,1041,1147,1040,989,936,1013,921,1040,921,1063,941,1038,942,1011,941,1176,950,1203,935,1230,941,1253,961,1228,960,1200,956,1016,1116,1048,1089,1075,1076,1092,1082,1111,1080,1142,1100,1180,1130,1140,1140,1107,1139,1087,1138,1069,1134,1044,1131,1031,1114,1073,1101,1090,1104,1109,1105,1164,1126,1109,1115,1090,1113,1072,1111
1214,h,1,1,881,831,1327,1277,40.46666666666667,929,961,924,1014,924,1066,924,1117,933,1166,954,1206,987,1235,1031,1254,1082,1265,1138,1264,1195,1257,1247,1243,1287,1215,1314,1173,1330,1122,1343,1067,1356,1010,947,890,971,857,1010,844,1053,847,1091,864,1159,872,1201,859,1247,864,1287,885,1307,926,1116,915,1111,937,1105,958,1099,981,1057,1034,1077,1039,1097,1043,1120,1043,1143,1042,982,930,1008,917,1037,917,1061,937,1034,938,1005,937,1174,948,1204,933,1233,937,1257,957,1230,957,1201,953,1012,1115,1044,1090,1072,1076,1090,1083,1110,1081,1142,1101,1181,1132,1140,1143,1106,1143,1085,1142,1065,1139,1039,1133,1027,1114,1070,1101,1089,1103,1108,1105,1165,1128,1109,1120,1088,1118,1069,1116
1215,h,1,1,881,831,1327,1277,40.5,929,970,925,1022,924,1075,925,1127,936,1174,958,1213,993,1240,1035,1259,1084,1269,1139,1268,1194,1261,1245,1246,1286,1217,1313,1175,1330,1125,1343,1070,1356,1013,956,896,976,861,1013,846,1055,847,1090,864,1156,871,1198,859,1245,864,1285,886,1305,927,1118,917,1112,938,1107,958,1101,980,1056,1032,1077,1038,1098,1043,1122,1043,1146,1042,993,937,1015,920,1042,920,1064,940,1040,941,1014,941,1175,949,1204,932,1232,937,1254,959,1228,958,1200,954,1017,1118,1047,1090,1076,1076,1092,1081,1111,1080,1143,1100,1181,1132,1141,1146,1108,1145,1088,1144,1069,1141,1043,1136,1031,1115,1074,1101,1091,1104,1109,1106,1166,1128,1109,1121,1091,1119,1073,1117
1216,h,1,1,881,831,1327,1277,40.53333333333333,929,970,925,1022,924,1075,925,1127,936,1174,958,1213,993,1240,1035,1259,1084,1269,1139,1268,1194,1261,1245,1246,1286,1217,1313,1175,1330,1125,1343,1070,1356,1013,956,896,976,861,1013,846,1055,847,1090,864,1156,871,1198,859,1245,864,1285,886,1305,927,1118,917,1112,938,1107,958,1101,980,1056,1032,1077,1038,1098,1043,1122,1043,1146,1042,993,937,1015,920,1042,920,1064,940,1040,941,1014,941,1175,949,1204,932,1232,937,1254,959,1228,958,1200,954,1017,1118,1047,1090,1076,1076,1092,1081,1111,1080,1143,1100,1181,1132,1141,1146,1108,1145,1088,1144,1069,1141,1043,1136,1031,1115,1074,1101,1091,1104,1109,1106,1166,1128,1109,1121,1091,1119,1073,1117
1217,h,1,1,881,831,1327,1277,40.56666666666667,932,961,927,1016,925,1071,926,1124,937,1172,958,1211,990,1240,1030,1259,1080,1271,1136,1270,1193,1263,1245,1248,1286,1220,1313,1178,1329,1126,1341,1071,1354,1013,960,889,982,858,1019,846,1059,850,1093,867,1157,872,1196,861,1241,865,1279,887,1298,926,1117,916,1113,937,1107,959,1102,982,1058,1033,1078,1039,1098,1044,1123,1043,1147,1042,994,933,1017,918,1043,919,1065,937,1041,939,1016,938,1176,948,1203,933,1230,937,1253,958,1228,958,1200,954,1018,1119,1048,1091,1076,1077,1093,1083,1112,1082,1143,1101,1180,1133,1140,1143,1107,1142,1088,1141,1069,1137,1044,1134,1031,1116,1074,1104,1092,1107,1110,1109,1165,1128,1109,1117,1091,1115,1072,1113
1218,h,1,1,881,831,1327,1277,40.6,932,960,927,1012,924,1065,925,1117,933,1167,953,1207,987,1238,1031,1258,1082,1268,1140,1267,1197,1259,1250,1243,1290,1214,1316,1171,1332,1120,1344,1066,1356,1009,963,898,980,862,1017,847,1057,850,1093,866,1154,871,1197,861,1243,866,1282,888,1301,928,1115,917,1110,938,1103,958,1097,981,1056,1034,1075,1040,1096,1044,1121,1044,1145,1042,997,937,1019,921,1045,920,1067,939,1043,940,1018,940,1176,948,1202,933,1229,937,1251,958,1226,958,1199,953,1019,1119,1048,1092,1075,1078,1092,1084,1110,1082,1141,1102,1179,1134,1139,1141,1106,1139,1087,1137,1068,1134,1044,1131,1032,1116,1073,1107,1091,1110,1109,1111,1164,1130,1108,1113,1090,1111,1072,1109
1219,h,1,1,881,831,1327,1277,40.63333333333333,932,960,927,1012,924,1065,925,1117,933,1167,953,1207,987,1238,1031,1258,1082,1268,1140,1267,1197,1259,1250,1243,1290,1214,1316,1171,1332,1120,1344,1066,1356,1009,963,898,980,862,1017,847,1057,850,1093,866,1154,871,1197,861,1243,866,1282,888,1301,928,1115,917,1110,938,1103,958,1097,981,1056,1034,1075,1040,1096,1044,1121,1044,1145,1042,997,937,1019,921,1045,920,1067,939,1043,940,1018,940,1176,948,1202,933,1229,937,1251,958,1226,958,1199,953,1019,1119,1048,1092,1075,1078,1092,1084,1110,1082,1141,1102,1179,1134,1139,1141,1106,1139,1087,1137,1068,1134,1044,1131,1032,1116,1073,1107,1091,1110,1109,1111,1164,1130,1108,1113,1090,1111,1072,1109
1220,h,1,1,881,831,1327,1277,40.666666666666664,934,959,928,1012,926,1066,925,1119,934,1168,955,1208,989,1237,1032,1258,1083,1269,1140,1267,1197,1260,1250,1244,1291,1215,1318,1171,1333,1120,1346,1064,1360,1005,959,890,979,857,1017,844,1057,847,1092,862,1158,868,1200,859,1245,864,1284,885,1304,924,1117,915,1112,937,1106,959,1100,982,1058,1033,1078,1039,1098,1044,1122,1043,1146,1042,995,932,1018,918,1044,918,1067,935,1043,936,1017,936,1177,944,1205,931,1231,936,1253,955,1228,954,1202,950,1018,1119,1049,1091,1076,1077,1093,1084,1112,1082,1143,1102,1180,1134,1140,1143,1108,1141,1088,1140,1069,1136,1044,1132,1032,1116,1074,1104,1092,1107,1110,1109,1165,1129,1109,1115,1091,1112,1072,1110
1221,h,1,1,881,831,1327,1277,40.7,931,963,927,1018,926,1072,927,1125,936,1173,957,1211,992,1240,1036,1258,1088,1267,1145,1265,1202,1258,1253,1243,1291,1215,1316,1173,1331,1124,1344,1071,1357,1014,953,893,973,857,1011,843,1054,846,1091,864,1159,871,1202,859,1249,863,1290,885,1310,928,1118,916,1113,937,1108,957,1102,980,1058,1032,1078,1037,1100,1042,1124,1042,1148,1041,989,933,1013,917,1041,918,1064,938,1039,939,1011,938,1178,948,1207,932,1235,937,1258,958,1232,958,1204,953,1018,1118,1049,1089,1077,1076,1094,1082,1113,1080,1145,1100,1184,1134,1143,1143,1109,1141,1089,1140,1070,1137,1044,1133,1033,1115,1075,1102,1093,1105,1111,1106,1168,1129,1111,1118,1092,1116,1074,1114
1222,h,1,1,881,831,1327,1277,40.733333333333334,930,961,927,1015,926,1069,926,1121,935,1170,956,1209,990,1238,1034,1259,1087,1269,1144,1268,1202,1261,1254,1245,1293,1215,1319,1172,1334,1122,1347,1068,1360,1011,955,891,976,856,1014,844,1056,846,1091,863,1160,870,1203,859,1250,864,1289,886,1308,927,1119,915,1114,935,1109,956,1103,979,1060,1030,1080,1037,1101,1042,1126,1042,1150,1040,992,931,1016,917,1042,917,1066,934,1041,935,1015,935,1180,944,1208,931,1235,936,1258,955,1231,954,1205,950,1019,1117,1050,1090,1078,1076,1096,1082,1116,1080,1147,1101,1186,1133,1144,1140,1111,1139,1090,1137,1070,1134,1045,1131,1033,1115,1076,1102,1094,1105,1114,1107,1170,1128,1113,1114,1093,1111,1075,1109
1223,h,1,1,881,831,1327,1277,40.766666666666666,930,961,927,1015,926,1069,926,1121,935,1170,956,1209,990,1238,1034,1259,1087,1269,1144,1268,1202,1261,1254,1245,1293,1215,1319,1172,1334,1122,1347,1068,1360,1011,955,891,976,856,1014,844,1056,846,1091,863,1160,870,1203,859,1250,864,1289,886,1308,927,1119,915,1114,935,1109,956,1103,979,1060,1030,1080,1037,1101,1042,1126,1042,1150,1040,992,931,1016,917,1042,917,1066,934,1041,935,1015,935,1180,944,1208,931,1235,936,1258,955,1231,954,1205,950,1019,1117,1050,1090,1078,1076,1096,1082,1116,1080,1147,1101,1186,1133,1144,1140,1111,1139,1090,1137,1070,1134,1045,1131,1033,1115,1076,1102,1094,1105,1114,1107,1170,1128,1113,1114,1093,1111,1075,1109
1224,h,1,1,881,831,1327,1277,40.8,932,969,927,1022,925,1075,926,1128,938,1175,962,1214,997,1242,1040,1260,1093,1269,1150,1266,1207,1257,1258,1242,1296,1213,1321,1170,1335,1120,1348,1066,1360,1010,963,896,983,860,1020,845,1060,846,1095,863,1157,870,1199,859,1245,865,1284,887,1304,926,1121,912,1115,934,1109,957,1103,981,1059,1032,1079,1038,1100,1043,1126,1042,1150,1041,1001,933,1021,920,1045,919,1067,933,1045,935,1021,935,1181,942,1207,931,1232,938,1254,956,1228,953,1203,949,1020,1120,1050,1091,1076,1077,1093,1084,1113,1082,1144,1102,1183,1134,1142,1141,1110,1138,1090,1137,1070,1134,1046,1130,1034,1116,1074,1104,1092,1107,1112,1109,1167,1129,1112,1112,1092,1110,1074,1107
1225,h,1,1,881,831,1327,1277,40.833333333333336,928,956,924,1012,925,1067,925,1120,934,1170,956,1208,991,1237,1034,1256,1088,1266,1146,1264,1202,1255,1253,1239,1291,1209,1316,1165,1331,1114,1344,1059,1356,1001,945,890,969,855,1011,843,1056,845,1095,863,1156,870,1199,859,1244,864,1284,884,1304,923,1119,915,1114,936,1109,956,1103,979,1059,1033,1080,1038,1102,1043,1127,1042,1150,1041,987,929,1012,918,1038,918,1063,934,1037,936,1010,936,1179,943,1206,932,1233,937,1256,954,1230,954,1203,950,1017,1120,1049,1092,1079,1078,1096,1084,1117,1083,1148,1102,1186,1134,1145,1142,1112,1140,1091,1138,1072,1135,1045,1132,1032,1116,1077,1104,1095,1107,1115,1109,1170,1130,1114,1115,1094,1113,1075,1111
1226,h,1,1,881,831,1327,1277,40.86666666666667,930,964,926,1017,925,1070,926,1122,935,1171,957,1209,992,1237,1035,1256,1087,1266,1143,1264,1200,1257,1251,1242,1291,1213,1318,1170,1333,1121,1347,1066,1361,1009,958,894,978,859,1015,844,1058,846,1094,862,1159,870,1202,860,1249,865,1289,888,1309,928,1120,913,1114,936,1108,957,1102,981,1058,1031,1079,1038,1100,1043,1126,1042,1150,1041,996,932,1019,918,1044,918,1067,933,1044,935,1018,935,1182,942,1210,931,1236,937,1258,956,1232,955,1206,950,1019,1119,1050,1091,1077,1077,1095,1084,1115,1082,1146,1102,1182,1133,1143,1139,1110,1137,1089,1136,1069,1132,1045,1129,1033,1116,1075,1104,1093,1107,1114,1109,1167,1128,1112,1111,1092,1110,1073,1107
1227,h,1,1,881,831,1327,1277,40.9,930,964,926,1017,925,1070,926,1122,935,1171,957,1209,992,1237,1035,1256,1087,1266,1143,1264,1200,1257,1251,1242,1291,1213,1318,1170,1333,1121,1347,1066,1361,1009,958,894,978,859,1015,844,1058,846,1094,862,1159,870,1202,860,1249,865,1289,888,1309,928,1120,913,1114,936,1108,957,1102,981,1058,1031,1079,1038,1100,1043,1126,1042,1150,1041,996,932,1019,918,1044,918,1067,933,1044,935,1018,935,1182,942,1210,931,1236,937,1258,956,1232,955,1206,950,1019,1119,1050,1091,1077,1077,1095,1084,1115,1082,1146,1102,1182,1133,1143,1139,1110,1137,1089,1136,1069,1132,1045,1129,1033,1116,1075,1104,1093,1107,1114,1109,1167,1128,1112,1111,1092,1110,1073,1107
1228,h,1,1,881,831,1327,1277,40.93333333333333,919,971,916,1024,917,1078,921,1130,933,1178,956,1217,991,1246,1035,1265,1085,1274,1141,1273,1199,1264,1250,1247,1290,1217,1318,1174,1334,1122,1346,1067,1358,1011,936,891,960,857,1002,844,1047,846,1087,863,1154,869,1196,858,1243,864,1284,884,1306,924,1115,916,1109,937,1104,958,1099,980,1055,1035,1076,1040,1097,1044,1122,1044,1146,1042,972,931,1000,917,1031,918,1057,939,1028,940,997,939,1173,948,1204,932,1234,936,1258,957,1231,957,1201,953,1009,1119,1043,1090,1073,1075,1092,1081,1114,1078,1147,1100,1188,1134,1146,1146,1111,1147,1088,1147,1067,1144,1038,1137,1024,1117,1071,1101,1091,1104,1112,1105,1172,1130,1113,1122,1091,1120,1070,1118
1229,h,1,1,881,831,1327,1277,40.96666666666667,925,954,922,1007,923,1060,923,1112,931,1161,951,1201,984,1231,1028,1250,1080,1262,1136,1262,1194,1256,1247,1240,1287,1212,1314,1168,1329,1116,1344,1062,1358,1004,945,893,967,857,1008,844,1053,848,1093,866,1155,876,1198,863,1246,867,1287,889,1309,930,1117,917,1112,937,1106,957,1100,980,1056,1032,1076,1038,1097,1042,1123,1042,1147,1041,979,929,1006,915,1036,916,1062,938,1034,939,1004,938,1174,949,1204,932,1234,937,1259,958,1231,959,1202,955,1015,1114,1048,1088,1076,1074,1093,1080,1113,1079,1145,1100,1185,1132,1142,1142,1108,1141,1087,1139,1067,1135,1042,1130,1030,1112,1073,1097,1091,1101,1111,1103,1169,1127,1110,1119,1091,1117,1072,1114
1230,h,1,1,881,831,1327,1277,41.0,930,967,926,1020,924,1073,925,1124,934,1173,956,1211,990,1240,1032,1260,1083,1269,1138,1269,1194,1261,1245,1245,1285,1217,1311,1174,1327,1124,1340,1071,1354,1014,957,896,977,861,1014,847,1055,848,1092,865,1161,873,1202,861,1247,866,1285,889,1305,929,1119,916,1113,937,1108,957,1101,980,1057,1033,1078,1038,1099,1043,1123,1043,1147,1042,996,935,1017,919,1044,919,1066,939,1042,939,1016,939,1176,948,1203,933,1230,937,1253,959,1228,958,1201,954,1016,1116,1048,1089,1076,1076,1093,1083,1112,1081,1144,1102,1183,1132,1141,1142,1107,1140,1087,1138,1068,1135,1042,1130,1031,1115,1073,1104,1092,1106,1110,1109,1167,1129,1109,1116,1090,1114,1072,1112
1231,h,1,1,881,831,1327,1277,41.03333333333333,930,967,926,1020,924,1073,925,1124,934,1173,956,1211,990,1240,1032,1260,1083,1269,1138,1269,1194,1261,1245,1245,1285,1217,1311,1174,1327,1124,1340,1071,1354,1014,957,896,977,861,1014,847,1055,848,1092,865,1161,873,1202,861,1247,866,1285,889,1305,929,1119,916,1113,937,1108,957,1101,980,1057,1033,1078,1038,1099,1043,1123,1043,1147,1042,996,935,1017,919,1044,919,1066,939,1042,939,1016,939,1176,948,1203,933,1230,937,1253,959,1228,958,1201,954,1016,1116,1048,1089,1076,1076,1093,1083,1112,1081,1144,1102,1183,1132,1141,1142,1107,1140,1087,1138,1068,1135,1042,1130,1031,1115,1073,1104,1092,1106,1110,1109,1167,1129,1109,1116,1090,1114,1072,1112
1232,h,1,1,881,831,1327,1277,41.06666666666667,932,964,927,1018,925,1070,925,1122,934,1171,955,1211,988,1242,1030,1263,1081,1274,1138,1273,1195,1265,1246,1248,1287,1219,1315,1177,1330,1127,1343,1073,1355,1017,960,897,976,859,1013,843,1054,845,1090,862,1158,869,1200,860,1245,865,1283,890,1300,933,1117,915,1111,937,1105,959,1098,982,1056,1033,1076,1039,1097,1044,1121,1044,1145,1043,997,935,1019,919,1045,919,1068,939,1044,940,1017,940,1173,949,1200,934,1228,939,1249,961,1225,961,1197,956,1014,1117,1044,1089,1072,1076,1092,1082,1113,1081,1146,1100,1183,1133,1143,1144,1108,1144,1087,1143,1065,1139,1039,1134,1028,1114,1071,1100,1090,1104,1111,1106,1167,1128,1110,1121,1089,1120,1069,1117
1233,h,1,1,881,831,1327,1277,41.1,924,961,920,1014,919,1067,920,1119,928,1168,949,1207,984,1236,1027,1254,1078,1266,1137,1266,1196,1259,1249,1242,1288,1212,1312,1168,1327,1116,1340,1062,1353,1004,945,892,966,856,1006,841,1051,843,1088,862,1148,872,1192,859,1240,863,1282,887,1303,930,1110,915,1105,936,1100,957,1095,980,1053,1032,1073,1037,1094,1042,1119,1040,1143,1039,980,930,1006,917,1035,917,1060,936,1033,938,1004,937,1169,948,1199,933,1228,938,1251,958,1225,959,1196,954,1011,1117,1043,1090,1072,1076,1090,1082,1111,1080,1142,1101,1180,1133,1138,1141,1104,1139,1083,1138,1062,1135,1037,1131,1026,1115,1069,1100,1088,1103,1108,1105,1164,1128,1107,1117,1087,1115,1067,1113
1234,h,1,1,881,831,1327,1277,41.13333333333333,924,961,920,1014,919,1067,920,1119,928,1168,949,1207,984,1236,1027,1254,1078,1266,1137,1266,1196,1259,1249,1242,1288,1212,1312,1168,1327,1116,1340,1062,1353,1004,945,892,966,856,1006,841,1051,843,1088,862,1148,872,1192,859,1240,863,1282,887,1303,930,1110,915,1105,936,1100,957,1095,980,1053,1032,1073,1037,1094,1042,1119,1040,1143,1039,980,930,1006,917,1035,917,1060,936,1033,938,1004,937,1169,948,1199,933,1228,938,1251,958,1225,959,1196,954,1011,1117,1043,1090,1072,1076,1090,1082,1111,1080,1142,1101,1180,1133,1138,1141,1104,1139,1083,1138,1062,1135,1037,1131,1026,1115,1069,1100,1088,1103,1108,1105,1164,1128,1107,1117,1087,1115,1067,1113
1235,h,1,1,881,831,1327,1277,41.166666666666664,929,961,925,1015,923,1068,923,1118,931,1166,950,1204,982,1233,1023,1252,1074,1262,1129,1261,1187,1254,1243,1238,1286,1210,1313,1167,1327,1117,1340,1062,1353,1006,954,897,972,860,1010,845,1051,847,1087,863,1158,871,1200,861,1245,865,1284,887,1302,928,1116,916,1109,937,1103,957,1095,980,1054,1031,1074,1036,1094,1040,1118,1040,1142,1039,991,933,1014,920,1041,919,1064,938,1039,940,1013,940,1174,947,1202,933,1228,938,1250,957,1226,958,1199,954,1015,1116,1045,1089,1072,1076,1090,1082,1111,1080,1140,1100,1176,1132,1137,1137,1105,1134,1084,1134,1064,1131,1040,1128,1029,1113,1069,1102,1088,1106,1109,1107,1161,1126,1108,1109,1087,1108,1068,1105
1236,h,1,1,881,831,1327,1277,41.2,926,968,922,1021,921,1073,922,1123,930,1172,950,1210,981,1239,1024,1259,1075,1270,1132,1268,1190,1261,1242,1246,1283,1218,1310,1176,1327,1126,1340,1071,1352,1014,949,901,967,863,1006,847,1049,849,1086,867,1152,875,1193,863,1238,867,1279,889,1299,931,1110,915,1105,937,1100,958,1094,982,1051,1034,1071,1040,1092,1044,1117,1043,1140,1041,987,935,1010,919,1036,919,1059,939,1034,941,1007,940,1171,949,1198,933,1225,937,1248,959,1222,960,1195,955,1012,1119,1042,1092,1070,1079,1089,1085,1109,1084,1140,1103,1177,1135,1137,1141,1104,1139,1083,1138,1062,1135,1037,1132,1026,1116,1067,1104,1087,1107,1107,1108,1162,1130,1107,1116,1086,1114,1066,1112
1237,h,1,1,881,831,1327,1277,41.233333333333334,925,958,920,1012,920,1065,920,1117,928,1167,949,1207,982,1237,1026,1258,1078,1269,1135,1267,1193,1261,1247,1246,1288,1217,1315,1173,1330,1122,1343,1067,1357,1009,949,890,970,856,1009,844,1051,846,1088,863,1155,871,1197,860,1243,864,1284,885,1304,926,1113,914,1107,937,1101,959,1094,983,1052,1034,1072,1040,1093,1045,1118,1044,1142,1043,983,930,1008,917,1036,918,1060,935,1033,937,1006,936,1175,945,1203,932,1230,937,1253,956,1227,957,1200,953,1013,1117,1045,1092,1071,1079,1089,1085,1109,1084,1139,1103,1177,1134,1136,1142,1103,1140,1083,1138,1063,1135,1039,1131,1028,1115,1069,1104,1088,1107,1107,1109,1162,1129,1106,1115,1086,1113,1067,1110
1238,h,1,1,881,831,1327,1277,41.266666666666666,925,958,920,1012,920,1065,920,1117,928,1167,949,1207,982,1237,1026,1258,1078,1269,1135,1267,1193,1261,1247,1246,1288,1217,1315,1173,1330,1122,1343,1067,1357,1009,949,890,970,856,1009,844,1051,846,1088,863,1155,871,1197,860,1243,864,1284,885,1304,926,1113,914,1107,937,1101,959,1094,983,1052,1034,1072,1040,1093,1045,1118,1044,1142,1043,983,930,1008,917,1036,918,1060,935,1033,937,1006,936,1175,945,1203,932,1230,937,1253,956,1227,957,1200,953,1013,1117,1045,1092,1071,1079,1089,1085,1109,1084,1139,1103,1177,1134,1136,1142,1103,1140,1083,1138,1063,1135,1039,1131,1028,1115,1069,1104,1088,1107,1107,1109,1162,1129,1106,1115,1086,1113,1067,1110
1239,h,1,1,881,831,1327,1277,41.3,929,961,923,1014,921,1066,921,1118,930,1168,951,1209,984,1239,1027,1260,1079,1270,1134,1270,1190,1262,1242,1246,1283,1217,1311,1173,1326,1122,1339,1067,1351,1010,965,897,983,863,1019,849,1058,852,1092,870,1148,876,1188,866,1233,871,1272,893,1293,932,1113,919,1108,940,1102,960,1095,982,1052,1033,1072,1039,1092,1045,1117,1044,1141,1043,996,938,1017,921,1043,921,1064,940,1041,943,1016,943,1170,950,1196,935,1223,941,1244,962,1219,963,1192,959,1014,1117,1043,1089,1070,1077,1089,1084,1109,1083,1140,1102,1178,1135,1137,1143,1104,1140,1083,1138,1063,1134,1039,1130,1028,1115,1068,1103,1087,1106,1107,1108,1162,1130,1106,1115,1086,1113,1067,1110
1240,h,1,1,881,831,1327,1277,41.333333333333336,926,958,923,1012,921,1065,921,1118,929,1167,951,1206,983,1234,1024,1255,1074,1267,1128,1266,1185,1260,1238,1246,1281,1218,1310,1177,1327,1126,1341,1071,1355,1013,949,893,972,858,1011,845,1054,848,1092,865,1151,873,1194,863,1242,868,1282,891,1303,932,1112,916,1106,937,1100,958,1094,981,1051,1031,1071,1037,1092,1042,1117,1041,1141,1040,985,932,1010,918,1038,919,1061,937,1035,939,1008,938,1172,948,1200,934,1228,939,1250,959,1224,959,1196,954,1010,1116,1040,1090,1068,1077,1088,1083,1108,1081,1140,1101,1177,1133,1136,1142,1102,1141,1081,1140,1061,1136,1036,1132,1024,1113,1066,1099,1086,1103,1106,1104,1161,1128,1105,1120,1085,1119,1064,1116
1241,h,1,1,881,831,1327,1277,41.36666666666667,927,964,922,1018,919,1071,920,1122,930,1171,952,1210,985,1237,1028,1255,1078,1265,1133,1263,1189,1257,1240,1243,1281,1215,1308,1173,1325,1123,1339,1068,1351,1011,955,891,975,856,1012,842,1052,846,1087,863,1151,873,1192,863,1236,867,1274,888,1294,926,1113,914,1107,935,1102,956,1096,980,1052,1030,1072,1037,1093,1042,1118,1041,1142,1039,991,932,1013,917,1039,918,1062,936,1037,937,1011,937,1172,947,1199,932,1225,938,1247,958,1222,958,1195,953,1011,1116,1043,1089,1071,1077,1088,1083,1107,1081,1138,1101,1175,1132,1134,1138,1101,1135,1082,1133,1063,1130,1038,1127,1025,1112,1069,1101,1087,1104,1105,1105,1160,1127,1104,1111,1085,1109,1067,1106
1242,h,1,1,881,831,1327,1277,41.4,927,964,922,1018,919,1071,920,1122,930,1171,952,1210,985,1237,1028,1255,1078,1265,1133,1263,1189,1257,1240,1243,1281,1215,1308,1173,1325,1123,1339,1068,1351,1011,955,891,975,856,1012,842,1052,846,1087,863,1151,873,1192,863,1236,867,1274,888,1294,926,1113,914,1107,935,1102,956,1096,980,1052,1030,1072,1037,1093,1042,1118,1041,1142,1039,991,932,1013,917,1039,918,1062,936,1037,937,1011,937,1172,947,1199,932,1225,938,1247,958,1222,958,1195,953,1011,1116,1043,1089,1071,1077,1088,1083,1107,1081,1138,1101,1175,1132,1134,1138,1101,1135,1082,1133,1063,1130,1038,1127,1025,1112,1069,1101,1087,1104,1105,1105,1160,1127,1104,1111,1085,1109,1067,1106
1243,h,1,1,881,831,1327,1277,41.43333333333333,916,962,914,1018,915,1072,918,1125,927,1174,949,1212,984,1241,1027,1260,1078,1272,1134,1270,1191,1262,1242,1245,1283,1215,1309,1170,1325,1119,1340,1063,1354,1003,935,891,960,857,1001,845,1045,847,1084,863,1152,873,1193,862,1240,866,1281,885,1302,924,1111,915,1107,937,1102,958,1097,982,1052,1034,1073,1039,1094,1043,1119,1043,1142,1041,975,931,1002,917,1031,917,1057,938,1029,940,999,939,1169,947,1199,931,1228,935,1252,954,1226,956,1196,953,1007,1119,1040,1090,1069,1076,1088,1082,1109,1081,1140,1101,1178,1133,1138,1145,1104,1144,1083,1143,1062,1140,1035,1137,1023,1117,1067,1100,1087,1103,1107,1105,1162,1129,1107,1121,1086,1120,1066,1117
1244,h,1,1,881,831,1327,1277,41.46666666666667,921,960,918,1013,918,1066,919,1118,927,1168,949,1205,985,1234,1028,1253,1080,1264,1136,1262,1194,1255,1246,1239,1285,1211,1311,1168,1327,1117,1340,1062,1351,1003,939,891,960,857,999,843,1041,846,1079,863,1150,873,1192,861,1238,865,1277,885,1299,923,1107,918,1102,939,1097,959,1092,982,1051,1036,1071,1040,1092,1044,1116,1044,1140,1043,975,931,1001,918,1029,919,1055,939,1027,940,999,939,1168,948,1197,932,1225,937,1249,956,1223,957,1195,953,1009,1117,1040,1092,1069,1078,1088,1084,1107,1082,1138,1103,1177,1134,1135,1142,1101,1139,1081,1138,1060,1135,1035,1131,1024,1115,1067,1104,1086,1107,1105,1109,1160,1129,1104,1114,1084,1111,1065,1109
1245,h,1,1,881,831,1327,1277,41.5,921,963,917,1018,917,1072,919,1123,928,1172,949,1210,983,1240,1027,1259,1079,1270,1136,1268,1194,1262,1245,1247,1285,1218,1312,1174,1328,1123,1341,1067,1354,1009,939,887,961,853,1000,841,1043,845,1080,863,1152,872,1194,860,1240,863,1280,882,1303,922,1109,918,1104,939,1100,960,1094,983,1050,1034,1071,1040,1092,1045,1117,1044,1142,1043,979,932,1004,917,1033,918,1057,939,1029,941,1001,940,1170,949,1199,934,1228,938,1251,958,1225,960,1196,956,1012,1119,1043,1092,1069,1078,1088,1084,1107,1083,1139,1103,1177,1136,1136,1143,1103,1140,1082,1139,1062,1135,1038,1132,1027,1117,1067,1105,1087,1108,1106,1110,1161,1130,1105,1115,1085,1112,1066,1109
1246,h,1,1,881,831,1327,1277,41.53333333333333,921,963,917,1018,917,1072,919,1123,928,1172,949,1210,983,1240,1027,1259,1079,1270,1136,1268,1194,1262,1245,1247,1285,1218,1312,1174,1328,1123,1341,1067,1354,1009,939,887,961,853,1000,841,1043,845,1080,863,1152,872,1194,860,1240,863,1280,882,1303,922,1109,918,1104,939,1100,960,1094,983,1050,1034,1071,1040,1092,1045,1117,1044,1142,1043,979,932,1004,917,1033,918,1057,939,1029,941,1001,940,1170,949,1199,934,1228,938,1251,958,1225,960,1196,956,1012,1119,1043,1092,1069,1078,1088,1084,1107,1083,1139,1103,1177,1136,1136,1143,1103,1140,1082,1139,1062,1135,1038,1132,1027,1117,1067,1105,1087,1108,1106,1110,1161,1130,1105,1115,1085,1112,1066,1109
1247,h,1,1,881,831,1327,1277,41.56666666666667,925,957,921,1012,920,1067,921,1121,931,1171,952,1210,985,1240,1028,1259,1079,1270,1136,1268,1193,1261,1245,1245,1286,1216,1314,1173,1331,1122,1344,1066,1357,1008,953,887,974,856,1012,845,1052,849,1087,865,1154,871,1195,861,1240,864,1280,882,1302,920,1113,913,1107,935,1101,957,1094,980,1051,1032,1072,1038,1093,1042,1118,1042,1142,1040,991,932,1013,918,1039,918,1061,934,1037,935,1012,936,1175,943,1202,930,1229,935,1252,954,1225,953,1199,949,1011,1118,1041,1091,1069,1077,1087,1082,1107,1081,1138,1101,1177,1133,1135,1142,1103,1141,1082,1140,1062,1137,1036,1132,1025,1116,1067,1103,1086,1105,1105,1107,1161,1129,1105,1118,1085,1116,1066,1114
1248,h,1,1,881,831,1327,1277,41.6,928,954,922,1008,921,1062,922,1115,931,1166,951,1207,983,1237,1027,1257,1077,1267,1133,1265,1191,1258,1244,1242,1285,1213,1312,1170,1328,1118,1340,1062,1354,1004,952,889,975,858,1014,847,1055,852,1091,868,1150,876,1191,865,1235,869,1274,887,1297,924,1114,918,1108,938,1102,958,1095,980,1053,1033,1073,1038,1094,1043,1119,1042,1143,1041,989,932,1013,918,1040,919,1064,938,1038,940,1010,939,1171,948,1198,932,1226,937,1250,956,1224,958,1196,955,1012,1117,1043,1090,1071,1077,1089,1082,1109,1081,1140,1101,1178,1133,1137,1141,1104,1140,1084,1139,1064,1135,1038,1131,1027,1114,1069,1101,1088,1104,1108,1105,1163,1129,1106,1116,1087,1115,1068,1112
1249,h,1,1,881,831,1327,1277,41.63333333333333,928,954,922,1008,921,1062,922,1115,931,1166,951,1207,983,1237,1027,1257,1077,1267,1133,1265,1191,1258,1244,1242,1285,1213,1312,1170,1328,1118,1340,1062,1354,1004,952,889,975,858,1014,847,1055,852,1091,868,1150,876,1191,865,1235,869,1274,887,1297,924,1114,918,1108,938,1102,958,1095,980,1053,1033,1073,1038,1094,1043,1119,1042,1143,1041,989,932,1013,918,1040,919,1064,938,1038,940,1010,939,1171,948,1198,932,1226,937,1250,956,1224,958,1196,955,1012,1117,1043,1090,1071,1077,1089,1082,1109,1081,1140,1101,1178,1133,1137,1141,1104,1140,1084,1139,1064,1135,1038,1131,1027,1114,1069,1101,1088,1104,1108,1105,1163,1129,1106,1116,1087,1115,1068,1112
1250,h,1,1,881,831,1327,1277,41.666666666666664,926,966,922,1019,922,1072,923,1122,931,1169,949,1207,983,1235,1027,1253,1079,1265,1136,1265,1194,1259,1246,1245,1286,1217,1313,1174,1329,1123,1342,1069,1354,1013,946,892,967,855,1007,841,1050,843,1088,861,1154,869,1196,858,1243,863,1283,884,1303,925,1114,917,1110,938,1105,958,1100,981,1054,1033,1075,1039,1097,1044,1122,1044,1146,1042,983,932,1008,918,1036,919,1061,938,1034,940,1006,939,1173,949,1202,934,1230,940,1253,961,1227,961,1198,956,1013,1119,1045,1092,1073,1077,1091,1083,1110,1082,1140,1103,1178,1135,1137,1142,1105,1139,1085,1137,1065,1133,1040,1130,1027,1116,1071,1104,1089,1107,1108,1109,1162,1130,1107,1114,1088,1111,1069,1108
1251,h,1,1,881,831,1327,1277,41.7,928,956,923,1011,922,1064,923,1117,930,1166,949,1205,983,1234,1026,1252,1077,1264,1135,1263,1195,1258,1247,1243,1287,1216,1314,1173,1329,1122,1343,1067,1357,1009,942,887,965,852,1006,839,1050,843,1088,863,1160,871,1202,860,1248,865,1287,886,1307,926,1116,917,1110,939,1105,960,1099,983,1054,1032,1075,1038,1096,1044,1121,1043,1145,1043,982,928,1008,915,1036,917,1061,937,1034,939,1005,937,1175,950,1204,934,1232,939,1256,959,1230,961,1202,957,1015,1116,1046,1091,1073,1078,1090,1086,1110,1084,1139,1104,1176,1136,1134,1142,1103,1139,1083,1137,1063,1134,1040,1131,1029,1114,1070,1103,1088,1107,1108,1109,1160,1130,1106,1115,1086,1112,1068,1109
1252,h,1,1,881,831,1327,1277,41.733333333333334,921,961,920,1017,921,1070,923,1122,932,1169,954,1205,990,1232,1034,1251,1085,1262,1141,1262,1197,1256,1249,1242,1288,1214,1313,1170,1328,1118,1341,1062,1353,1004,937,891,960,855,1003,842,1048,845,1088,864,1154,873,1197,862,1244,866,1285,887,1306,929,1114,916,1109,937,1105,958,1099,981,1053,1033,1074,1039,1096,1044,1121,1043,1145,1043,975,928,1003,915,1033,917,1058,938,1030,940,999,938,1174,950,1204,934,1234,939,1258,959,1232,963,1201,958,1015,1117,1047,1091,1074,1078,1092,1085,1111,1083,1141,1104,1180,1136,1139,1143,1107,1139,1087,1137,1067,1134,1042,1130,1030,1114,1072,1102,1091,1106,1109,1108,1163,1131,1109,1115,1089,1113,1070,1109
1253,h,1,1,881,831,1327,1277,41.766666666666666,921,961,920,1017,921,1070,923,1122,932,1169,954,1205,990,1232,1034,1251,1085,1262,1141,1262,1197,1256,1249,1242,1288,1214,1313,1170,1328,1118,1341,1062,1353,1004,937,891,960,855,1003,842,1048,845,1088,864,1154,873,1197,862,1244,866,1285,887,1306,929,1114,916,1109,937,1105,958,1099,981,1053,1033,1074,1039,1096,1044,1121,1043,1145,1043,975,928,1003,915,1033,917,1058,938,1030,940,999,938,1174,950,1204,934,1234,939,1258,959,1232,963,1201,958,1015,1117,1047,1091,1074,1078,1092,1085,1111,1083,1141,1104,1180,1136,1139,1143,1107,1139,1087,1137,1067,1134,1042,1130,1030,1114,1072,1102,1091,1106,1109,1108,1163,1131,1109,1115,1089,1113,1070,1109
1254,h,1,1,881,831,1327,1277,41.8,924,965,920,1018,920,1071,921,1121,932,1168,955,1206,992,1231,1036,1249,1086,1260,1141,1259,1199,1252,1252,1237,1290,1210,1315,1167,1329,1118,1343,1064,1355,1007,940,890,964,854,1005,843,1048,847,1086,865,1152,873,1194,860,1241,864,1283,885,1306,925,1114,919,1109,939,1104,959,1098,982,1056,1036,1077,1040,1097,1043,1121,1044,1143,1045,978,931,1004,915,1033,917,1058,941,1030,941,1001,939,1175,951,1203,932,1233,936,1257,958,1231,959,1202,956,1012,1117,1045,1090,1074,1076,1092,1082,1111,1080,1144,1102,1182,1133,1141,1143,1108,1142,1087,1140,1067,1137,1040,1131,1027,1115,1072,1101,1091,1104,1110,1106,1166,1128,1110,1118,1090,1116,1071,1114
1255,h,1,1,881,831,1327,1277,41.833333333333336,924,960,920,1014,920,1069,921,1121,931,1169,952,1207,987,1235,1030,1253,1083,1263,1141,1262,1200,1255,1252,1239,1290,1211,1314,1166,1328,1115,1340,1061,1352,1003,940,886,963,853,1002,841,1045,844,1083,861,1152,872,1194,860,1240,864,1280,884,1302,924,1112,915,1107,936,1103,956,1098,979,1054,1032,1075,1037,1096,1041,1121,1041,1144,1041,977,927,1003,914,1032,915,1056,936,1029,938,1000,936,1170,948,1200,932,1229,936,1253,957,1227,958,1198,954,1013,1117,1046,1090,1074,1075,1091,1082,1111,1080,1141,1101,1179,1132,1139,1140,1106,1137,1086,1136,1066,1132,1041,1129,1028,1115,1071,1102,1090,1105,1109,1107,1163,1128,1109,1112,1089,1109,1071,1107
1256,h,1,1,881,831,1327,1277,41.86666666666667,930,961,925,1016,923,1070,923,1122,931,1172,951,1211,985,1240,1028,1259,1079,1271,1136,1269,1193,1262,1245,1246,1285,1218,1313,1175,1329,1125,1341,1069,1354,1011,960,897,978,862,1014,847,1055,849,1090,866,1154,872,1195,861,1240,866,1278,889,1297,929,1116,916,1110,937,1104,957,1097,980,1054,1032,1074,1038,1095,1043,1120,1042,1144,1040,996,934,1019,918,1044,918,1067,937,1043,938,1017,938,1172,946,1200,930,1226,935,1248,956,1223,955,1197,951,1017,1117,1046,1090,1072,1076,1090,1083,1111,1081,1140,1102,1177,1133,1137,1139,1106,1137,1085,1136,1065,1132,1042,1130,1030,1114,1070,1103,1088,1106,1109,1108,1162,1128,1108,1112,1088,1110,1069,1107
1257,h,1,1,881,831,1327,1277,41.9,930,961,925,1016,923,1070,923,1122,931,1172,951,1211,985,1240,1028,1259,1079,1271,1136,1269,1193,1262,1245,1246,1285,1218,1313,1175,1329,1125,1341,1069,1354,1011,960,897,978,862,1014,847,1055,849,1090,866,1154,872,1195,861,1240,866,1278,889,1297,929,1116,916,1110,937,1104,957,1097,980,1054,1032,1074,1038,1095,1043,1120,1042,1144,1040,996,934,1019,918,1044,918,1067,937,1043,938,1017,938,1172,946,1200,930,1226,935,1248,956,1223,955,1197,951,1017,1117,1046,1090,1072,1076,1090,1083,1111,1081,1140,1102,1177,1133,1137,1139,1106,1137,1085,1136,1065,1132,1042,1130,1030,1114,1070,1103,1088,1106,1109,1108,1162,1128,1108,1112,1088,1110,1069,1107
1258,h,1,1,881,831,1327,1277,41.93333333333333,925,959,923,1015,923,1069,925,1122,933,1170,955,1208,991,1236,1033,1255,1086,1267,1144,1264,1201,1255,1252,1238,1292,1209,1317,1165,1330,1114,1342,1059,1355,1001,946,888,971,856,1011,844,1054,847,1091,865,1152,872,1194,861,1240,865,1280,886,1302,926,1115,917,1110,938,1105,958,1100,981,1055,1033,1076,1038,1097,1043,1122,1042,1146,1041,987,930,1012,917,1040,918,1064,937,1038,938,1010,937,1171,947,1199,933,1227,937,1250,956,1225,957,1197,953,1018,1114,1049,1089,1075,1075,1092,1083,1112,1081,1141,1103,1178,1131,1138,1140,1106,1138,1086,1137,1067,1132,1043,1129,1034,1111,1073,1101,1091,1105,1110,1107,1162,1127,1108,1113,1089,1110,1071,1107
1259,h,1,1,881,831,1327,1277,41.96666666666667,922,953,920,1007,919,1061,922,1114,931,1164,951,1203,987,1233,1031,1254,1081,1263,1138,1261,1196,1254,1248,1237,1289,1208,1316,1163,1332,1111,1345,1056,1358,998,940,894,961,856,1001,842,1046,844,1085,863,1147,872,1191,860,1239,863,1282,883,1305,925,1109,914,1104,936,1099,958,1093,982,1051,1033,1072,1038,1093,1042,1119,1041,1144,1040,976,928,1002,915,1030,916,1056,934,1028,937,999,936,1171,944,1200,930,1229,934,1253,953,1226,954,1198,950,1010,1117,1042,1091,1071,1076,1090,1082,1109,1080,1143,1101,1183,1132,1139,1143,1105,1144,1084,1143,1063,1140,1037,1135,1025,1115,1069,1101,1089,1104,1108,1105,1167,1128,1106,1120,1087,1118,1067,1116
1260,h,1,1,881,831,1327,1277,42.0,924,961,921,1016,921,1070,922,1122,932,1171,955,1208,991,1236,1034,1253,1085,1263,1141,1261,1198,1253,1250,1238,1291,1209,1316,1166,1331,1114,1343,1060,1355,1002,939,889,964,853,1006,841,1050,844,1089,862,1156,869,1198,856,1244,860,1284,881,1306,920,1117,917,1112,937,1107,956,1101,978,1057,1035,1078,1038,1100,1042,1123,1042,1147,1042,978,929,1006,916,1035,917,1061,938,1033,939,1003,938,1175,948,1204,931,1233,935,1258,955,1231,957,1202,953,1013,1117,1046,1089,1076,1074,1094,1081,1114,1079,1147,1100,1186,1132,1144,1143,1110,1142,1089,1141,1069,1138,1041,1133,1028,1115,1074,1100,1093,1103,1112,1105,1170,1128,1112,1118,1092,1116,1072,1114
1261,h,1,1,881,831,1327,1277,42.03333333333333,924,961,921,1016,921,1070,922,1122,932,1171,955,1208,991,1236,1034,1253,1085,1263,1141,1261,1198,1253,1250,1238,1291,1209,1316,1166,1331,1114,1343,1060,1355,1002,939,889,964,853,1006,841,1050,844,1089,862,1156,869,1198,856,1244,860,1284,881,1306,920,1117,917,1112,937,1107,956,1101,978,1057,1035,1078,1038,1100,1042,1123,1042,1147,1042,978,929,1006,916,1035,917,1061,938,1033,939,1003,938,1175,948,1204,931,1233,935,1258,955,1231,957,1202,953,1013,1117,1046,1089,1076,1074,1094,1081,1114,1079,1147,1100,1186,1132,1144,1143,1110,1142,1089,1141,1069,1138,1041,1133,1028,1115,1074,1100,1093,1103,1112,1105,1170,1128,1112,1118,1092,1116,1072,1114
1262,h,1,1,881,831,1327,1277,42.06666666666667,928,960,924,1014,923,1067,923,1120,930,1169,951,1207,985,1235,1028,1256,1079,1267,1137,1267,1195,1261,1247,1245,1286,1216,1313,1174,1328,1123,1341,1068,1354,1010,953,888,973,855,1011,842,1053,844,1088,863,1157,871,1199,859,1245,865,1285,887,1305,927,1116,913,1111,934,1105,954,1100,977,1056,1030,1076,1036,1097,1041,1121,1041,1145,1040,990,930,1013,917,1040,917,1064,935,1038,936,1012,935,1174,946,1203,932,1231,938,1254,958,1228,957,1200,952,1015,1115,1046,1089,1075,1075,1092,1082,1112,1080,1143,1100,1180,1133,1139,1141,1106,1138,1086,1136,1067,1133,1042,1129,1029,1113,1072,1101,1091,1104,1110,1106,1164,1128,1109,1113,1089,1110,1071,1107
1263,h,1,1,881,831,1327,1277,42.1,927,964,922,1017,921,1070,921,1122,931,1170,953,1208,988,1237,1032,1256,1085,1267,1142,1265,1200,1257,1254,1240,1293,1210,1318,1166,1332,1115,1345,1062,1358,1005,945,896,967,860,1007,847,1051,849,1088,866,1156,873,1199,861,1246,866,1288,888,1309,931,1115,919,1109,940,1103,961,1097,984,1055,1035,1075,1040,1096,1044,1119,1044,1143,1043,980,933,1006,918,1035,919,1060,941,1033,941,1004,940,1174,950,1203,933,1232,937,1257,959,1230,959,1200,955,1012,1115,1044,1089,1073,1075,1092,1081,1112,1078,1145,1099,1185,1130,1143,1145,1109,1144,1087,1143,1067,1140,1040,1133,1027,1113,1071,1101,1090,1104,1110,1106,1169,1127,1110,1120,1090,1118,1071,1116
1264,h,1,1,881,831,1327,1277,42.13333333333333,921,964,918,1017,919,1070,920,1122,927,1170,947,1210,982,1239,1025,1258,1078,1269,1135,1269,1192,1263,1244,1246,1283,1217,1310,1173,1328,1121,1342,1066,1354,1008,935,893,959,858,1001,845,1047,846,1087,864,1152,873,1195,861,1243,866,1284,888,1307,927,1112,915,1107,936,1102,957,1097,980,1052,1032,1073,1038,1095,1043,1120,1042,1145,1041,974,930,1000,916,1030,916,1055,937,1027,938,998,937,1173,948,1203,932,1233,936,1257,957,1230,957,1200,953,1010,1118,1044,1089,1073,1075,1091,1082,1111,1080,1143,1101,1182,1133,1140,1145,1106,1145,1085,1144,1065,1140,1038,1135,1026,1115,1071,1101,1090,1104,1109,1106,1166,1129,1108,1122,1088,1120,1069,1117
1265,h,1,1,881,831,1327,1277,42.166666666666664,921,964,918,1017,919,1070,920,1122,927,1170,947,1210,982,1239,1025,1258,1078,1269,1135,1269,1192,1263,1244,1246,1283,1217,1310,1173,1328,1121,1342,1066,1354,1008,935,893,959,858,1001,845,1047,846,1087,864,1152,873,1195,861,1243,866,1284,888,1307,927,1112,915,1107,936,1102,957,1097,980,1052,1032,1073,1038,1095,1043,1120,1042,1145,1041,974,930,1000,916,1030,916,1055,937,1027,938,998,937,1173,948,1203,932,1233,936,1257,957,1230,957,1200,953,1010,1118,1044,1089,1073,1075,1091,1082,1111,1080,1143,1101,1182,1133,1140,1145,1106,1145,1085,1144,1065,1140,1038,1135,1026,1115,1071,1101,1090,1104,1109,1106,1166,1129,1108,1122,1088,1120,1069,1117
1266,h,1,1,881,831,1327,1277,42.2,925,975,920,1028,920,1080,922,1130,932,1178,954,1215,988,1244,1030,1264,1080,1274,1136,1274,1192,1265,1244,1247,1284,1217,1311,1175,1327,1124,1340,1070,1352,1013,953,902,971,866,1009,850,1051,851,1088,867,1154,875,1194,863,1240,868,1280,889,1301,928,1112,919,1106,940,1100,959,1093,981,1052,1033,1072,1039,1093,1043,1118,1042,1143,1040,987,940,1010,922,1037,922,1060,944,1035,945,1008,945,1172,951,1199,934,1228,938,1250,960,1225,961,1196,957,1011,1120,1042,1091,1072,1076,1089,1082,1108,1080,1141,1100,1180,1134,1139,1147,1104,1147,1085,1146,1066,1143,1039,1138,1026,1117,1070,1101,1088,1103,1106,1105,1164,1129,1106,1123,1088,1121,1069,1119
1267,h,1,1,881,831,1327,1277,42.233333333333334,929,965,924,1018,922,1070,922,1122,930,1170,950,1208,984,1237,1028,1256,1079,1266,1136,1266,1194,1259,1246,1244,1286,1216,1312,1173,1327,1123,1339,1069,1352,1012,953,894,972,860,1009,846,1050,848,1086,863,1155,870,1197,860,1242,865,1281,888,1302,929,1112,915,1107,936,1102,957,1096,981,1053,1032,1073,1037,1094,1042,1119,1042,1143,1041,989,934,1012,919,1038,918,1061,936,1037,937,1011,938,1173,946,1200,932,1227,937,1250,958,1224,957,1197,952,1013,1117,1045,1089,1073,1075,1090,1082,1109,1080,1140,1101,1178,1133,1136,1142,1103,1139,1083,1138,1064,1134,1040,1131,1028,1115,1070,1101,1088,1104,1107,1106,1163,1129,1105,1115,1086,1112,1068,1110
1268,h,1,1,881,831,1327,1277,42.266666666666666,929,965,924,1018,922,1070,922,1122,930,1170,950,1208,984,1237,1028,1256,1079,1266,1136,1266,1194,1259,1246,1244,1286,1216,1312,1173,1327,1123,1339,1069,1352,1012,953,894,972,860,1009,846,1050,848,1086,863,1155,870,1197,860,1242,865,1281,888,1302,929,1112,915,1107,936,1102,957,1096,981,1053,1032,1073,1037,1094,1042,1119,1042,1143,1041,989,934,1012,919,1038,918,1061,936,1037,937,1011,938,1173,946,1200,932,1227,937,1250,958,1224,957,1197,952,1013,1117,1045,1089,1073,1075,1090,1082,1109,1080,1140,1101,1178,1133,1136,1142,1103,1139,1083,1138,1064,1134,1040,1131,1028,1115,1070,1101,1088,1104,1107,1106,1163,1129,1105,1115,1086,1112,1068,1110
1269,h,1,1,881,831,1327,1277,42.3,929,964,925,1018,923,1070,923,1121,930,1169,949,1208,982,1237,1025,1257,1078,1267,1136,1266,1194,1258,1247,1243,1288,1215,1315,1171,1330,1120,1341,1065,1354,1008,952,896,972,860,1010,844,1053,845,1090,862,1152,870,1195,859,1241,864,1281,887,1302,927,1114,914,1109,935,1104,956,1098,980,1053,1032,1074,1037,1095,1042,1121,1041,1145,1040,989,932,1012,918,1038,918,1060,934,1036,936,1011,936,1175,943,1202,931,1229,936,1252,955,1226,954,1199,949,1014,1120,1045,1091,1072,1076,1090,1082,1109,1081,1140,1101,1178,1134,1137,1140,1104,1138,1084,1136,1064,1133,1040,1131,1028,1116,1070,1103,1088,1106,1108,1108,1162,1129,1106,1112,1087,1110,1068,1107
1270,h,1,1,881,831,1327,1277,42.333333333333336,929,962,924,1017,923,1070,923,1122,931,1171,950,1211,983,1242,1026,1265,1077,1276,1134,1275,1192,1265,1244,1247,1287,1218,1315,1174,1332,1122,1345,1066,1358,1008,953,892,974,859,1012,846,1054,848,1090,864,1158,871,1199,860,1244,866,1283,888,1303,926,1115,916,1110,938,1104,959,1098,982,1054,1033,1074,1040,1095,1044,1120,1044,1145,1042,989,934,1013,920,1041,920,1065,939,1039,940,1012,940,1174,948,1203,934,1230,939,1253,960,1227,960,1200,955,1011,1119,1043,1091,1072,1077,1089,1083,1110,1081,1142,1102,1181,1136,1139,1150,1104,1150,1083,1149,1063,1145,1037,1139,1026,1117,1069,1102,1088,1105,1108,1107,1165,1132,1107,1125,1087,1122,1067,1120
1271,h,1,1,881,831,1327,1277,42.36666666666667,927,968,923,1021,922,1073,923,1124,931,1173,952,1212,985,1240,1028,1258,1078,1267,1134,1266,1192,1260,1244,1244,1284,1217,1312,1176,1328,1126,1342,1072,1355,1016,953,897,973,862,1010,848,1051,850,1088,867,1157,875,1198,864,1243,869,1281,891,1302,930,1114,918,1109,939,1103,959,1096,982,1054,1033,1074,1039,1094,1043,1119,1043,1143,1042,990,937,1013,921,1040,921,1062,942,1038,943,1011,942,1175,951,1202,935,1230,940,1252,961,1227,961,1199,957,1012,1118,1043,1091,1071,1076,1088,1082,1108,1081,1139,1101,1178,1134,1136,1144,1103,1143,1083,1141,1063,1138,1038,1134,1027,1116,1069,1102,1087,1105,1106,1107,1162,1130,1105,1119,1086,1117,1067,1115
1272,h,1,1,881,831,1327,1277,42.4,927,968,923,1021,922,1073,923,1124,931,1173,952,1212,985,1240,1028,1258,1078,1267,1134,1266,1192,1260,1244,1244,1284,1217,1312,1176,1328,1126,1342,1072,1355,1016,953,897,973,862,1010,848,1051,850,1088,867,1157,875,1198,864,1243,869,1281,891,1302,930,1114,918,1109,939,1103,959,1096,982,1054,1033,1074,1039,1094,1043,1119,1043,1143,1042,990,937,1013,921,1040,921,1062,942,1038,943,1011,942,1175,951,1202,935,1230,940,1252,961,1227,961,1199,957,1012,1118,1043,1091,1071,1076,1088,1082,1108,1081,1139,1101,1178,1134,1136,1144,1103,1143,1083,1141,1063,1138,1038,1134,1027,1116,1069,1102,1087,1105,1106,1107,1162,1130,1105,1119,1086,1117,1067,1115
1273,h,1,1,881,831,1327,1277,42.43333333333333,933,955,927,1007,924,1060,923,1112,930,1162,949,1202,980,1234,1022,1258,1073,1269,1130,1267,1189,1259,1243,1243,1286,1214,1313,1171,1329,1119,1341,1064,1355,1006,962,894,981,861,1017,848,1057,850,1092,867,1154,876,1194,863,1240,867,1279,887,1300,925,1115,916,1109,937,1103,957,1096,981,1054,1032,1074,1038,1094,1043,1118,1042,1142,1040,996,934,1019,919,1045,919,1068,938,1044,939,1017,939,1172,947,1199,932,1226,937,1249,956,1223,957,1196,953,1013,1117,1043,1089,1071,1075,1088,1081,1107,1079,1139,1100,1177,1132,1136,1142,1102,1141,1083,1140,1063,1137,1038,1132,1027,1114,1069,1100,1087,1102,1105,1104,1161,1127,1105,1118,1086,1116,1068,1114
1274,h,1,1,881,831,1327,1277,42.46666666666667,925,964,921,1017,921,1068,922,1119,931,1168,954,1207,991,1232,1036,1250,1087,1260,1143,1258,1200,1251,1252,1236,1291,1208,1316,1165,1330,1114,1343,1060,1356,1004,945,891,969,858,1007,847,1049,850,1085,867,1154,872,1196,861,1242,864,1283,884,1305,922,1115,918,1110,938,1104,957,1098,979,1055,1032,1076,1036,1096,1040,1120,1041,1142,1041,982,932,1008,916,1036,918,1060,941,1034,941,1005,940,1173,949,1201,930,1231,934,1255,954,1229,957,1200,954,1010,1115,1043,1088,1072,1074,1089,1079,1108,1078,1139,1099,1178,1130,1138,1139,1105,1137,1085,1137,1067,1134,1040,1129,1025,1112,1071,1098,1088,1101,1107,1102,1162,1125,1107,1114,1088,1112,1070,1111
1275,h,1,1,881,831,1327,1277,42.5,922,965,919,1019,919,1071,921,1122,930,1170,951,1209,987,1237,1031,1256,1081,1267,1135,1265,1194,1259,1247,1244,1285,1216,1310,1173,1326,1124,1340,1070,1353,1013,939,896,961,860,1000,846,1045,848,1083,866,1155,874,1198,862,1246,866,1287,889,1308,932,1112,919,1107,938,1102,957,1096,978,1054,1034,1074,1039,1094,1042,1118,1042,1140,1042,975,932,1002,918,1032,919,1057,941,1029,941,999,940,1170,950,1201,934,1231,939,1255,960,1228,960,1198,956,1009,1117,1041,1089,1070,1075,1088,1080,1107,1078,1140,1100,1178,1133,1138,1144,1105,1142,1084,1142,1064,1138,1037,1133,1025,1114,1068,1099,1087,1102,1106,1104,1162,1128,1106,1119,1086,1118,1067,1115
1276,h,1,1,881,831,1327,1277,42.53333333333333,922,965,919,1019,919,1071,921,1122,930,1170,951,1209,987,1237,1031,1256,1081,1267,1135,1265,1194,1259,1247,1244,1285,1216,1310,1173,1326,1124,1340,1070,1353,1013,939,896,961,860,1000,846,1045,848,1083,866,1155,874,1198,862,1246,866,1287,889,1308,932,1112,919,1107,938,1102,957,1096,978,1054,1034,1074,1039,1094,1042,1118,1042,1140,1042,975,932,1002,918,1032,919,1057,941,1029,941,999,940,1170,950,1201,934,1231,939,1255,960,1228,960,1198,956,1009,1117,1041,1089,1070,1075,1088,1080,1107,1078,1140,1100,1178,1133,1138,1144,1105,1142,1084,1142,1064,1138,1037,1133,1025,1114,1068,1099,1087,1102,1106,1104,1162,1128,1106,1119,1086,1118,1067,1115
1277,h,1,1,881,831,1327,1277,42.56666666666667,928,966,923,1018,921,1071,921,1122,928,1170,947,1209,980,1239,1024,1257,1077,1268,1135,1270,1193,1264,1245,1249,1284,1220,1311,1178,1328,1127,1341,1072,1354,1015,952,889,973,857,1011,844,1053,847,1088,864,1154,872,1195,861,1240,866,1278,887,1298,924,1114,914,1109,935,1104,957,1098,980,1053,1031,1073,1038,1094,1043,1119,1042,1143,1041,988,931,1012,918,1038,919,1061,936,1037,937,1011,937,1171,946,1199,932,1226,938,1249,957,1223,956,1196,952,1013,1117,1045,1089,1072,1076,1090,1083,1111,1081,1141,1101,1178,1135,1137,1141,1105,1138,1083,1137,1063,1133,1039,1130,1028,1115,1070,1103,1088,1107,1108,1109,1162,1130,1107,1113,1087,1111,1068,1108
1278,h,1,1,881,831,1327,1277,42.6,929,959,922,1011,920,1062,921,1113,928,1163,949,1204,982,1235,1025,1256,1077,1266,1134,1265,1193,1257,1248,1240,1288,1210,1313,1167,1329,1115,1342,1061,1354,1005,952,890,975,861,1012,851,1051,855,1086,872,1150,877,1192,866,1236,869,1276,888,1298,925,1110,921,1103,941,1096,961,1089,983,1052,1037,1071,1042,1091,1046,1114,1045,1137,1044,986,935,1011,920,1039,920,1063,942,1037,943,1009,942,1169,950,1197,933,1226,937,1249,958,1224,960,1195,956,1011,1117,1041,1090,1068,1076,1086,1082,1107,1080,1139,1100,1178,1133,1136,1143,1103,1143,1082,1143,1062,1139,1036,1133,1027,1116,1067,1102,1085,1105,1105,1107,1161,1130,1105,1119,1085,1118,1066,1114
1279,h,1,1,881,831,1327,1277,42.63333333333333,919,961,916,1014,916,1067,918,1119,928,1169,951,1208,988,1236,1031,1256,1083,1266,1138,1265,1197,1258,1251,1242,1290,1211,1315,1167,1330,1115,1343,1060,1354,1002,937,893,962,858,1002,846,1046,848,1084,866,1145,870,1189,859,1237,863,1280,884,1302,924,1109,917,1104,939,1098,960,1092,984,1053,1037,1072,1042,1092,1046,1115,1046,1137,1045,976,931,1003,916,1033,917,1057,939,1030,940,1000,939,1167,948,1196,931,1226,935,1251,955,1224,956,1194,953,1012,1116,1043,1090,1071,1076,1088,1082,1107,1079,1139,1100,1178,1131,1138,1143,1105,1143,1084,1142,1065,1139,1039,1133,1027,1114,1069,1101,1087,1105,1106,1106,1161,1127,1106,1119,1087,1117,1068,1114
1280,h,1,1,881,831,1327,1277,42.666666666666664,919,961,916,1014,916,1067,918,1119,928,1169,951,1208,988,1236,1031,1256,1083,1266,1138,1265,1197,1258,1251,1242,1290,1211,1315,1167,1330,1115,1343,1060,1354,1002,937,893,962,858,1002,846,1046,848,1084,866,1145,870,1189,859,1237,863,1280,884,1302,924,1109,917,1104,939,1098,960,1092,984,1053,1037,1072,1042,1092,1046,1115,1046,1137,1045,976,931,1003,916,1033,917,1057,939,1030,940,1000,939,1167,948,1196,931,1226,935,1251,955,1224,956,1194,953,1012,1116,1043,1090,1071,1076,1088,1082,1107,1079,1139,1100,1178,1131,1138,1143,1105,1143,1084,1142,1065,1139,1039,1133,1027,1114,1069,1101,1087,1105,1106,1106,1161,1127,1106,1119,1087,1117,1068,1114
1281,h,1,1,881,831,1327,1277,42.7,926,962,922,1016,921,1068,922,1119,931,1167,954,1205,988,1232,1030,1251,1080,1262,1137,1263,1195,1255,1248,1240,1288,1211,1315,1168,1330,1117,1343,1062,1356,1004,941,890,964,857,1004,844,1048,847,1086,865,1152,874,1194,862,1240,866,1280,887,1302,925,1113,916,1108,937,1102,957,1096,980,1052,1031,1072,1038,1093,1042,1117,1043,1140,1042,980,930,1006,915,1036,917,1060,938,1033,941,1003,939,1168,949,1198,933,1228,938,1253,958,1226,962,1195,957,1013,1117,1043,1089,1070,1074,1088,1081,1107,1078,1138,1100,1176,1134,1136,1144,1103,1143,1083,1141,1064,1138,1039,1133,1028,1114,1068,1100,1086,1104,1105,1105,1161,1129,1105,1118,1086,1116,1067,1113
1282,h,1,1,881,831,1327,1277,42.733333333333334,919,963,916,1019,915,1073,917,1126,927,1175,949,1214,984,1243,1028,1262,1080,1273,1137,1273,1194,1266,1247,1251,1287,1221,1314,1177,1331,1123,1344,1067,1356,1007,934,893,958,856,1001,842,1046,844,1085,864,1152,872,1195,859,1244,864,1285,886,1306,929,1111,914,1106,935,1101,955,1096,978,1051,1031,1072,1038,1093,1043,1117,1043,1141,1042,974,931,1002,918,1031,919,1057,938,1029,940,999,939,1169,949,1200,934,1230,940,1254,959,1227,960,1197,956,1012,1118,1042,1089,1070,1073,1088,1080,1108,1079,1141,1101,1180,1136,1139,1148,1105,1147,1083,1145,1063,1141,1038,1136,1027,1116,1068,1100,1087,1104,1107,1106,1164,1131,1107,1122,1086,1119,1067,1116
1283,h,1,1,881,831,1327,1277,42.766666666666666,919,963,916,1019,915,1073,917,1126,927,1175,949,1214,984,1243,1028,1262,1080,1273,1137,1273,1194,1266,1247,1251,1287,1221,1314,1177,1331,1123,1344,1067,1356,1007,934,893,958,856,1001,842,1046,844,1085,864,1152,872,1195,859,1244,864,1285,886,1306,929,1111,914,1106,935,1101,955,1096,978,1051,1031,1072,1038,1093,1043,1117,1043,1141,1042,974,931,1002,918,1031,919,1057,938,1029,940,999,939,1169,949,1200,934,1230,940,1254,959,1227,960,1197,956,1012,1118,1042,1089,1070,1073,1088,1080,1108,1079,1141,1101,1180,1136,1139,1148,1105,1147,1083,1145,1063,1141,1038,1136,1027,1116,1068,1100,1087,1104,1107,1106,1164,1131,1107,1122,1086,1119,1067,1116
1284,h,1,1,881,831,1327,1277,42.8,926,974,921,1024,920,1073,922,1120,930,1166,950,1203,986,1228,1030,1246,1081,1256,1137,1253,1193,1247,1246,1235,1288,1210,1313,1168,1327,1118,1339,1066,1352,1010,946,902,966,865,1005,851,1047,852,1084,867,1156,872,1198,861,1243,866,1281,886,1302,926,1112,922,1106,941,1100,959,1093,979,1053,1033,1073,1037,1093,1042,1116,1041,1139,1040,981,945,1005,927,1034,927,1059,950,1033,954,1003,954,1171,954,1199,934,1229,938,1253,960,1227,964,1197,961,1012,1118,1043,1089,1070,1075,1087,1080,1105,1078,1137,1098,1176,1131,1135,1139,1103,1136,1084,1136,1065,1134,1040,1130,1029,1114,1069,1100,1086,1102,1104,1103,1160,1126,1104,1113,1085,1112,1068,1110
1285,h,1,1,881,831,1327,1277,42.833333333333336,924,964,919,1018,919,1070,920,1122,929,1172,950,1210,985,1239,1027,1258,1077,1268,1134,1267,1192,1261,1245,1246,1287,1216,1314,1173,1329,1121,1341,1065,1353,1007,951,895,973,863,1010,851,1050,853,1085,869,1148,877,1189,866,1235,870,1274,890,1297,927,1110,916,1104,937,1099,957,1092,979,1051,1032,1071,1037,1091,1042,1116,1041,1139,1039,988,935,1010,919,1037,919,1060,939,1035,940,1008,940,1167,948,1194,931,1223,936,1246,957,1221,957,1193,953,1011,1118,1041,1090,1068,1075,1086,1081,1105,1079,1136,1099,1174,1133,1134,1139,1102,1137,1082,1136,1063,1133,1038,1130,1026,1115,1066,1100,1085,1103,1103,1105,1158,1128,1104,1112,1085,1111,1066,1109
1286,h,1,1,881,831,1327,1277,42.86666666666667,924,961,920,1013,918,1065,919,1117,927,1166,948,1206,982,1236,1024,1256,1075,1268,1132,1268,1191,1262,1244,1245,1285,1214,1311,1170,1327,1119,1339,1064,1350,1006,950,895,971,862,1007,848,1048,848,1083,864,1148,871,1189,862,1235,867,1275,889,1295,928,1108,915,1102,936,1097,956,1091,979,1050,1033,1069,1038,1090,1042,1114,1042,1137,1041,988,934,1011,920,1038,920,1061,937,1036,939,1010,938,1165,946,1192,932,1220,937,1243,956,1217,956,1189,952,1011,1118,1040,1090,1067,1076,1086,1082,1105,1079,1136,1100,1174,1133,1134,1139,1102,1138,1081,1138,1061,1134,1037,1131,1026,1116,1065,1101,1084,1103,1103,1105,1159,1128,1103,1115,1084,1113,1065,1111
1287,h,1,1,881,831,1327,1277,42.9,924,961,920,1013,918,1065,919,1117,927,1166,948,1206,982,1236,1024,1256,1075,1268,1132,1268,1191,1262,1244,1245,1285,1214,1311,1170,1327,1119,1339,1064,1350,1006,950,895,971,862,1007,848,1048,848,1083,864,1148,871,1189,862,1235,867,1275,889,1295,928,1108,915,1102,936,1097,956,1091,979,1050,1033,1069,1038,1090,1042,1114,1042,1137,1041,988,934,1011,920,1038,920,1061,937,1036,939,1010,938,1165,946,1192,932,1220,937,1243,956,1217,956,1189,952,1011,1118,1040,1090,1067,1076,1086,1082,1105,1079,1136,1100,1174,1133,1134,1139,1102,1138,1081,1138,1061,1134,1037,1131,1026,1116,1065,1101,1084,1103,1103,1105,1159,1128,1103,1115,1084,1113,1065,1111
1288,h,1,1,881,831,1327,1277,42.93333333333333,923,969,920,1022,919,1075,920,1126,928,1175,948,1214,982,1242,1027,1259,1079,1268,1137,1267,1195,1261,1248,1246,1288,1216,1312,1172,1326,1122,1338,1068,1350,1012,949,897,970,864,1006,849,1048,849,1083,865,1151,872,1192,862,1238,868,1277,890,1298,929,1110,913,1105,935,1099,956,1092,979,1050,1034,1070,1039,1091,1043,1115,1043,1138,1042,987,935,1009,920,1035,920,1059,937,1034,938,1008,938,1169,945,1197,931,1224,937,1246,956,1221,956,1194,951,1010,1120,1039,1090,1067,1076,1085,1082,1104,1080,1136,1100,1174,1135,1134,1140,1102,1137,1081,1136,1061,1132,1036,1131,1024,1117,1065,1101,1084,1104,1103,1106,1159,1130,1103,1113,1084,1110,1065,1108
1289,h,1,1,881,831,1327,1277,42.96666666666667,926,969,922,1023,919,1075,920,1125,928,1174,949,1213,983,1241,1025,1260,1076,1269,1133,1269,1189,1262,1242,1247,1282,1219,1309,1177,1325,1126,1338,1070,1352,1013,953,901,972,866,1008,850,1050,850,1086,865,1152,871,1193,861,1238,867,1277,890,1296,930,1111,914,1105,936,1099,956,1092,980,1050,1031,1070,1036,1091,1041,1116,1041,1139,1039,991,936,1013,920,1039,920,1061,937,1038,939,1012,939,1170,945,1196,931,1224,937,1246,958,1221,957,1194,952,1012,1118,1040,1089,1067,1075,1084,1081,1104,1079,1134,1100,1171,1134,1131,1138,1100,1134,1080,1133,1061,1130,1037,1128,1026,1114,1065,1101,1083,1104,1102,1106,1156,1128,1102,1110,1083,1108,1065,1106
1290,h,1,1,881,831,1327,1277,43.0,926,965,921,1018,919,1072,920,1123,929,1171,951,1209,987,1236,1029,1254,1079,1263,1133,1263,1190,1258,1244,1244,1284,1217,1311,1174,1327,1123,1339,1067,1351,1009,953,895,972,861,1008,848,1048,850,1083,865,1153,872,1194,862,1238,866,1277,887,1297,927,1109,915,1103,936,1097,957,1090,980,1050,1032,1070,1037,1090,1041,1114,1041,1138,1040,989,934,1011,919,1037,919,1060,939,1035,940,1009,939,1168,948,1195,932,1222,936,1245,957,1220,957,1192,953,1010,1116,1040,1089,1066,1074,1084,1080,1103,1078,1134,1099,1174,1132,1133,1139,1100,1136,1081,1134,1061,1131,1036,1128,1025,1114,1064,1101,1083,1103,1102,1105,1158,1127,1102,1110,1083,1108,1064,1106
1291,h,1,1,881,831,1327,1277,43.03333333333333,926,965,921,1018,919,1072,920,1123,929,1171,951,1209,987,1236,1029,1254,1079,1263,1133,1263,1190,1258,1244,1244,1284,1217,1311,1174,1327,1123,1339,1067,1351,1009,953,895,972,861,1008,848,1048,850,1083,865,1153,872,1194,862,1238,866,1277,887,1297,927,1109,915,1103,936,1097,957,1090,980,1050,1032,1070,1037,1090,1041,1114,1041,1138,1040,989,934,1011,919,1037,919,1060,939,1035,940,1009,939,1168,948,1195,932,1222,936,1245,957,1220,957,1192,953,1010,1116,1040,1089,1066,1074,1084,1080,1103,1078,1134,1099,1174,1132,1133,1139,1100,1136,1081,1134,1061,1131,1036,1128,1025,1114,1064,1101,1083,1103,1102,1105,1158,1127,1102,1110,1083,1108,1064,1106
1292,h,1,1,881,831,1327,1277,43.06666666666667,926,965,921,1018,919,1070,920,1121,928,1170,950,1210,986,1236,1030,1252,1080,1261,1135,1260,1191,1254,1243,1240,1284,1214,1311,1172,1326,1122,1339,1068,1352,1012,958,897,978,862,1016,849,1057,852,1093,869,1144,876,1185,866,1230,870,1270,889,1293,927,1112,917,1106,937,1100,956,1093,979,1050,1031,1071,1036,1091,1041,1116,1041,1139,1039,991,936,1013,921,1038,921,1061,939,1037,941,1011,941,1170,948,1197,934,1224,939,1246,959,1221,959,1194,955,1012,1117,1041,1089,1067,1074,1085,1080,1103,1079,1134,1100,1172,1132,1132,1138,1100,1134,1081,1133,1062,1130,1038,1128,1026,1114,1066,1101,1084,1104,1102,1105,1156,1128,1102,1110,1084,1107,1065,1105
1293,h,1,1,881,831,1327,1277,43.1,916,959,915,1015,917,1071,918,1122,927,1171,950,1208,984,1235,1028,1251,1079,1260,1135,1259,1192,1254,1245,1239,1284,1210,1309,1167,1323,1115,1337,1061,1350,1003,936,895,960,859,1000,846,1045,848,1085,864,1150,872,1192,861,1237,865,1278,885,1301,923,1110,915,1106,936,1101,956,1096,979,1051,1033,1072,1037,1092,1041,1116,1041,1139,1041,974,932,1001,919,1030,920,1054,939,1027,941,998,940,1168,949,1198,934,1226,938,1250,957,1224,959,1195,955,1009,1117,1041,1089,1069,1074,1088,1080,1108,1079,1140,1100,1178,1133,1137,1140,1104,1137,1083,1136,1062,1132,1036,1129,1025,1114,1067,1100,1087,1104,1106,1105,1162,1128,1106,1113,1086,1111,1066,1109
1294,h,1,1,881,831,1327,1277,43.13333333333333,923,959,918,1014,917,1068,917,1121,925,1170,946,1209,979,1237,1021,1256,1070,1267,1124,1267,1178,1260,1232,1247,1275,1220,1303,1177,1320,1126,1333,1070,1346,1012,947,892,970,859,1008,847,1049,851,1085,868,1150,877,1189,866,1232,870,1270,890,1292,926,1109,918,1104,938,1098,957,1092,979,1049,1035,1069,1039,1089,1043,1113,1043,1136,1042,982,935,1006,920,1033,920,1056,941,1030,942,1003,941,1166,950,1193,934,1221,939,1244,959,1218,960,1191,956,1005,1120,1036,1091,1065,1076,1084,1081,1104,1081,1134,1101,1172,1134,1131,1144,1099,1143,1078,1143,1058,1140,1032,1136,1020,1117,1063,1103,1082,1105,1102,1107,1156,1130,1101,1121,1082,1119,1062,1117
1295,h,1,1,881,831,1327,1277,43.166666666666664,923,959,918,1014,917,1068,917,1121,925,1170,946,1209,979,1237,1021,1256,1070,1267,1124,1267,1178,1260,1232,1247,1275,1220,1303,1177,1320,1126,1333,1070,1346,1012,947,892,970,859,1008,847,1049,851,1085,868,1150,877,1189,866,1232,870,1270,890,1292,926,1109,918,1104,938,1098,957,1092,979,1049,1035,1069,1039,1089,1043,1113,1043,1136,1042,982,935,1006,920,1033,920,1056,941,1030,942,1003,941,1166,950,1193,934,1221,939,1244,959,1218,960,1191,956,1005,1120,1036,1091,1065,1076,1084,1081,1104,1081,1134,1101,1172,1134,1131,1144,1099,1143,1078,1143,1058,1140,1032,1136,1020,1117,1063,1103,1082,1105,1102,1107,1156,1130,1101,1121,1082,1119,1062,1117
1296,h,1,1,881,831,1327,1277,43.2,920,968,915,1021,914,1074,914,1125,923,1173,944,1212,976,1241,1019,1262,1069,1272,1124,1272,1181,1265,1235,1250,1277,1221,1304,1178,1320,1128,1334,1073,1348,1014,942,899,961,863,999,848,1041,849,1079,865,1148,872,1191,862,1237,867,1278,888,1298,929,1107,917,1101,938,1095,957,1088,979,1047,1036,1067,1040,1087,1043,1111,1043,1135,1043,980,938,1004,923,1032,922,1055,942,1029,942,1002,942,1165,949,1194,934,1222,938,1245,959,1219,958,1191,954,1003,1120,1034,1091,1064,1076,1083,1081,1103,1080,1135,1100,1174,1134,1133,1144,1099,1144,1078,1143,1056,1140,1030,1136,1017,1117,1061,1102,1081,1105,1101,1106,1159,1129,1101,1120,1080,1118,1060,1116
1297,h,1,1,881,831,1327,1277,43.233333333333334,918,957,916,1012,915,1064,915,1117,922,1166,944,1205,978,1234,1020,1255,1071,1266,1128,1265,1185,1257,1237,1242,1280,1214,1308,1171,1324,1118,1338,1062,1352,1003,945,896,965,862,1003,848,1044,850,1081,866,1148,873,1190,863,1235,866,1275,886,1297,924,1107,916,1101,936,1096,956,1089,979,1047,1031,1066,1037,1087,1041,1112,1041,1135,1039,982,934,1006,920,1034,920,1057,937,1032,939,1004,939,1166,946,1195,932,1222,938,1246,957,1219,957,1191,952,1005,1116,1036,1088,1063,1074,1081,1080,1100,1078,1131,1099,1172,1132,1129,1141,1096,1139,1076,1138,1056,1135,1032,1131,1021,1113,1061,1098,1080,1101,1099,1102,1155,1127,1098,1116,1079,1114,1060,1112
1298,h,1,1,881,831,1327,1277,43.266666666666666,918,957,916,1012,915,1064,915,1117,922,1166,944,1205,978,1234,1020,1255,1071,1266,1128,1265,1185,1257,1237,1242,1280,1214,1308,1171,1324,1118,1338,1062,1352,1003,945,896,965,862,1003,848,1044,850,1081,866,1148,873,1190,863,1235,866,1275,886,1297,924,1107,916,1101,936,1096,956,1089,979,1047,1031,1066,1037,1087,1041,1112,1041,1135,1039,982,934,1006,920,1034,920,1057,937,1032,939,1004,939,1166,946,1195,932,1222,938,1246,957,1219,957,1191,952,1005,1116,1036,1088,1063,1074,1081,1080,1100,1078,1131,1099,1172,1132,1129,1141,1096,1139,1076,1138,1056,1135,1032,1131,1021,1113,1061,1098,1080,1101,1099,1102,1155,1127,1098,1116,1079,1114,1060,1112
1299,h,1,1,881,831,1327,1277,43.3,921,961,917,1014,917,1067,917,1119,924,1169,944,1209,978,1238,1021,1259,1074,1270,1131,1270,1189,1262,1241,1245,1281,1216,1308,1172,1323,1120,1337,1063,1350,1004,945,894,964,859,1003,845,1046,848,1084,864,1145,872,1188,861,1234,866,1275,887,1296,928,1107,914,1102,934,1097,954,1090,977,1049,1029,1069,1034,1089,1039,1113,1038,1136,1038,982,930,1006,916,1032,916,1054,933,1030,935,1004,935,1167,942,1195,930,1221,936,1244,955,1218,954,1191,949,1010,1117,1039,1089,1065,1074,1084,1080,1104,1078,1133,1099,1170,1132,1131,1140,1100,1137,1079,1135,1059,1132,1034,1130,1024,1114,1063,1099,1083,1102,1102,1104,1155,1127,1102,1113,1082,1111,1062,1108
1300,h,1,1,881,831,1327,1277,43.333333333333336,924,960,919,1013,917,1066,917,1118,925,1168,946,1207,981,1237,1023,1258,1074,1268,1130,1267,1185,1260,1236,1244,1277,1216,1305,1174,1320,1123,1333,1067,1345,1010,949,898,968,862,1006,847,1047,849,1085,865,1145,871,1188,861,1235,867,1275,890,1294,932,1107,917,1102,937,1097,956,1092,979,1049,1031,1069,1037,1089,1041,1114,1040,1137,1039,987,934,1010,920,1037,920,1059,938,1034,940,1008,939,1166,947,1193,934,1221,939,1243,958,1217,959,1189,954,1008,1119,1038,1090,1066,1076,1084,1082,1103,1080,1134,1100,1170,1133,1131,1144,1098,1143,1078,1142,1058,1138,1033,1134,1023,1116,1064,1100,1082,1103,1101,1104,1155,1128,1100,1119,1081,1118,1062,1115
1301,h,1,1,881,831,1327,1277,43.36666666666667,923,964,918,1017,916,1070,916,1122,926,1171,947,1211,979,1241,1021,1261,1070,1271,1125,1270,1183,1262,1237,1246,1279,1217,1305,1174,1321,1122,1336,1068,1349,1011,948,894,967,862,1003,848,1043,850,1078,865,1147,873,1187,862,1232,867,1271,889,1292,927,1105,917,1099,938,1093,959,1086,983,1046,1035,1065,1040,1085,1044,1109,1043,1133,1042,984,935,1007,919,1034,919,1056,940,1031,941,1005,941,1163,948,1190,932,1218,936,1241,958,1215,958,1187,954,1005,1118,1036,1091,1063,1077,1081,1082,1099,1080,1130,1100,1170,1133,1128,1143,1095,1142,1076,1141,1057,1138,1032,1134,1020,1116,1061,1101,1079,1104,1097,1105,1154,1129,1097,1119,1079,1117,1061,1115
1302,h,1,1,881,831,1327,1277,43.4,923,964,918,1017,916,1070,916,1122,926,1171,947,1211,979,1241,1021,1261,1070,1271,1125,1270,1183,1262,1237,1246,1279,1217,1305,1174,1321,1122,1336,1068,1349,1011,948,894,967,862,1003,848,1043,850,1078,865,1147,873,1187,862,1232,867,1271,889,1292,927,1105,917,1099,938,1093,959,1086,983,1046,1035,1065,1040,1085,1044,1109,1043,1133,1042,984,935,1007,919,1034,919,1056,940,1031,941,1005,941,1163,948,1190,932,1218,936,1241,958,1215,958,1187,954,1005,1118,1036,1091,1063,1077,1081,1082,1099,1080,1130,1100,1170,1133,1128,1143,1095,1142,1076,1141,1057,1138,1032,1134,1020,1116,1061,1101,1079,1104,1097,1105,1154,1129,1097,1119,1079,1117,1061,1115
1303,h,1,1,881,831,1327,1277,43.43333333333333,923,960,918,1014,916,1067,915,1119,922,1169,941,1209,975,1240,1018,1261,1071,1273,1130,1272,1187,1263,1240,1247,1280,1216,1306,1172,1322,1120,1336,1065,1349,1008,946,894,965,861,1002,848,1042,850,1078,865,1149,872,1191,862,1237,867,1276,888,1297,926,1107,916,1101,937,1096,958,1089,982,1048,1033,1066,1039,1087,1044,1111,1043,1134,1041,983,934,1006,921,1032,920,1056,936,1030,938,1005,938,1167,945,1196,932,1223,938,1246,957,1219,956,1192,951,1005,1119,1035,1091,1062,1078,1081,1083,1100,1082,1130,1101,1167,1134,1127,1141,1096,1140,1076,1139,1055,1136,1030,1133,1020,1116,1060,1103,1079,1105,1099,1107,1151,1129,1098,1114,1079,1112,1059,1110
1304,h,1,1,881,831,1327,1277,43.46666666666667,921,957,916,1010,914,1062,914,1114,921,1163,941,1201,973,1231,1015,1253,1065,1266,1123,1266,1181,1259,1235,1245,1278,1217,1306,1174,1322,1121,1335,1065,1348,1006,942,888,964,857,1002,845,1044,848,1080,865,1148,873,1189,862,1234,866,1274,885,1296,922,1107,916,1101,937,1095,958,1088,980,1047,1032,1066,1038,1087,1042,1111,1042,1135,1041,982,934,1006,920,1034,920,1058,938,1031,940,1004,939,1166,948,1194,935,1222,940,1246,959,1220,960,1191,955,1005,1116,1036,1089,1063,1075,1081,1081,1099,1079,1131,1100,1170,1133,1127,1141,1094,1140,1074,1138,1055,1134,1031,1130,1020,1114,1061,1100,1079,1103,1097,1105,1154,1129,1096,1115,1078,1112,1060,1110
1305,h,1,1,881,831,1327,1277,43.5,921,960,917,1011,917,1062,916,1113,922,1162,940,1204,973,1235,1019,1255,1072,1266,1130,1265,1188,1256,1241,1241,1282,1212,1308,1168,1323,1118,1338,1065,1352,1009,941,893,963,858,1003,846,1045,848,1083,865,1145,873,1186,862,1231,867,1271,887,1294,926,1109,916,1104,937,1098,957,1092,980,1048,1032,1068,1037,1089,1042,1113,1041,1137,1040,978,932,1003,917,1032,918,1056,939,1029,940,1000,939,1166,948,1195,933,1223,937,1247,959,1220,958,1192,954,1005,1117,1037,1088,1065,1073,1082,1079,1102,1078,1133,1099,1172,1133,1131,1142,1098,1141,1078,1140,1058,1136,1033,1132,1021,1114,1063,1099,1081,1102,1100,1103,1156,1129,1100,1118,1081,1116,1062,1113
1306,h,1,1,881,831,1327,1277,43.53333333333333,921,960,917,1011,917,1062,916,1113,922,1162,940,1204,973,1235,1019,1255,1072,1266,1130,1265,1188,1256,1241,1241,1282,1212,1308,1168,1323,1118,1338,1065,1352,1009,941,893,963,858,1003,846,1045,848,1083,865,1145,873,1186,862,1231,867,1271,887,1294,926,1109,916,1104,937,1098,957,1092,980,1048,1032,1068,1037,1089,1042,1113,1041,1137,1040,978,932,1003,917,1032,918,1056,939,1029,940,1000,939,1166,948,1195,933,1223,937,1247,959,1220,958,1192,954,1005,1117,1037,1088,1065,1073,1082,1079,1102,1078,1133,1099,1172,1133,1131,1142,1098,1141,1078,1140,1058,1136,1033,1132,1021,1114,1063,1099,1081,1102,1100,1103,1156,1129,1100,1118,1081,1116,1062,1113
1307,h,1,1,881,831,1327,1277,43.56666666666667,923,957,918,1011,916,1065,916,1119,924,1169,944,1210,977,1240,1018,1260,1067,1271,1123,1271,1181,1263,1236,1246,1279,1215,1307,1171,1324,1119,1338,1063,1351,1005,950,892,971,860,1008,846,1048,849,1084,865,1150,872,1191,862,1236,867,1275,886,1296,924,1109,915,1102,937,1094,958,1086,981,1048,1033,1066,1039,1086,1043,1110,1042,1133,1040,986,933,1009,918,1036,918,1059,937,1034,938,1007,938,1168,945,1195,930,1223,935,1246,955,1220,956,1192,951,1006,1118,1035,1091,1062,1077,1081,1082,1101,1080,1132,1100,1169,1133,1129,1143,1097,1144,1076,1143,1056,1140,1030,1135,1020,1116,1061,1101,1080,1104,1099,1105,1154,1129,1099,1121,1079,1119,1060,1116
1308,h,1,1,881,831,1327,1277,43.6,919,959,916,1012,915,1064,916,1116,924,1166,945,1207,978,1237,1022,1256,1073,1266,1129,1264,1188,1256,1241,1240,1281,1211,1307,1168,1322,1118,1336,1064,1350,1007,940,895,961,861,999,848,1041,850,1078,866,1150,872,1192,863,1238,868,1278,889,1298,928,1106,921,1100,942,1094,962,1087,985,1046,1036,1066,1040,1086,1044,1110,1044,1134,1043,977,936,1001,922,1029,923,1053,943,1027,945,998,944,1166,952,1195,937,1224,941,1247,961,1221,963,1192,959,1003,1119,1033,1091,1061,1078,1081,1084,1102,1082,1134,1102,1172,1134,1131,1146,1097,1145,1075,1144,1054,1141,1028,1136,1018,1116,1059,1101,1079,1105,1100,1106,1157,1129,1100,1121,1078,1120,1057,1117
1309,h,1,1,881,831,1327,1277,43.63333333333333,923,962,918,1015,916,1067,916,1119,925,1169,945,1208,978,1240,1020,1262,1070,1272,1126,1271,1184,1262,1238,1246,1281,1216,1310,1172,1327,1119,1339,1063,1352,1005,949,898,967,863,1004,848,1044,850,1080,865,1146,873,1188,862,1234,866,1274,886,1295,924,1106,917,1100,938,1093,958,1086,981,1046,1035,1065,1041,1086,1044,1111,1044,1135,1042,987,936,1009,921,1035,920,1059,938,1034,940,1008,940,1165,945,1192,930,1219,934,1243,954,1216,953,1189,949,1006,1119,1035,1091,1062,1077,1080,1083,1099,1081,1131,1100,1171,1132,1129,1141,1095,1141,1075,1141,1056,1138,1031,1134,1020,1116,1060,1102,1079,1105,1098,1106,1156,1128,1097,1119,1078,1118,1059,1115
1310,h,1,1,881,831,1327,1277,43.666666666666664,923,962,918,1015,916,1067,916,1119,925,1169,945,1208,978,1240,1020,1262,1070,1272,1126,1271,1184,1262,1238,1246,1281,1216,1310,1172,1327,1119,1339,1063,1352,1005,949,898,967,863,1004,848,1044,850,1080,865,1146,873,1188,862,1234,866,1274,886,1295,924,1106,917,1100,938,1093,958,1086,981,1046,1035,1065,1041,1086,1044,1111,1044,1135,1042,987,936,1009,921,1035,920,1059,938,1034,940,1008,940,1165,945,1192,930,1219,934,1243,954,1216,953,1189,949,1006,1119,1035,1091,1062,1077,1080,1083,1099,1081,1131,1100,1171,1132,1129,1141,1095,1141,1075,1141,1056,1138,1031,1134,1020,1116,1060,1102,1079,1105,1098,1106,1156,1128,1097,1119,1078,1118,1059,1115
1311,h,1,1,881,831,1327,1277,43.7,926,969,921,1022,919,1074,919,1126,929,1173,950,1211,983,1240,1025,1261,1077,1271,1133,1270,1190,1261,1244,1245,1285,1216,1313,1174,1329,1123,1343,1068,1356,1012,957,892,977,860,1013,847,1052,849,1087,864,1152,870,1194,861,1238,867,1277,887,1298,925,1113,911,1107,933,1100,955,1092,979,1050,1030,1069,1036,1090,1041,1114,1041,1138,1041,993,934,1014,919,1040,919,1061,935,1038,936,1013,936,1171,944,1198,931,1225,937,1248,958,1221,955,1194,950,1008,1115,1037,1087,1065,1073,1083,1079,1102,1078,1135,1099,1175,1132,1133,1142,1098,1141,1078,1139,1058,1135,1033,1131,1022,1112,1063,1097,1081,1101,1101,1103,1160,1128,1101,1118,1081,1116,1061,1113
1312,h,1,1,881,831,1327,1277,43.733333333333334,926,964,921,1017,920,1069,919,1121,926,1169,947,1208,979,1237,1021,1256,1073,1266,1130,1265,1186,1258,1240,1244,1281,1217,1309,1175,1325,1125,1340,1070,1353,1013,958,895,976,861,1011,845,1050,846,1085,861,1151,868,1194,859,1239,866,1277,890,1296,930,1112,912,1106,934,1099,954,1092,977,1050,1029,1069,1035,1090,1040,1115,1039,1138,1038,994,934,1015,919,1039,919,1061,935,1038,937,1014,937,1169,944,1196,931,1222,937,1245,957,1219,955,1193,950,1009,1117,1039,1089,1065,1074,1083,1080,1103,1080,1133,1099,1171,1133,1130,1138,1098,1134,1078,1132,1058,1128,1034,1126,1023,1114,1063,1099,1081,1102,1101,1104,1155,1128,1100,1110,1081,1108,1062,1105
1313,h,1,1,881,831,1327,1277,43.766666666666666,926,964,921,1017,920,1069,919,1121,926,1169,947,1208,979,1237,1021,1256,1073,1266,1130,1265,1186,1258,1240,1244,1281,1217,1309,1175,1325,1125,1340,1070,1353,1013,958,895,976,861,1011,845,1050,846,1085,861,1151,868,1194,859,1239,866,1277,890,1296,930,1112,912,1106,934,1099,954,1092,977,1050,1029,1069,1035,1090,1040,1115,1039,1138,1038,994,934,1015,919,1039,919,1061,935,1038,937,1014,937,1169,944,1196,931,1222,937,1245,957,1219,955,1193,950,1009,1117,1039,1089,1065,1074,1083,1080,1103,1080,1133,1099,1171,1133,1130,1138,1098,1134,1078,1132,1058,1128,1034,1126,1023,1114,1063,1099,1081,1102,1101,1104,1155,1128,1100,1110,1081,1108,1062,1105
1314,h,1,1,881,831,1327,1277,43.8,921,956,918,1010,918,1064,918,1116,925,1164,946,1204,980,1233,1024,1252,1076,1261,1132,1261,1190,1254,1243,1239,1284,1211,1309,1168,1325,1117,1339,1063,1353,1005,936,890,961,856,1001,844,1046,847,1084,865,1147,872,1192,862,1238,866,1280,887,1301,928,1109,913,1104,936,1098,958,1092,982,1047,1034,1068,1039,1089,1044,1113,1044,1137,1043,975,929,1002,916,1030,917,1056,936,1028,937,999,937,1168,946,1198,932,1226,938,1250,957,1223,957,1195,952,1008,1115,1039,1090,1065,1077,1083,1083,1103,1081,1133,1101,1170,1132,1130,1138,1098,1136,1077,1135,1057,1131,1034,1128,1022,1113,1062,1102,1081,1105,1101,1106,1155,1127,1101,1112,1081,1109,1062,1106
1315,h,1,1,881,831,1327,1277,43.833333333333336,918,969,914,1023,915,1078,917,1131,927,1179,949,1218,981,1246,1023,1266,1073,1277,1129,1276,1187,1267,1240,1251,1281,1221,1308,1177,1323,1124,1335,1069,1348,1011,941,898,962,863,1001,849,1043,851,1081,867,1145,874,1188,863,1234,868,1274,889,1295,928,1106,918,1101,939,1096,960,1091,983,1047,1037,1067,1042,1089,1047,1112,1046,1135,1045,979,938,1004,923,1031,923,1055,943,1029,944,1001,944,1163,951,1191,936,1219,940,1243,961,1217,961,1189,957,1006,1122,1036,1094,1064,1080,1083,1085,1103,1084,1134,1104,1173,1137,1133,1147,1100,1146,1079,1146,1058,1143,1032,1138,1021,1119,1062,1104,1082,1107,1101,1108,1158,1132,1102,1123,1082,1122,1062,1119
1316,h,1,1,881,831,1327,1277,43.86666666666667,918,972,914,1022,915,1072,916,1122,925,1170,947,1208,983,1236,1025,1256,1074,1267,1130,1267,1189,1263,1243,1249,1282,1220,1308,1176,1323,1124,1336,1070,1348,1012,936,895,959,862,1000,850,1043,852,1081,869,1140,876,1182,864,1230,870,1271,890,1294,929,1104,918,1100,938,1096,959,1090,982,1047,1033,1067,1039,1088,1044,1112,1043,1136,1041,973,932,998,918,1027,919,1051,940,1024,941,996,940,1164,950,1192,934,1221,938,1244,958,1218,959,1190,955,1009,1118,1038,1091,1065,1077,1082,1083,1101,1082,1133,1103,1171,1135,1131,1146,1098,1144,1077,1142,1058,1139,1033,1133,1024,1116,1063,1101,1081,1104,1099,1106,1156,1130,1099,1122,1080,1120,1062,1117
1317,h,1,1,881,831,1327,1277,43.9,918,972,914,1022,915,1072,916,1122,925,1170,947,1208,983,1236,1025,1256,1074,1267,1130,1267,1189,1263,1243,1249,1282,1220,1308,1176,1323,1124,1336,1070,1348,1012,936,895,959,862,1000,850,1043,852,1081,869,1140,876,1182,864,1230,870,1271,890,1294,929,1104,918,1100,938,1096,959,1090,982,1047,1033,1067,1039,1088,1044,1112,1043,1136,1041,973,932,998,918,1027,919,1051,940,1024,941,996,940,1164,950,1192,934,1221,938,1244,958,1218,959,1190,955,1009,1118,1038,1091,1065,1077,1082,1083,1101,1082,1133,1103,1171,1135,1131,1146,1098,1144,1077,1142,1058,1139,1033,1133,1024,1116,1063,1101,1081,1104,1099,1106,1156,1130,1099,1122,1080,1120,1062,1117
1318,h,1,1,881,831,1327,1277,43.93333333333333,920,958,917,1012,917,1065,917,1118,924,1167,945,1205,979,1233,1023,1254,1077,1265,1136,1265,1195,1256,1249,1239,1289,1209,1314,1164,1329,1112,1342,1057,1354,1000,947,895,968,862,1006,849,1048,851,1085,867,1146,874,1189,862,1235,865,1275,885,1297,923,1108,913,1103,935,1097,957,1090,982,1047,1031,1067,1037,1088,1042,1113,1042,1138,1040,983,931,1006,919,1031,918,1054,933,1030,935,1005,936,1170,941,1196,929,1223,934,1246,951,1220,951,1193,947,1011,1117,1039,1090,1065,1075,1082,1082,1100,1080,1131,1101,1170,1132,1129,1136,1098,1133,1078,1132,1059,1129,1036,1126,1025,1114,1063,1102,1081,1106,1099,1107,1154,1127,1099,1109,1081,1107,1063,1105
1319,h,1,1,881,831,1327,1277,43.96666666666667,921,962,919,1018,918,1071,919,1124,928,1173,950,1211,984,1240,1026,1258,1078,1268,1134,1265,1190,1256,1244,1241,1286,1212,1312,1170,1327,1119,1340,1064,1353,1007,944,898,966,863,1004,848,1047,849,1084,864,1148,870,1190,861,1236,866,1277,888,1298,927,1110,916,1104,937,1097,958,1090,980,1049,1034,1069,1039,1089,1044,1113,1043,1137,1041,984,936,1007,921,1035,921,1059,940,1033,941,1006,941,1166,948,1194,933,1223,937,1247,957,1220,957,1192,953,1008,1118,1038,1089,1065,1075,1083,1081,1102,1078,1135,1099,1175,1132,1133,1141,1099,1139,1079,1139,1060,1136,1035,1132,1023,1115,1064,1101,1082,1104,1101,1105,1159,1128,1101,1117,1082,1116,1063,1114
1320,h,1,1,881,831,1327,1277,44.0,922,964,919,1019,918,1072,919,1123,928,1171,949,1209,983,1237,1025,1256,1074,1266,1130,1266,1187,1259,1240,1245,1282,1217,1309,1174,1325,1123,1340,1068,1354,1009,948,896,970,863,1007,849,1048,851,1084,867,1149,873,1190,863,1236,868,1275,890,1297,929,1109,918,1102,939,1095,959,1088,982,1047,1033,1066,1039,1087,1043,1112,1043,1136,1041,985,936,1008,920,1035,920,1058,941,1032,942,1006,941,1166,950,1193,933,1222,937,1246,959,1219,959,1191,955,1008,1119,1037,1090,1064,1075,1082,1081,1101,1079,1134,1100,1172,1135,1131,1143,1098,1142,1078,1141,1058,1138,1034,1134,1022,1116,1062,1102,1081,1105,1099,1106,1157,1130,1099,1120,1080,1118,1062,1116
1321,h,1,1,881,831,1327,1277,44.03333333333333,922,964,919,1019,918,1072,919,1123,928,1171,949,1209,983,1237,1025,1256,1074,1266,1130,1266,1187,1259,1240,1245,1282,1217,1309,1174,1325,1123,1340,1068,1354,1009,948,896,970,863,1007,849,1048,851,1084,867,1149,873,1190,863,1236,868,1275,890,1297,929,1109,918,1102,939,1095,959,1088,982,1047,1033,1066,1039,1087,1043,1112,1043,1136,1041,985,936,1008,920,1035,920,1058,941,1032,942,1006,941,1166,950,1193,933,1222,937,1246,959,1219,959,1191,955,1008,1119,1037,1090,1064,1075,1082,1081,1101,1079,1134,1100,1172,1135,1131,1143,1098,1142,1078,1141,1058,1138,1034,1134,1022,1116,1062,1102,1081,1105,1099,1106,1157,1130,1099,1120,1080,1118,1062,1116
1322,h,1,1,881,831,1327,1277,44.06666666666667,916,959,915,1015,917,1070,918,1124,926,1174,948,1212,983,1242,1027,1260,1080,1269,1136,1266,1193,1258,1246,1242,1287,1213,1313,1170,1328,1118,1341,1063,1354,1004,937,892,960,858,1000,845,1044,846,1082,863,1148,871,1191,861,1239,865,1280,886,1303,927,1108,916,1103,937,1097,959,1091,982,1047,1036,1068,1041,1089,1044,1114,1044,1138,1043,974,931,1001,918,1031,919,1056,938,1028,940,998,939,1165,948,1196,933,1225,938,1250,958,1222,960,1192,955,1005,1121,1037,1093,1065,1077,1084,1084,1105,1082,1137,1102,1175,1135,1135,1144,1101,1144,1080,1143,1058,1140,1032,1136,1020,1118,1063,1103,1083,1105,1104,1106,1159,1130,1104,1121,1083,1120,1062,1118
1323,h,1,1,881,831,1327,1277,44.1,924,958,920,1013,918,1066,919,1119,926,1169,946,1209,977,1239,1019,1260,1071,1272,1129,1271,1188,1261,1242,1245,1282,1215,1309,1172,1323,1121,1337,1065,1350,1008,950,897,968,861,1005,846,1045,848,1081,863,1151,871,1193,862,1237,866,1275,888,1293,928,1109,915,1103,937,1096,958,1089,982,1048,1033,1067,1039,1088,1044,1113,1043,1137,1041,988,935,1011,920,1037,920,1058,938,1035,941,1009,940,1167,949,1193,934,1221,938,1242,959,1218,959,1191,955,1007,1119,1037,1091,1064,1077,1082,1084,1101,1082,1133,1101,1171,1134,1130,1142,1097,1140,1077,1139,1057,1136,1032,1133,1022,1116,1062,1103,1080,1105,1100,1107,1155,1129,1099,1117,1080,1115,1061,1112
1324,h,1,1,881,831,1327,1277,44.13333333333333,924,960,919,1015,918,1070,918,1122,928,1170,947,1210,980,1239,1022,1257,1074,1265,1130,1263,1187,1256,1241,1242,1283,1214,1310,1171,1324,1120,1336,1064,1348,1007,952,895,971,861,1008,847,1049,850,1084,866,1147,875,1187,863,1232,866,1272,886,1293,926,1108,913,1102,936,1096,957,1090,981,1048,1033,1068,1039,1089,1044,1113,1043,1138,1041,989,934,1010,919,1035,919,1057,935,1034,936,1009,937,1169,942,1195,929,1221,935,1243,954,1218,952,1192,947,1009,1119,1039,1091,1066,1076,1084,1082,1103,1080,1133,1101,1169,1134,1129,1137,1099,1135,1078,1134,1058,1131,1034,1129,1023,1116,1064,1103,1083,1106,1102,1107,1154,1129,1101,1109,1081,1108,1063,1106
1325,h,1,1,881,831,1327,1277,44.166666666666664,924,960,919,1015,918,1070,918,1122,928,1170,947,1210,980,1239,1022,1257,1074,1265,1130,1263,1187,1256,1241,1242,1283,1214,1310,1171,1324,1120,1336,1064,1348,1007,952,895,971,861,1008,847,1049,850,1084,866,1147,875,1187,863,1232,866,1272,886,1293,926,1108,913,1102,936,1096,957,1090,981,1048,1033,1068,1039,1089,1044,1113,1043,1138,1041,989,934,1010,919,1035,919,1057,935,1034,936,1009,937,1169,942,1195,929,1221,935,1243,954,1218,952,1192,947,1009,1119,1039,1091,1066,1076,1084,1082,1103,1080,1133,1101,1169,1134,1129,1137,1099,1135,1078,1134,1058,1131,1034,1129,1023,1116,1064,1103,1083,1106,1102,1107,1154,1129,1101,1109,1081,1108,1063,1106
1326,h,1,1,881,831,1327,1277,44.2,925,960,919,1012,918,1064,918,1115,926,1166,946,1206,979,1236,1019,1258,1068,1269,1124,1269,1182,1262,1235,1247,1278,1217,1306,1174,1322,1123,1335,1067,1348,1008,948,892,970,860,1007,847,1047,850,1083,866,1146,873,1186,863,1230,867,1269,887,1292,925,1107,916,1101,937,1095,958,1088,981,1049,1036,1068,1041,1087,1045,1111,1045,1134,1043,984,933,1008,918,1036,918,1060,937,1034,938,1007,938,1163,947,1191,931,1219,936,1242,957,1216,957,1188,953,1006,1117,1037,1089,1065,1076,1083,1082,1103,1080,1135,1100,1172,1134,1132,1144,1098,1145,1078,1144,1057,1140,1033,1133,1022,1115,1063,1102,1082,1105,1101,1106,1157,1129,1100,1121,1081,1119,1061,1116
1327,h,1,1,881,831,1327,1277,44.233333333333334,923,958,918,1011,917,1065,917,1117,924,1167,944,1208,977,1239,1022,1259,1074,1269,1131,1269,1189,1263,1242,1247,1284,1219,1311,1176,1326,1123,1339,1067,1352,1009,954,895,972,862,1009,847,1049,850,1085,865,1152,872,1194,862,1239,868,1278,889,1298,928,1110,914,1104,936,1097,957,1090,980,1049,1032,1068,1037,1088,1042,1114,1041,1138,1040,990,935,1012,920,1038,920,1061,937,1037,938,1011,938,1170,945,1198,932,1225,937,1248,958,1221,956,1194,951,1009,1118,1039,1090,1067,1075,1084,1082,1104,1080,1135,1100,1173,1134,1132,1140,1100,1138,1079,1137,1059,1133,1035,1130,1024,1115,1064,1101,1083,1104,1103,1106,1157,1129,1102,1113,1082,1111,1063,1109
1328,h,1,1,881,831,1327,1277,44.266666666666666,923,958,918,1011,917,1065,917,1117,924,1167,944,1208,977,1239,1022,1259,1074,1269,1131,1269,1189,1263,1242,1247,1284,1219,1311,1176,1326,1123,1339,1067,1352,1009,954,895,972,862,1009,847,1049,850,1085,865,1152,872,1194,862,1239,868,1278,889,1298,928,1110,914,1104,936,1097,957,1090,980,1049,1032,1068,1037,1088,1042,1114,1041,1138,1040,990,935,1012,920,1038,920,1061,937,1037,938,1011,938,1170,945,1198,932,1225,937,1248,958,1221,956,1194,951,1009,1118,1039,1090,1067,1075,1084,1082,1104,1080,1135,1100,1173,1134,1132,1140,1100,1138,1079,1137,1059,1133,1035,1130,1024,1115,1064,1101,1083,1104,1103,1106,1157,1129,1102,1113,1082,1111,1063,1109
1329,h,1,1,881,831,1327,1277,44.3,923,960,919,1015,919,1069,919,1121,928,1171,949,1211,983,1241,1025,1262,1074,1271,1129,1270,1186,1262,1239,1246,1281,1218,1308,1175,1324,1124,1338,1068,1352,1010,947,896,968,862,1007,848,1048,851,1084,867,1147,873,1189,863,1235,868,1274,890,1295,928,1109,920,1104,941,1098,960,1091,983,1050,1035,1069,1040,1090,1045,1114,1044,1137,1043,986,937,1010,922,1037,922,1060,942,1035,943,1008,942,1166,950,1194,935,1221,940,1244,960,1218,960,1191,956,1008,1118,1038,1091,1067,1079,1085,1085,1104,1083,1135,1102,1172,1133,1132,1145,1099,1146,1079,1145,1059,1142,1032,1136,1023,1116,1065,1103,1083,1106,1102,1107,1157,1129,1101,1122,1082,1121,1063,1119
1330,h,1,1,881,831,1327,1277,44.333333333333336,918,959,915,1014,915,1068,916,1121,925,1169,946,1208,980,1238,1023,1258,1074,1268,1132,1268,1191,1261,1245,1245,1286,1217,1313,1174,1328,1122,1342,1066,1354,1007,936,889,960,858,1000,846,1044,849,1083,865,1151,873,1194,863,1240,867,1281,887,1305,924,1108,918,1103,940,1097,961,1091,985,1046,1035,1067,1041,1089,1046,1114,1045,1138,1044,975,932,1001,918,1031,920,1055,940,1028,942,999,940,1170,950,1199,935,1229,940,1253,961,1226,962,1196,958,1006,1121,1037,1093,1066,1079,1084,1086,1104,1084,1136,1105,1175,1138,1133,1147,1100,1145,1078,1143,1058,1140,1032,1136,1022,1119,1063,1105,1083,1109,1102,1111,1158,1134,1102,1120,1082,1117,1062,1114
1331,h,1,1,881,831,1327,1277,44.36666666666667,916,957,913,1012,913,1067,915,1120,924,1169,946,1209,981,1238,1025,1257,1077,1266,1134,1266,1194,1258,1247,1242,1288,1214,1313,1171,1329,1119,1343,1064,1356,1006,935,892,958,857,998,844,1042,846,1082,865,1149,874,1193,862,1241,865,1283,886,1307,926,1107,919,1102,940,1097,961,1091,983,1048,1037,1069,1042,1090,1046,1114,1045,1138,1044,972,934,1000,920,1030,922,1054,942,1026,944,997,943,1168,951,1198,936,1228,941,1253,961,1225,962,1195,958,1004,1121,1036,1092,1065,1078,1084,1084,1104,1082,1136,1102,1174,1136,1133,1146,1099,1147,1078,1146,1057,1143,1031,1137,1020,1119,1062,1103,1082,1106,1102,1107,1158,1132,1102,1123,1081,1122,1061,1118
1332,h,1,1,881,831,1327,1277,44.4,916,957,913,1012,913,1067,915,1120,924,1169,946,1209,981,1238,1025,1257,1077,1266,1134,1266,1194,1258,1247,1242,1288,1214,1313,1171,1329,1119,1343,1064,1356,1006,935,892,958,857,998,844,1042,846,1082,865,1149,874,1193,862,1241,865,1283,886,1307,926,1107,919,1102,940,1097,961,1091,983,1048,1037,1069,1042,1090,1046,1114,1045,1138,1044,972,934,1000,920,1030,922,1054,942,1026,944,997,943,1168,951,1198,936,1228,941,1253,961,1225,962,1195,958,1004,1121,1036,1092,1065,1078,1084,1084,1104,1082,1136,1102,1174,1136,1133,1146,1099,1147,1078,1146,1057,1143,1031,1137,1020,1119,1062,1103,1082,1106,1102,1107,1158,1132,1102,1123,1081,1122,1061,1118
1333,h,1,1,881,831,1327,1277,44.43333333333333,917,963,914,1017,914,1071,917,1123,927,1172,949,1211,984,1242,1027,1261,1079,1270,1135,1269,1192,1260,1244,1244,1285,1216,1312,1173,1328,1122,1342,1067,1355,1009,934,891,957,855,998,842,1044,845,1085,863,1154,873,1197,861,1245,865,1285,886,1307,927,1111,918,1106,939,1101,959,1095,982,1051,1033,1072,1039,1092,1044,1117,1044,1140,1043,972,932,999,919,1030,920,1055,940,1027,942,997,941,1172,952,1202,936,1232,941,1256,962,1229,963,1199,959,1007,1120,1039,1091,1068,1078,1086,1084,1106,1083,1139,1103,1178,1136,1137,1147,1102,1147,1081,1145,1060,1142,1034,1137,1022,1118,1066,1103,1085,1106,1104,1108,1162,1132,1104,1123,1084,1121,1064,1119
1334,h,1,1,881,831,1327,1277,44.46666666666667,914,967,912,1021,913,1075,916,1127,927,1175,949,1213,985,1242,1029,1260,1081,1270,1138,1271,1195,1265,1246,1248,1284,1218,1309,1174,1324,1122,1338,1067,1350,1008,929,895,951,858,993,843,1039,843,1080,862,1148,870,1193,859,1241,864,1282,886,1304,927,1108,918,1104,938,1100,958,1096,980,1051,1034,1072,1039,1093,1044,1117,1043,1140,1042,968,935,995,921,1025,921,1050,939,1022,942,993,941,1169,950,1199,936,1229,942,1253,962,1226,961,1196,957,1007,1121,1038,1091,1068,1076,1088,1083,1108,1081,1142,1103,1179,1137,1139,1149,1104,1149,1083,1147,1061,1143,1033,1137,1022,1118,1066,1102,1086,1105,1106,1107,1163,1132,1106,1123,1086,1121,1065,1118
1335,h,1,1,881,831,1327,1277,44.5,929,956,924,1010,921,1063,921,1116,929,1166,949,1206,981,1237,1023,1260,1074,1271,1132,1270,1191,1263,1245,1247,1286,1218,1314,1175,1329,1123,1344,1067,1358,1009,952,889,973,857,1011,844,1053,847,1089,864,1159,872,1203,863,1249,869,1289,890,1309,930,1116,919,1109,939,1103,959,1096,981,1053,1032,1073,1038,1093,1044,1118,1044,1142,1042,990,933,1014,919,1042,919,1065,939,1039,940,1012,939,1174,949,1203,935,1232,941,1255,961,1228,962,1199,957,1009,1116,1039,1088,1069,1076,1087,1083,1107,1082,1139,1101,1178,1134,1136,1146,1102,1146,1081,1144,1060,1140,1034,1135,1024,1114,1067,1101,1086,1105,1105,1107,1161,1130,1104,1122,1084,1119,1065,1117
1336,h,1,1,881,831,1327,1277,44.53333333333333,929,956,924,1010,921,1063,921,1116,929,1166,949,1206,981,1237,1023,1260,1074,1271,1132,1270,1191,1263,1245,1247,1286,1218,1314,1175,1329,1123,1344,1067,1358,1009,952,889,973,857,1011,844,1053,847,1089,864,1159,872,1203,863,1249,869,1289,890,1309,930,1116,919,1109,939,1103,959,1096,981,1053,1032,1073,1038,1093,1044,1118,1044,1142,1042,990,933,1014,919,1042,919,1065,939,1039,940,1012,939,1174,949,1203,935,1232,941,1255,961,1228,962,1199,957,1009,1116,1039,1088,1069,1076,1087,1083,1107,1082,1139,1101,1178,1134,1136,1146,1102,1146,1081,1144,1060,1140,1034,1135,1024,1114,1067,1101,1086,1105,1105,1107,1161,1130,1104,1122,1084,1119,1065,1117
1337,h,1,1,881,831,1327,1277,44.56666666666667,927,955,923,1010,920,1063,920,1116,927,1166,947,1205,981,1235,1024,1255,1074,1265,1131,1264,1189,1258,1244,1245,1286,1218,1313,1175,1328,1123,1342,1066,1355,1007,956,898,974,863,1011,847,1051,848,1087,863,1155,871,1198,862,1245,868,1285,891,1303,934,1114,916,1108,937,1102,958,1095,981,1054,1032,1073,1037,1093,1042,1118,1042,1142,1042,991,935,1014,921,1040,921,1062,938,1038,939,1012,939,1175,947,1203,934,1229,939,1252,959,1226,959,1199,954,1012,1118,1042,1091,1068,1078,1087,1084,1107,1083,1139,1101,1177,1136,1136,1142,1102,1139,1082,1137,1061,1134,1037,1132,1026,1115,1067,1103,1086,1106,1106,1107,1162,1130,1104,1115,1084,1113,1065,1110
1338,h,1,1,881,831,1327,1277,44.6,920,954,918,1008,918,1062,919,1116,926,1167,947,1208,981,1239,1024,1260,1077,1271,1135,1271,1192,1263,1245,1245,1286,1216,1313,1171,1330,1119,1345,1062,1359,1001,937,893,960,859,1001,847,1045,848,1086,865,1153,873,1198,864,1245,869,1286,890,1308,930,1111,916,1106,938,1101,960,1094,983,1051,1033,1071,1039,1092,1044,1117,1043,1140,1042,977,930,1003,917,1032,918,1057,935,1029,938,1000,938,1171,946,1202,933,1231,940,1255,959,1228,959,1198,954,1009,1119,1040,1091,1067,1077,1086,1084,1106,1082,1137,1103,1176,1136,1135,1145,1102,1143,1080,1141,1059,1137,1035,1133,1025,1116,1065,1103,1084,1106,1104,1108,1159,1131,1104,1118,1083,1116,1063,1112
1339,h,1,1,881,831,1327,1277,44.63333333333333,921,953,919,1008,919,1061,919,1114,926,1164,945,1206,980,1236,1025,1256,1078,1265,1134,1263,1192,1256,1247,1241,1288,1212,1316,1167,1332,1114,1346,1056,1360,996,938,890,962,857,1002,845,1046,848,1085,866,1149,875,1193,862,1240,864,1284,883,1308,921,1111,914,1106,936,1100,956,1095,980,1053,1032,1071,1037,1091,1042,1115,1042,1139,1041,976,930,1002,918,1030,919,1055,935,1028,937,1000,937,1172,944,1202,932,1230,937,1254,955,1227,956,1199,952,1012,1117,1042,1090,1069,1075,1086,1082,1106,1080,1135,1100,1174,1133,1133,1140,1101,1138,1081,1137,1061,1133,1037,1131,1027,1115,1067,1102,1085,1105,1104,1106,1158,1128,1104,1114,1084,1111,1066,1109
1340,h,1,1,881,831,1327,1277,44.666666666666664,921,953,919,1008,919,1061,919,1114,926,1164,945,1206,980,1236,1025,1256,1078,1265,1134,1263,1192,1256,1247,1241,1288,1212,1316,1167,1332,1114,1346,1056,1360,996,938,890,962,857,1002,845,1046,848,1085,866,1149,875,1193,862,1240,864,1284,883,1308,921,1111,914,1106,936,1100,956,1095,980,1053,1032,1071,1037,1091,1042,1115,1042,1139,1041,976,930,1002,918,1030,919,1055,935,1028,937,1000,937,1172,944,1202,932,1230,937,1254,955,1227,956,1199,952,1012,1117,1042,1090,1069,1075,1086,1082,1106,1080,1135,1100,1174,1133,1133,1140,1101,1138,1081,1137,1061,1133,1037,1131,1027,1115,1067,1102,1085,1105,1104,1106,1158,1128,1104,1114,1084,1111,1066,1109
1341,h,1,1,881,831,1327,1277,44.7,930,959,924,1012,919,1066,919,1119,928,1168,949,1209,982,1240,1023,1261,1073,1273,1129,1273,1189,1265,1244,1250,1287,1220,1316,1177,1334,1126,1348,1071,1362,1014,951,891,973,858,1010,845,1050,848,1085,866,1154,874,1197,862,1244,867,1285,888,1308,928,1111,919,1104,940,1097,959,1089,981,1051,1035,1070,1040,1090,1044,1114,1044,1138,1044,987,937,1010,922,1038,922,1063,941,1035,943,1008,942,1173,950,1201,935,1230,941,1254,961,1226,960,1198,955,1009,1118,1039,1090,1067,1076,1085,1081,1105,1079,1138,1100,1178,1133,1136,1146,1102,1145,1081,1145,1061,1142,1035,1136,1024,1116,1065,1101,1084,1104,1103,1105,1163,1129,1104,1121,1084,1118,1065,1116
1342,h,1,1,881,831,1327,1277,44.733333333333334,928,960,924,1012,923,1065,922,1117,928,1167,949,1205,984,1233,1028,1253,1078,1265,1136,1265,1194,1259,1249,1245,1288,1216,1314,1173,1329,1121,1343,1065,1356,1007,944,894,966,859,1005,845,1048,847,1085,866,1151,874,1193,860,1240,865,1280,887,1303,926,1112,915,1107,936,1101,956,1095,979,1052,1031,1072,1037,1093,1041,1117,1041,1141,1040,981,930,1006,917,1035,918,1061,937,1032,939,1004,938,1169,947,1198,932,1227,937,1251,957,1224,957,1195,953,1011,1116,1042,1089,1070,1075,1087,1081,1106,1080,1138,1100,1176,1133,1136,1143,1104,1140,1083,1139,1064,1135,1038,1131,1027,1113,1068,1100,1086,1103,1105,1105,1161,1129,1106,1118,1086,1116,1068,1114
1343,h,1,1,881,831,1327,1277,44.766666666666666,928,960,924,1012,923,1065,922,1117,928,1167,949,1205,984,1233,1028,1253,1078,1265,1136,1265,1194,1259,1249,1245,1288,1216,1314,1173,1329,1121,1343,1065,1356,1007,944,894,966,859,1005,845,1048,847,1085,866,1151,874,1193,860,1240,865,1280,887,1303,926,1112,915,1107,936,1101,956,1095,979,1052,1031,1072,1037,1093,1041,1117,1041,1141,1040,981,930,1006,917,1035,918,1061,937,1032,939,1004,938,1169,947,1198,932,1227,937,1251,957,1224,957,1195,953,1011,1116,1042,1089,1070,1075,1087,1081,1106,1080,1138,1100,1176,1133,1136,1143,1104,1140,1083,1139,1064,1135,1038,1131,1027,1113,1068,1100,1086,1103,1105,1105,1161,1129,1106,1118,1086,1116,1068,1114
1344,h,1,1,881,831,1327,1277,44.8,923,971,920,1022,921,1072,921,1121,929,1168,950,1207,985,1234,1026,1254,1077,1265,1132,1266,1191,1261,1244,1247,1285,1220,1310,1179,1326,1129,1340,1076,1354,1021,947,898,967,863,1005,849,1047,850,1084,866,1151,874,1194,864,1241,870,1281,892,1303,933,1113,919,1107,939,1101,958,1094,980,1053,1034,1073,1039,1093,1043,1117,1043,1141,1042,984,936,1008,919,1037,920,1061,943,1034,944,1006,942,1171,952,1200,935,1229,939,1252,962,1226,962,1197,958,1010,1117,1041,1089,1069,1075,1087,1081,1106,1079,1137,1100,1176,1135,1135,1143,1103,1141,1082,1140,1062,1137,1037,1132,1025,1115,1067,1100,1086,1103,1105,1105,1160,1130,1104,1119,1085,1117,1066,1115
1345,h,1,1,881,831,1327,1277,44.833333333333336,923,963,919,1016,919,1068,920,1118,928,1166,950,1205,985,1233,1028,1253,1079,1264,1135,1263,1193,1256,1246,1242,1286,1215,1312,1172,1327,1121,1341,1066,1353,1008,938,896,962,860,1002,847,1046,849,1085,867,1150,875,1194,863,1243,869,1285,890,1306,932,1111,919,1105,940,1100,960,1094,982,1051,1034,1071,1040,1091,1044,1116,1044,1140,1043,976,933,1003,920,1033,921,1059,942,1030,944,999,943,1166,952,1197,936,1228,941,1253,960,1225,963,1194,959,1012,1117,1041,1090,1069,1076,1085,1082,1104,1080,1137,1102,1176,1134,1135,1146,1101,1146,1081,1144,1062,1140,1037,1134,1027,1114,1066,1101,1084,1105,1102,1106,1160,1129,1103,1122,1084,1119,1066,1116
1346,h,1,1,881,831,1327,1277,44.86666666666667,926,969,922,1023,921,1075,922,1125,930,1173,951,1210,984,1237,1025,1256,1075,1267,1131,1267,1190,1263,1243,1249,1284,1222,1311,1179,1328,1127,1342,1072,1356,1014,953,894,973,861,1010,848,1050,850,1084,866,1152,873,1195,862,1241,868,1280,890,1300,930,1111,919,1105,940,1099,960,1093,982,1050,1033,1070,1039,1090,1044,1115,1043,1139,1043,988,938,1011,922,1038,922,1061,942,1036,943,1010,943,1171,951,1198,936,1226,942,1250,962,1223,962,1195,957,1012,1118,1041,1089,1067,1076,1084,1082,1104,1081,1136,1101,1174,1135,1133,1143,1100,1141,1079,1139,1060,1135,1036,1132,1028,1115,1064,1103,1083,1106,1102,1108,1157,1130,1102,1116,1082,1113,1064,1110
1347,h,1,1,881,831,1327,1277,44.9,926,969,922,1023,921,1075,922,1125,930,1173,951,1210,984,1237,1025,1256,1075,1267,1131,1267,1190,1263,1243,1249,1284,1222,1311,1179,1328,1127,1342,1072,1356,1014,953,894,973,861,1010,848,1050,850,1084,866,1152,873,1195,862,1241,868,1280,890,1300,930,1111,919,1105,940,1099,960,1093,982,1050,1033,1070,1039,1090,1044,1115,1043,1139,1043,988,938,1011,922,1038,922,1061,942,1036,943,1010,943,1171,951,1198,936,1226,942,1250,962,1223,962,1195,957,1012,1118,1041,1089,1067,1076,1084,1082,1104,1081,1136,1101,1174,1135,1133,1143,1100,1141,1079,1139,1060,1135,1036,1132,1028,1115,1064,1103,1083,1106,1102,1108,1157,1130,1102,1116,1082,1113,1064,1110
1348,h,1,1,881,831,1327,1277,44.93333333333333,927,971,922,1024,921,1076,922,1127,932,1173,953,1210,987,1237,1029,1256,1077,1267,1132,1267,1188,1262,1241,1248,1281,1222,1310,1182,1327,1132,1339,1076,1352,1020,951,895,971,862,1007,848,1048,849,1083,866,1149,872,1191,862,1236,868,1275,889,1296,927,1109,919,1104,939,1098,958,1091,980,1050,1033,1070,1039,1090,1044,1114,1043,1138,1042,989,938,1012,922,1038,921,1061,941,1036,942,1010,942,1166,950,1194,936,1221,941,1245,962,1218,961,1190,956,1010,1117,1040,1089,1067,1076,1084,1082,1103,1080,1136,1101,1175,1134,1134,1145,1100,1144,1080,1142,1061,1139,1036,1134,1025,1115,1065,1102,1083,1105,1101,1106,1159,1129,1102,1121,1083,1118,1064,1116
1349,h,1,1,881,831,1327,1277,44.96666666666667,928,958,924,1011,922,1064,921,1116,928,1165,947,1204,982,1233,1025,1253,1078,1265,1136,1266,1195,1259,1249,1245,1289,1216,1314,1172,1329,1121,1343,1066,1356,1008,945,895,966,858,1005,841,1049,843,1086,861,1147,868,1192,858,1240,865,1282,888,1301,930,1110,916,1105,937,1100,958,1094,981,1051,1031,1071,1037,1091,1043,1115,1042,1139,1041,982,932,1007,918,1035,919,1059,938,1033,940,1004,939,1169,948,1199,935,1227,940,1251,960,1224,960,1195,955,1013,1117,1042,1090,1068,1076,1085,1082,1105,1081,1136,1103,1174,1136,1134,1145,1101,1142,1080,1141,1062,1137,1038,1132,1029,1115,1066,1100,1084,1104,1103,1106,1159,1131,1103,1119,1084,1117,1066,1114
1350,h,1,1,881,831,1327,1277,45.0,918,969,914,1023,914,1077,916,1129,927,1177,950,1214,986,1240,1028,1258,1078,1272,1135,1272,1193,1267,1244,1252,1284,1223,1312,1180,1328,1128,1341,1072,1353,1013,938,896,960,859,1001,843,1046,845,1084,865,1149,871,1193,859,1240,864,1281,886,1302,928,1111,918,1107,938,1102,958,1097,980,1051,1033,1072,1039,1093,1043,1117,1043,1141,1042,976,934,1004,919,1033,919,1058,941,1030,942,1001,941,1166,951,1198,935,1228,940,1253,962,1225,962,1194,958,1009,1117,1040,1089,1069,1075,1087,1081,1107,1080,1140,1101,1180,1135,1138,1149,1104,1148,1083,1146,1062,1142,1036,1135,1025,1115,1066,1100,1086,1103,1105,1105,1164,1131,1106,1124,1086,1121,1066,1118
1351,h,1,1,881,831,1327,1277,45.03333333333333,918,969,914,1023,914,1077,916,1129,927,1177,950,1214,986,1240,1028,1258,1078,1272,1135,1272,1193,1267,1244,1252,1284,1223,1312,1180,1328,1128,1341,1072,1353,1013,938,896,960,859,1001,843,1046,845,1084,865,1149,871,1193,859,1240,864,1281,886,1302,928,1111,918,1107,938,1102,958,1097,980,1051,1033,1072,1039,1093,1043,1117,1043,1141,1042,976,934,1004,919,1033,919,1058,941,1030,942,1001,941,1166,951,1198,935,1228,940,1253,962,1225,962,1194,958,1009,1117,1040,1089,1069,1075,1087,1081,1107,1080,1140,1101,1180,1135,1138,1149,1104,1148,1083,1146,1062,1142,1036,1135,1025,1115,1066,1100,1086,1103,1105,1105,1164,1131,1106,1124,1086,1121,1066,1118
1352,h,1,1,881,831,1327,1277,45.06666666666667,926,960,922,1013,919,1065,919,1118,927,1168,947,1209,979,1241,1020,1264,1072,1276,1129,1275,1188,1265,1242,1247,1285,1217,1314,1173,1331,1121,1344,1066,1357,1009,954,900,973,866,1009,852,1048,854,1083,868,1150,874,1194,865,1240,871,1280,892,1302,931,1109,919,1102,941,1095,963,1087,987,1049,1038,1067,1044,1088,1048,1112,1047,1136,1044,990,939,1012,925,1038,924,1061,941,1037,943,1011,943,1170,948,1198,935,1225,940,1248,959,1221,958,1194,954,1007,1121,1036,1093,1064,1079,1082,1085,1103,1083,1135,1102,1174,1136,1132,1146,1098,1146,1077,1145,1057,1142,1032,1138,1022,1119,1062,1103,1081,1106,1101,1107,1158,1131,1101,1124,1080,1122,1061,1120
1353,h,1,1,881,831,1327,1277,45.1,921,954,918,1008,917,1062,918,1116,926,1166,946,1208,980,1238,1022,1260,1074,1271,1131,1271,1191,1262,1245,1245,1287,1216,1313,1171,1328,1119,1342,1063,1355,1002,943,890,966,858,1004,846,1046,850,1083,866,1149,874,1191,864,1236,868,1276,887,1298,924,1109,916,1103,939,1098,960,1091,984,1049,1035,1069,1041,1089,1046,1113,1046,1136,1044,981,929,1006,919,1033,920,1056,934,1030,936,1003,936,1169,944,1197,934,1224,940,1247,957,1221,957,1194,952,1011,1119,1039,1092,1065,1078,1083,1084,1103,1082,1133,1103,1171,1136,1130,1142,1098,1140,1077,1139,1057,1135,1034,1132,1026,1117,1063,1102,1082,1105,1101,1107,1154,1131,1101,1116,1081,1114,1061,1111
1354,h,1,1,881,831,1327,1277,45.13333333333333,921,962,918,1016,918,1069,919,1122,928,1173,950,1212,984,1241,1028,1260,1080,1270,1136,1268,1194,1261,1247,1245,1288,1215,1313,1170,1328,1118,1340,1063,1353,1004,945,894,967,862,1004,850,1045,853,1081,870,1148,877,1190,866,1235,870,1275,890,1297,927,1108,919,1102,940,1095,962,1088,985,1049,1036,1068,1042,1088,1047,1113,1046,1137,1044,982,937,1006,923,1033,924,1057,942,1031,944,1004,943,1166,950,1194,935,1223,939,1247,959,1220,960,1192,956,1009,1120,1039,1092,1066,1077,1084,1083,1103,1081,1135,1101,1174,1135,1133,1145,1100,1144,1080,1143,1061,1140,1035,1135,1024,1118,1065,1102,1083,1105,1102,1106,1158,1131,1102,1122,1083,1120,1064,1117
1355,h,1,1,881,831,1327,1277,45.166666666666664,921,962,918,1016,918,1069,919,1122,928,1173,950,1212,984,1241,1028,1260,1080,1270,1136,1268,1194,1261,1247,1245,1288,1215,1313,1170,1328,1118,1340,1063,1353,1004,945,894,967,862,1004,850,1045,853,1081,870,1148,877,1190,866,1235,870,1275,890,1297,927,1108,919,1102,940,1095,962,1088,985,1049,1036,1068,1042,1088,1047,1113,1046,1137,1044,982,937,1006,923,1033,924,1057,942,1031,944,1004,943,1166,950,1194,935,1223,939,1247,959,1220,960,1192,956,1009,1120,1039,1092,1066,1077,1084,1083,1103,1081,1135,1101,1174,1135,1133,1145,1100,1144,1080,1143,1061,1140,1035,1135,1024,1118,1065,1102,1083,1105,1102,1106,1158,1131,1102,1122,1083,1120,1064,1117
1356,h,1,1,881,831,1327,1277,45.2,927,958,922,1012,919,1066,920,1120,930,1170,950,1210,984,1241,1025,1261,1073,1272,1130,1270,1189,1262,1245,1246,1287,1217,1315,1173,1332,1122,1345,1065,1359,1006,952,895,973,863,1010,850,1051,853,1086,870,1149,876,1192,865,1239,870,1280,891,1300,932,1110,917,1103,939,1095,961,1087,985,1049,1037,1068,1042,1088,1046,1112,1046,1136,1044,990,934,1012,921,1038,921,1061,937,1036,938,1011,938,1168,946,1196,933,1223,938,1247,957,1220,956,1192,952,1009,1117,1037,1090,1064,1077,1082,1083,1103,1081,1135,1101,1174,1134,1132,1144,1098,1144,1077,1143,1057,1139,1033,1133,1023,1115,1062,1102,1081,1104,1101,1106,1158,1130,1101,1122,1080,1120,1060,1117
1357,h,1,1,881,831,1327,1277,45.233333333333334,924,967,919,1020,919,1072,920,1124,928,1172,949,1211,984,1241,1027,1261,1080,1272,1138,1270,1195,1262,1248,1246,1287,1217,1313,1172,1328,1121,1341,1065,1352,1008,949,895,969,862,1007,850,1048,852,1084,868,1148,875,1190,863,1236,867,1276,888,1297,928,1109,917,1104,938,1099,958,1093,981,1050,1034,1070,1040,1090,1045,1115,1044,1139,1043,985,936,1008,922,1035,922,1059,939,1034,940,1007,941,1167,948,1195,934,1223,939,1246,958,1219,958,1191,953,1010,1119,1040,1091,1067,1078,1084,1084,1103,1082,1136,1102,1176,1136,1134,1146,1100,1145,1080,1144,1060,1139,1036,1134,1025,1117,1065,1103,1083,1106,1102,1108,1160,1132,1102,1121,1083,1119,1064,1117
1358,h,1,1,881,831,1327,1277,45.266666666666666,924,967,919,1020,919,1072,920,1124,928,1172,949,1211,984,1241,1027,1261,1080,1272,1138,1270,1195,1262,1248,1246,1287,1217,1313,1172,1328,1121,1341,1065,1352,1008,949,895,969,862,1007,850,1048,852,1084,868,1148,875,1190,863,1236,867,1276,888,1297,928,1109,917,1104,938,1099,958,1093,981,1050,1034,1070,1040,1090,1045,1115,1044,1139,1043,985,936,1008,922,1035,922,1059,939,1034,940,1007,941,1167,948,1195,934,1223,939,1246,958,1219,958,1191,953,1010,1119,1040,1091,1067,1078,1084,1084,1103,1082,1136,1102,1176,1136,1134,1146,1100,1145,1080,1144,1060,1139,1036,1134,1025,1117,1065,1103,1083,1106,1102,1108,1160,1132,1102,1121,1083,1119,1064,1117
1359,h,1,1,881,831,1327,1277,45.3,925,966,920,1019,918,1071,919,1123,928,1172,949,1213,982,1243,1024,1263,1072,1273,1126,1270,1182,1263,1236,1249,1280,1223,1309,1181,1325,1130,1338,1072,1351,1014,954,901,973,869,1009,855,1048,858,1083,872,1144,876,1186,866,1232,872,1271,894,1292,932,1107,919,1100,941,1093,961,1086,985,1046,1036,1065,1042,1086,1047,1111,1045,1135,1043,989,941,1010,924,1037,924,1060,942,1035,944,1009,944,1163,950,1190,935,1219,940,1242,961,1216,960,1187,956,1008,1121,1036,1092,1062,1078,1080,1084,1099,1082,1131,1101,1170,1136,1129,1143,1096,1143,1076,1143,1057,1139,1033,1135,1023,1118,1061,1102,1079,1105,1098,1105,1155,1131,1098,1121,1079,1119,1060,1117
1360,h,1,1,881,831,1327,1277,45.333333333333336,922,969,920,1022,919,1073,918,1125,927,1174,948,1214,982,1243,1025,1264,1075,1274,1129,1272,1186,1264,1240,1249,1284,1220,1311,1176,1327,1125,1341,1068,1354,1010,951,903,969,869,1005,853,1044,855,1078,870,1144,875,1186,865,1231,871,1270,893,1292,932,1105,918,1099,940,1092,961,1085,985,1046,1037,1065,1043,1086,1047,1109,1046,1133,1045,989,940,1010,925,1036,924,1058,942,1034,943,1009,943,1165,948,1191,934,1218,939,1241,958,1215,957,1187,953,1006,1122,1035,1094,1063,1080,1081,1085,1100,1083,1133,1103,1172,1137,1131,1145,1097,1144,1076,1144,1056,1141,1031,1137,1020,1119,1061,1104,1080,1107,1098,1107,1157,1132,1098,1123,1079,1121,1060,1119
1361,h,1,1,881,831,1327,1277,45.36666666666667,922,965,918,1018,917,1070,917,1122,925,1172,946,1212,979,1242,1021,1264,1070,1274,1126,1273,1182,1265,1237,1251,1280,1223,1310,1181,1326,1129,1338,1073,1350,1015,954,903,972,869,1007,854,1046,856,1081,872,1144,878,1186,868,1231,873,1270,895,1291,934,1105,919,1099,940,1093,960,1085,982,1046,1034,1065,1040,1086,1045,1110,1044,1134,1042,989,939,1010,924,1036,923,1059,941,1034,942,1009,943,1164,949,1191,934,1219,940,1241,960,1215,960,1188,955,1007,1122,1036,1093,1062,1079,1079,1084,1097,1082,1128,1102,1167,1136,1125,1144,1092,1143,1074,1143,1055,1140,1031,1136,1021,1119,1060,1104,1078,1106,1095,1107,1152,1131,1094,1121,1077,1120,1059,1118
1362,h,1,1,881,831,1327,1277,45.4,922,965,918,1018,917,1070,917,1122,925,1172,946,1212,979,1242,1021,1264,1070,1274,1126,1273,1182,1265,1237,1251,1280,1223,1310,1181,1326,1129,1338,1073,1350,1015,954,903,972,869,1007,854,1046,856,1081,872,1144,878,1186,868,1231,873,1270,895,1291,934,1105,919,1099,940,1093,960,1085,982,1046,1034,1065,1040,1086,1045,1110,1044,1134,1042,989,939,1010,924,1036,923,1059,941,1034,942,1009,943,1164,949,1191,934,1219,940,1241,960,1215,960,1188,955,1007,1122,1036,1093,1062,1079,1079,1084,1097,1082,1128,1102,1167,1136,1125,1144,1092,1143,1074,1143,1055,1140,1031,1136,1021,1119,1060,1104,1078,1106,1095,1107,1152,1131,1094,1121,1077,1120,1059,1118
1363,h,1,1,881,831,1327,1277,45.43333333333333,926,963,920,1015,917,1066,917,1118,926,1166,946,1207,979,1240,1021,1262,1073,1273,1131,1272,1189,1264,1242,1249,1284,1220,1313,1177,1329,1125,1343,1069,1355,1011,952,892,973,862,1008,850,1046,853,1080,869,1146,874,1187,865,1232,870,1271,890,1294,926,1106,918,1100,939,1093,960,1086,983,1047,1036,1066,1041,1086,1045,1110,1045,1133,1044,989,937,1010,923,1035,923,1056,938,1033,940,1009,941,1168,946,1195,934,1222,939,1244,958,1218,957,1191,952,1011,1121,1038,1093,1063,1080,1080,1086,1099,1084,1132,1103,1170,1137,1129,1143,1095,1141,1076,1140,1057,1136,1033,1133,1026,1119,1062,1106,1079,1108,1098,1110,1154,1132,1097,1117,1079,1115,1061,1112
1364,h,1,1,881,831,1327,1277,45.46666666666667,925,966,919,1017,917,1068,917,1121,925,1170,946,1211,980,1240,1022,1260,1072,1271,1129,1270,1187,1262,1240,1247,1282,1219,1311,1177,1327,1127,1341,1071,1353,1014,950,895,971,862,1007,851,1046,855,1081,871,1146,877,1186,867,1230,871,1269,892,1292,929,1107,920,1101,941,1094,961,1087,983,1047,1034,1066,1041,1086,1046,1111,1045,1134,1044,987,937,1009,923,1035,923,1058,942,1033,944,1007,943,1165,952,1191,937,1219,942,1242,962,1216,963,1189,959,1007,1119,1035,1092,1063,1079,1080,1085,1098,1084,1131,1103,1170,1137,1128,1147,1093,1145,1074,1143,1055,1139,1031,1135,1022,1117,1061,1104,1079,1107,1096,1109,1154,1132,1096,1121,1078,1118,1059,1115
1365,h,1,1,881,831,1327,1277,45.5,920,971,916,1024,916,1076,917,1127,926,1175,948,1213,981,1239,1023,1257,1071,1267,1125,1268,1183,1261,1237,1248,1278,1220,1306,1178,1322,1128,1336,1072,1350,1013,940,896,962,862,1000,850,1042,853,1078,869,1146,874,1188,865,1234,870,1273,891,1295,930,1107,923,1101,943,1095,961,1089,982,1048,1035,1067,1040,1087,1045,1111,1044,1134,1044,980,938,1003,923,1031,923,1054,945,1028,946,1001,944,1165,953,1192,936,1221,941,1245,962,1218,964,1190,960,1006,1120,1036,1093,1063,1079,1081,1086,1101,1084,1133,1104,1170,1138,1130,1148,1096,1145,1076,1144,1056,1140,1031,1136,1021,1118,1061,1103,1080,1106,1099,1108,1154,1133,1098,1123,1079,1121,1060,1118
1366,h,1,1,881,831,1327,1277,45.53333333333333,920,971,916,1024,916,1076,917,1127,926,1175,948,1213,981,1239,1023,1257,1071,1267,1125,1268,1183,1261,1237,1248,1278,1220,1306,1178,1322,1128,1336,1072,1350,1013,940,896,962,862,1000,850,1042,853,1078,869,1146,874,1188,865,1234,870,1273,891,1295,930,1107,923,1101,943,1095,961,1089,982,1048,1035,1067,1040,1087,1045,1111,1044,1134,1044,980,938,1003,923,1031,923,1054,945,1028,946,1001,944,1165,953,1192,936,1221,941,1245,962,1218,964,1190,960,1006,1120,1036,1093,1063,1079,1081,1086,1101,1084,1133,1104,1170,1138,1130,1148,1096,1145,1076,1144,1056,1140,1031,1136,1021,1118,1061,1103,1080,1106,1099,1108,1154,1133,1098,1123,1079,1121,1060,1118
1367,h,1,1,881,831,1327,1277,45.56666666666667,924,971,919,1025,917,1078,918,1130,927,1179,949,1216,984,1244,1025,1263,1074,1273,1129,1272,1185,1264,1238,1250,1280,1222,1308,1179,1323,1128,1335,1071,1347,1013,954,902,973,870,1009,856,1049,858,1083,873,1145,880,1186,869,1232,873,1271,895,1293,933,1106,919,1100,941,1094,962,1087,985,1046,1038,1065,1043,1086,1048,1110,1048,1134,1046,987,939,1009,925,1035,924,1058,942,1033,943,1008,943,1164,950,1192,936,1220,940,1243,959,1217,959,1189,955,1007,1121,1037,1094,1062,1079,1081,1086,1100,1083,1132,1104,1171,1136,1129,1143,1096,1141,1076,1140,1056,1136,1032,1133,1021,1118,1061,1104,1080,1108,1099,1109,1155,1132,1098,1118,1079,1115,1059,1113
1368,h,1,1,881,831,1327,1277,45.6,923,967,917,1021,916,1074,917,1127,927,1176,948,1215,980,1245,1020,1267,1070,1278,1126,1278,1181,1270,1234,1255,1278,1225,1307,1181,1323,1127,1337,1070,1350,1010,950,894,969,863,1004,851,1043,854,1078,868,1147,874,1188,864,1232,868,1271,888,1293,925,1104,918,1098,940,1092,962,1086,986,1047,1038,1066,1043,1085,1047,1110,1047,1134,1046,985,937,1007,923,1033,922,1055,939,1031,941,1006,942,1164,947,1192,933,1220,938,1243,957,1217,958,1189,953,1006,1123,1035,1096,1063,1082,1081,1088,1100,1086,1133,1105,1170,1138,1129,1148,1094,1149,1074,1148,1055,1144,1030,1140,1020,1121,1061,1106,1079,1109,1098,1110,1156,1133,1097,1125,1077,1124,1059,1121
1369,h,1,1,881,831,1327,1277,45.63333333333333,921,974,917,1026,916,1077,917,1128,925,1177,946,1216,978,1245,1019,1267,1068,1278,1123,1278,1179,1271,1233,1257,1278,1230,1308,1186,1325,1133,1338,1076,1349,1017,952,900,970,867,1005,853,1045,855,1080,870,1144,877,1185,866,1230,871,1269,891,1290,928,1104,918,1099,940,1093,961,1087,985,1046,1038,1066,1044,1086,1048,1111,1047,1135,1045,987,939,1008,924,1033,923,1056,940,1031,942,1006,942,1164,948,1191,935,1218,939,1241,959,1215,958,1187,954,1005,1124,1035,1096,1063,1081,1081,1087,1101,1085,1132,1104,1171,1138,1128,1146,1095,1146,1074,1145,1054,1141,1030,1138,1019,1121,1061,1105,1080,1108,1099,1110,1155,1133,1097,1122,1078,1121,1058,1119
1370,h,1,1,881,831,1327,1277,45.666666666666664,921,974,917,1026,916,1077,917,1128,925,1177,946,1216,978,1245,1019,1267,1068,1278,1123,1278,1179,1271,1233,1257,1278,1230,1308,1186,1325,1133,1338,1076,1349,1017,952,900,970,867,1005,853,1045,855,1080,870,1144,877,1185,866,1230,871,1269,891,1290,928,1104,918,1099,940,1093,961,1087,985,1046,1038,1066,1044,1086,1048,1111,1047,1135,1045,987,939,1008,924,1033,923,1056,940,1031,942,1006,942,1164,948,1191,935,1218,939,1241,959,1215,958,1187,954,1005,1124,1035,1096,1063,1081,1081,1087,1101,1085,1132,1104,1171,1138,1128,1146,1095,1146,1074,1145,1054,1141,1030,1138,1019,1121,1061,1105,1080,1108,1099,1110,1155,1133,1097,1122,1078,1121,1058,1119
1371,h,1,1,881,831,1327,1277,45.7,923,968,920,1021,919,1074,919,1126,927,1176,948,1215,983,1244,1027,1265,1079,1275,1136,1273,1193,1263,1247,1248,1288,1219,1314,1175,1329,1123,1342,1068,1355,1011,954,897,973,864,1009,850,1049,854,1083,868,1147,875,1189,865,1235,868,1276,889,1298,929,1108,916,1102,939,1096,961,1089,985,1048,1037,1068,1042,1088,1046,1112,1046,1137,1045,989,938,1011,924,1036,924,1058,939,1034,940,1010,941,1170,947,1197,935,1224,941,1246,959,1220,958,1193,953,1009,1123,1039,1095,1065,1081,1083,1087,1102,1085,1133,1105,1173,1137,1132,1148,1098,1146,1078,1144,1058,1141,1034,1137,1024,1121,1063,1107,1082,1109,1101,1110,1157,1133,1100,1120,1081,1119,1062,1116
1372,h,1,1,881,831,1327,1277,45.733333333333334,925,963,920,1016,918,1069,918,1121,927,1171,948,1212,981,1242,1022,1263,1071,1275,1126,1274,1184,1266,1237,1250,1280,1221,1308,1177,1323,1125,1337,1070,1350,1012,953,896,975,863,1011,851,1051,853,1085,869,1148,877,1189,867,1235,871,1273,893,1296,929,1108,919,1101,941,1094,962,1086,986,1048,1038,1067,1043,1087,1047,1110,1047,1134,1044,989,937,1011,922,1037,922,1061,941,1035,942,1009,942,1167,949,1193,934,1221,939,1244,959,1219,959,1191,955,1007,1121,1037,1093,1064,1079,1083,1085,1102,1083,1134,1103,1172,1137,1132,1146,1099,1146,1079,1145,1059,1142,1033,1137,1021,1119,1063,1105,1082,1107,1100,1109,1157,1132,1100,1123,1082,1122,1063,1119
1373,h,1,1,881,831,1327,1277,45.766666666666666,925,963,920,1016,918,1069,918,1121,927,1171,948,1212,981,1242,1022,1263,1071,1275,1126,1274,1184,1266,1237,1250,1280,1221,1308,1177,1323,1125,1337,1070,1350,1012,953,896,975,863,1011,851,1051,853,1085,869,1148,877,1189,867,1235,871,1273,893,1296,929,1108,919,1101,941,1094,962,1086,986,1048,1038,1067,1043,1087,1047,1110,1047,1134,1044,989,937,1011,922,1037,922,1061,941,1035,942,1009,942,1167,949,1193,934,1221,939,1244,959,1219,959,1191,955,1007,1121,1037,1093,1064,1079,1083,1085,1102,1083,1134,1103,1172,1137,1132,1146,1099,1146,1079,1145,1059,1142,1033,1137,1021,1119,1063,1105,1082,1107,1100,1109,1157,1132,1100,1123,1082,1122,1063,1119
1374,h,1,1,881,831,1327,1277,45.8,921,960,917,1013,916,1066,917,1119,926,1168,947,1208,981,1238,1023,1260,1075,1272,1132,1271,1190,1264,1243,1246,1284,1218,1312,1174,1328,1122,1341,1065,1355,1006,946,888,970,857,1009,847,1050,850,1086,868,1149,876,1191,865,1236,869,1276,889,1298,925,1110,918,1104,939,1098,960,1091,983,1049,1035,1069,1041,1089,1046,1113,1045,1137,1044,984,933,1008,920,1035,920,1059,938,1033,941,1006,940,1169,948,1196,935,1225,940,1249,959,1222,960,1194,956,1007,1120,1037,1091,1066,1077,1083,1083,1102,1082,1133,1103,1172,1136,1131,1148,1098,1148,1078,1146,1058,1143,1033,1137,1022,1118,1063,1103,1082,1106,1100,1107,1156,1132,1100,1124,1081,1122,1062,1119
1375,h,1,1,881,831,1327,1277,45.833333333333336,923,965,918,1018,916,1070,916,1122,925,1172,947,1212,981,1241,1022,1262,1068,1273,1122,1273,1181,1265,1237,1250,1282,1221,1311,1179,1328,1127,1340,1071,1354,1013,951,899,972,865,1008,852,1048,855,1083,873,1140,878,1183,867,1230,871,1272,893,1295,934,1106,925,1097,945,1089,966,1080,988,1047,1039,1064,1044,1083,1049,1105,1049,1128,1048,988,940,1010,924,1036,924,1058,945,1033,945,1007,944,1165,954,1190,936,1218,941,1241,962,1215,962,1188,959,1008,1121,1035,1093,1063,1081,1081,1086,1099,1084,1131,1103,1169,1136,1129,1149,1095,1149,1075,1149,1056,1145,1031,1139,1022,1118,1062,1104,1079,1107,1097,1109,1153,1132,1097,1127,1079,1125,1060,1122
1376,h,1,1,881,831,1327,1277,45.86666666666667,925,967,920,1020,918,1071,917,1123,926,1173,947,1213,980,1243,1022,1265,1070,1277,1125,1276,1180,1268,1233,1253,1277,1227,1306,1185,1324,1134,1337,1076,1349,1017,952,901,971,868,1006,855,1045,857,1079,873,1144,877,1185,868,1231,874,1270,896,1291,935,1105,920,1098,942,1092,963,1085,986,1046,1037,1065,1043,1085,1048,1109,1047,1133,1045,987,940,1009,924,1035,924,1058,944,1033,945,1007,945,1164,952,1191,936,1218,941,1242,963,1215,962,1188,957,1007,1122,1036,1095,1064,1081,1081,1087,1100,1085,1130,1104,1168,1137,1128,1147,1096,1147,1076,1147,1057,1144,1032,1139,1021,1120,1062,1106,1080,1109,1098,1110,1152,1133,1098,1124,1079,1123,1061,1121
1377,h,1,1,881,831,1327,1277,45.9,925,967,920,1020,918,1071,917,1123,926,1173,947,1213,980,1243,1022,1265,1070,1277,1125,1276,1180,1268,1233,1253,1277,1227,1306,1185,1324,1134,1337,1076,1349,1017,952,901,971,868,1006,855,1045,857,1079,873,1144,877,1185,868,1231,874,1270,896,1291,935,1105,920,1098,942,1092,963,1085,986,1046,1037,1065,1043,1085,1048,1109,1047,1133,1045,987,940,1009,924,1035,924,1058,944,1033,945,1007,945,1164,952,1191,936,1218,941,1242,963,1215,962,1188,957,1007,1122,1036,1095,1064,1081,1081,1087,1100,1085,1130,1104,1168,1137,1128,1147,1096,1147,1076,1147,1057,1144,1032,1139,1021,1120,1062,1106,1080,1109,1098,1110,1152,1133,1098,1124,1079,1123,1061,1121
1378,h,1,1,881,831,1327,1277,45.93333333333333,924,969,919,1021,918,1073,918,1124,926,1172,946,1212,978,1242,1019,1262,1069,1273,1126,1274,1184,1268,1238,1252,1280,1223,1307,1180,1324,1128,1336,1071,1349,1013,952,895,972,863,1008,849,1046,852,1081,868,1145,874,1187,865,1232,871,1271,894,1292,933,1106,918,1099,940,1093,961,1086,985,1047,1037,1066,1042,1086,1047,1110,1046,1133,1045,988,937,1010,923,1035,923,1058,940,1033,941,1008,941,1165,949,1192,935,1218,941,1242,961,1215,960,1189,955,1007,1123,1037,1095,1064,1081,1082,1087,1100,1085,1131,1105,1168,1137,1128,1144,1096,1143,1076,1142,1057,1139,1032,1136,1021,1120,1062,1107,1081,1110,1099,1111,1153,1132,1098,1119,1079,1117,1061,1115
1379,h,1,1,881,831,1327,1277,45.96666666666667,924,975,920,1027,919,1078,921,1129,930,1178,951,1216,984,1243,1025,1261,1075,1271,1132,1272,1189,1265,1242,1251,1282,1224,1309,1181,1323,1131,1336,1076,1348,1019,951,895,972,863,1007,850,1047,852,1082,868,1147,876,1188,867,1233,873,1271,894,1292,933,1108,919,1102,940,1096,961,1090,985,1048,1034,1067,1041,1088,1046,1113,1045,1137,1043,985,937,1007,921,1035,922,1057,943,1032,944,1006,943,1167,952,1194,937,1222,941,1244,963,1219,964,1191,960,1008,1120,1038,1092,1065,1078,1083,1085,1102,1083,1133,1103,1173,1137,1132,1145,1098,1143,1079,1141,1059,1137,1034,1134,1023,1118,1063,1104,1081,1107,1100,1109,1156,1132,1100,1120,1082,1117,1063,1114
1380,h,1,1,881,831,1327,1277,46.0,925,968,921,1020,921,1070,920,1122,927,1171,947,1208,981,1236,1023,1257,1074,1268,1131,1267,1189,1259,1242,1246,1283,1220,1309,1179,1324,1129,1337,1076,1350,1019,945,899,965,865,1002,851,1044,851,1082,866,1154,873,1196,866,1241,873,1280,894,1301,933,1110,919,1104,940,1098,959,1092,981,1051,1034,1071,1039,1091,1044,1115,1043,1138,1042,983,938,1006,923,1033,922,1057,941,1031,942,1005,942,1169,951,1197,937,1225,942,1248,962,1222,962,1194,957,1008,1119,1039,1091,1067,1077,1085,1083,1105,1082,1136,1102,1173,1135,1133,1143,1099,1141,1079,1139,1059,1136,1034,1133,1023,1116,1065,1101,1084,1105,1103,1106,1158,1130,1102,1118,1083,1116,1063,1114
1381,h,1,1,881,831,1327,1277,46.03333333333333,925,968,921,1020,921,1070,920,1122,927,1171,947,1208,981,1236,1023,1257,1074,1268,1131,1267,1189,1259,1242,1246,1283,1220,1309,1179,1324,1129,1337,1076,1350,1019,945,899,965,865,1002,851,1044,851,1082,866,1154,873,1196,866,1241,873,1280,894,1301,933,1110,919,1104,940,1098,959,1092,981,1051,1034,1071,1039,1091,1044,1115,1043,1138,1042,983,938,1006,923,1033,922,1057,941,1031,942,1005,942,1169,951,1197,937,1225,942,1248,962,1222,962,1194,957,1008,1119,1039,1091,1067,1077,1085,1083,1105,1082,1136,1102,1173,1135,1133,1143,1099,1141,1079,1139,1059,1136,1034,1133,1023,1116,1065,1101,1084,1105,1103,1106,1158,1130,1102,1118,1083,1116,1063,1114
1382,h,1,1,881,831,1327,1277,46.06666666666667,923,967,918,1021,916,1073,917,1124,925,1173,945,1213,978,1242,1021,1261,1071,1272,1128,1271,1186,1265,1240,1249,1282,1220,1310,1177,1325,1126,1338,1070,1350,1012,950,900,970,865,1007,851,1048,853,1082,870,1150,876,1191,865,1236,870,1275,892,1296,931,1109,919,1103,941,1097,962,1090,985,1049,1037,1068,1042,1089,1047,1113,1046,1137,1045,987,939,1009,923,1036,923,1058,943,1034,944,1008,944,1167,952,1194,935,1222,940,1244,962,1219,960,1192,957,1006,1120,1037,1092,1066,1078,1083,1084,1103,1082,1135,1103,1173,1136,1130,1146,1096,1144,1076,1143,1057,1140,1031,1136,1021,1118,1063,1103,1082,1106,1101,1107,1157,1132,1099,1122,1080,1121,1061,1118
1383,h,1,1,881,831,1327,1277,46.1,920,967,916,1021,916,1074,917,1126,927,1175,948,1214,981,1243,1024,1260,1076,1269,1132,1267,1189,1260,1242,1245,1282,1218,1309,1175,1324,1124,1336,1069,1347,1012,950,902,971,870,1007,856,1047,858,1082,874,1143,879,1184,868,1229,874,1269,895,1291,933,1107,917,1101,940,1095,962,1088,987,1046,1037,1066,1043,1087,1047,1112,1047,1136,1045,987,938,1008,925,1032,924,1054,939,1031,940,1007,941,1168,947,1194,936,1220,943,1241,960,1216,958,1191,954,1009,1123,1038,1094,1065,1080,1083,1087,1103,1085,1134,1105,1171,1138,1131,1143,1100,1140,1079,1139,1059,1136,1034,1133,1023,1120,1063,1108,1082,1111,1102,1112,1156,1133,1102,1115,1082,1114,1062,1110
1384,h,1,1,881,831,1327,1277,46.13333333333333,921,972,917,1024,915,1076,916,1127,924,1175,943,1213,975,1241,1016,1261,1067,1272,1125,1272,1183,1267,1237,1254,1279,1226,1307,1184,1323,1132,1336,1075,1347,1016,946,905,965,869,1001,853,1042,854,1078,870,1142,877,1183,866,1229,871,1269,893,1290,931,1102,922,1096,944,1090,965,1083,988,1042,1041,1062,1046,1083,1050,1107,1050,1132,1048,984,942,1005,927,1031,926,1054,943,1030,945,1005,945,1163,951,1190,937,1216,942,1239,962,1213,961,1186,957,1005,1125,1034,1097,1062,1082,1079,1088,1098,1086,1130,1107,1168,1140,1127,1147,1094,1145,1074,1144,1054,1141,1029,1137,1020,1122,1060,1110,1078,1112,1097,1114,1153,1135,1096,1121,1077,1118,1058,1116
1385,h,1,1,881,831,1327,1277,46.166666666666664,921,972,917,1024,915,1076,916,1127,924,1175,943,1213,975,1241,1016,1261,1067,1272,1125,1272,1183,1267,1237,1254,1279,1226,1307,1184,1323,1132,1336,1075,1347,1016,946,905,965,869,1001,853,1042,854,1078,870,1142,877,1183,866,1229,871,1269,893,1290,931,1102,922,1096,944,1090,965,1083,988,1042,1041,1062,1046,1083,1050,1107,1050,1132,1048,984,942,1005,927,1031,926,1054,943,1030,945,1005,945,1163,951,1190,937,1216,942,1239,962,1213,961,1186,957,1005,1125,1034,1097,1062,1082,1079,1088,1098,1086,1130,1107,1168,1140,1127,1147,1094,1145,1074,1144,1054,1141,1029,1137,1020,1122,1060,1110,1078,1112,1097,1114,1153,1135,1096,1121,1077,1118,1058,1116
1386,h,1,1,881,831,1327,1277,46.2,923,967,918,1019,916,1071,917,1123,925,1173,944,1212,976,1243,1017,1264,1066,1275,1122,1274,1182,1267,1238,1251,1282,1222,1311,1179,1327,1127,1340,1071,1351,1013,953,898,974,869,1008,857,1046,859,1079,874,1143,880,1182,870,1226,873,1263,892,1286,927,1103,921,1096,944,1089,965,1081,989,1045,1043,1063,1047,1083,1051,1105,1050,1128,1048,986,942,1007,925,1033,925,1055,945,1031,946,1006,946,1162,952,1187,935,1215,939,1239,960,1213,960,1186,957,1003,1124,1033,1096,1061,1082,1078,1087,1096,1085,1128,1105,1167,1138,1126,1146,1093,1146,1074,1146,1055,1143,1030,1139,1017,1122,1059,1108,1077,1110,1094,1111,1152,1134,1095,1124,1077,1123,1058,1120
1387,h,1,1,881,831,1327,1277,46.233333333333334,923,963,920,1019,919,1073,920,1126,929,1175,948,1215,980,1245,1021,1265,1072,1274,1129,1271,1187,1262,1242,1245,1286,1215,1314,1171,1329,1119,1343,1064,1356,1005,953,899,973,868,1009,855,1048,857,1082,872,1150,878,1190,868,1234,872,1272,892,1295,928,1108,921,1102,943,1095,964,1087,988,1049,1041,1067,1045,1087,1049,1110,1049,1133,1047,989,939,1011,924,1038,924,1061,943,1036,945,1009,945,1167,950,1193,935,1221,939,1244,959,1218,960,1191,956,1006,1123,1036,1095,1064,1080,1082,1085,1100,1083,1132,1103,1171,1136,1130,1146,1097,1146,1078,1145,1058,1143,1033,1139,1020,1121,1062,1106,1081,1109,1098,1109,1156,1131,1099,1123,1081,1121,1062,1119
1388,h,1,1,881,831,1327,1277,46.266666666666666,923,963,920,1019,919,1073,920,1126,929,1175,948,1215,980,1245,1021,1265,1072,1274,1129,1271,1187,1262,1242,1245,1286,1215,1314,1171,1329,1119,1343,1064,1356,1005,953,899,973,868,1009,855,1048,857,1082,872,1150,878,1190,868,1234,872,1272,892,1295,928,1108,921,1102,943,1095,964,1087,988,1049,1041,1067,1045,1087,1049,1110,1049,1133,1047,989,939,1011,924,1038,924,1061,943,1036,945,1009,945,1167,950,1193,935,1221,939,1244,959,1218,960,1191,956,1006,1123,1036,1095,1064,1080,1082,1085,1100,1083,1132,1103,1171,1136,1130,1146,1097,1146,1078,1145,1058,1143,1033,1139,1020,1121,1062,1106,1081,1109,1098,1109,1156,1131,1099,1123,1081,1121,1062,1119
1389,h,1,1,881,831,1327,1277,46.3,927,966,921,1019,918,1071,919,1123,927,1173,947,1214,977,1246,1017,1271,1067,1283,1123,1282,1182,1273,1237,1256,1282,1227,1311,1184,1329,1132,1343,1074,1356,1016,956,899,975,867,1010,854,1049,857,1083,872,1151,880,1191,869,1237,874,1276,894,1298,932,1108,920,1101,942,1093,963,1084,986,1048,1039,1066,1045,1085,1049,1109,1049,1133,1046,989,940,1011,924,1038,923,1062,943,1036,944,1010,944,1167,951,1194,935,1222,940,1245,961,1219,961,1191,956,1005,1123,1035,1095,1063,1080,1081,1085,1100,1083,1132,1102,1170,1136,1130,1148,1096,1149,1076,1149,1056,1147,1031,1140,1020,1121,1061,1106,1080,1108,1098,1109,1155,1132,1098,1125,1080,1124,1060,1121
1390,h,1,1,881,831,1327,1277,46.333333333333336,928,959,922,1011,919,1064,919,1116,926,1167,945,1208,976,1241,1017,1264,1067,1275,1124,1275,1183,1267,1238,1250,1283,1220,1310,1176,1327,1124,1341,1068,1354,1010,956,897,978,866,1013,854,1051,856,1085,872,1149,878,1188,867,1233,872,1272,891,1297,927,1108,921,1100,943,1092,964,1083,987,1050,1042,1067,1045,1084,1048,1106,1049,1128,1049,990,940,1012,924,1038,924,1060,945,1035,946,1009,945,1167,953,1193,936,1221,940,1245,961,1219,961,1191,957,1007,1120,1036,1094,1063,1081,1081,1086,1100,1084,1133,1103,1172,1135,1130,1148,1096,1148,1077,1147,1057,1144,1032,1139,1021,1118,1061,1105,1080,1108,1098,1109,1157,1132,1098,1125,1080,1123,1061,1120
1391,h,1,1,881,831,1327,1277,46.36666666666667,922,969,919,1022,918,1074,918,1125,927,1174,947,1213,980,1242,1022,1262,1074,1273,1131,1271,1189,1264,1242,1249,1283,1221,1309,1178,1324,1127,1337,1071,1349,1014,953,900,974,869,1010,856,1049,858,1084,874,1143,881,1184,870,1228,875,1267,895,1290,931,1108,920,1102,941,1096,962,1090,985,1048,1039,1068,1044,1089,1048,1113,1048,1136,1046,989,940,1011,925,1036,925,1058,942,1034,943,1009,944,1166,950,1192,936,1218,941,1241,960,1215,960,1189,956,1008,1123,1037,1095,1065,1081,1083,1088,1102,1085,1133,1106,1170,1138,1130,1145,1098,1143,1078,1142,1059,1139,1033,1135,1022,1121,1063,1108,1082,1111,1101,1112,1155,1133,1100,1118,1081,1116,1062,1113
1392,h,1,1,881,831,1327,1277,46.4,922,969,919,1022,918,1074,918,1125,927,1174,947,1213,980,1242,1022,1262,1074,1273,1131,1271,1189,1264,1242,1249,1283,1221,1309,1178,1324,1127,1337,1071,1349,1014,953,900,974,869,1010,856,1049,858,1084,874,1143,881,1184,870,1228,875,1267,895,1290,931,1108,920,1102,941,1096,962,1090,985,1048,1039,1068,1044,1089,1048,1113,1048,1136,1046,989,940,1011,925,1036,925,1058,942,1034,943,1009,944,1166,950,1192,936,1218,941,1241,960,1215,960,1189,956,1008,1123,1037,1095,1065,1081,1083,1088,1102,1085,1133,1106,1170,1138,1130,1145,1098,1143,1078,1142,1059,1139,1033,1135,1022,1121,1063,1108,1082,1111,1101,1112,1155,1133,1100,1118,1081,1116,1062,1113
1393,h,1,1,881,831,1327,1277,46.43333333333333,920,964,917,1019,917,1074,918,1128,928,1178,949,1217,983,1247,1026,1266,1079,1275,1136,1272,1194,1262,1246,1246,1287,1218,1312,1175,1326,1123,1338,1068,1351,1010,943,899,966,864,1005,851,1047,854,1083,871,1147,879,1188,867,1234,871,1273,893,1293,933,1109,917,1104,939,1099,961,1093,986,1047,1036,1068,1042,1090,1047,1115,1046,1140,1045,984,935,1008,925,1033,924,1055,938,1032,939,1007,939,1167,948,1194,937,1220,943,1242,960,1216,959,1190,954,1008,1124,1037,1096,1064,1082,1083,1088,1103,1086,1134,1106,1172,1138,1133,1147,1101,1146,1080,1145,1059,1141,1033,1137,1023,1121,1063,1107,1082,1110,1102,1112,1158,1133,1102,1122,1082,1120,1062,1117
1394,h,1,1,881,831,1327,1277,46.46666666666667,921,961,918,1014,918,1068,918,1121,926,1171,945,1211,977,1243,1018,1266,1069,1277,1125,1276,1183,1268,1235,1252,1279,1224,1306,1181,1322,1127,1336,1070,1350,1010,941,898,962,865,1001,852,1043,854,1081,871,1147,877,1188,866,1232,870,1271,890,1293,929,1106,920,1100,942,1093,963,1086,986,1046,1039,1066,1044,1086,1049,1110,1048,1133,1046,981,938,1005,925,1032,925,1056,943,1030,945,1003,945,1164,951,1191,937,1219,942,1242,961,1217,962,1189,958,1004,1123,1034,1095,1062,1082,1081,1088,1102,1086,1133,1105,1170,1138,1130,1148,1096,1147,1075,1146,1055,1142,1029,1137,1018,1119,1060,1105,1080,1108,1100,1110,1155,1133,1099,1124,1079,1122,1058,1120
1395,h,1,1,881,831,1327,1277,46.5,927,965,920,1017,918,1070,918,1121,926,1171,946,1211,978,1240,1020,1260,1072,1271,1129,1269,1188,1262,1243,1248,1285,1221,1312,1179,1326,1127,1338,1072,1349,1014,954,896,973,863,1009,850,1049,852,1084,868,1148,875,1189,865,1234,870,1273,891,1293,930,1110,918,1104,939,1098,960,1092,983,1049,1036,1069,1042,1089,1046,1113,1046,1137,1044,990,936,1012,923,1037,923,1059,940,1035,941,1010,941,1167,950,1194,937,1221,942,1243,961,1218,960,1191,956,1008,1122,1038,1094,1065,1080,1083,1086,1102,1084,1132,1105,1169,1138,1129,1143,1097,1140,1077,1139,1058,1135,1034,1133,1023,1119,1063,1106,1082,1109,1100,1111,1154,1132,1099,1115,1080,1113,1062,1110
1396,h,1,1,881,831,1327,1277,46.53333333333333,927,965,920,1017,918,1070,918,1121,926,1171,946,1211,978,1240,1020,1260,1072,1271,1129,1269,1188,1262,1243,1248,1285,1221,1312,1179,1326,1127,1338,1072,1349,1014,954,896,973,863,1009,850,1049,852,1084,868,1148,875,1189,865,1234,870,1273,891,1293,930,1110,918,1104,939,1098,960,1092,983,1049,1036,1069,1042,1089,1046,1113,1046,1137,1044,990,936,1012,923,1037,923,1059,940,1035,941,1010,941,1167,950,1194,937,1221,942,1243,961,1218,960,1191,956,1008,1122,1038,1094,1065,1080,1083,1086,1102,1084,1132,1105,1169,1138,1129,1143,1097,1140,1077,1139,1058,1135,1034,1133,1023,1119,1063,1106,1082,1109,1100,1111,1154,1132,1099,1115,1080,1113,1062,1110
1397,h,1,1,881,831,1327,1277,46.56666666666667,925,968,920,1020,919,1072,919,1123,927,1172,947,1209,979,1238,1021,1259,1070,1270,1126,1270,1183,1263,1237,1250,1278,1222,1306,1181,1321,1130,1334,1076,1346,1020,951,898,971,864,1008,850,1049,852,1084,868,1148,876,1190,866,1235,872,1274,893,1294,933,1109,919,1103,940,1097,960,1090,983,1049,1036,1069,1041,1089,1045,1112,1045,1136,1044,988,938,1010,923,1036,923,1059,942,1034,943,1008,943,1166,951,1193,936,1220,941,1243,962,1217,961,1190,957,1008,1120,1038,1092,1066,1078,1083,1084,1102,1082,1135,1103,1171,1136,1132,1145,1098,1143,1078,1142,1058,1139,1033,1135,1023,1118,1063,1103,1082,1106,1100,1107,1157,1131,1100,1122,1081,1120,1062,1118
1398,h,1,1,881,831,1327,1277,46.6,916,962,915,1016,914,1070,918,1123,928,1171,950,1210,984,1238,1027,1256,1078,1264,1132,1262,1191,1255,1245,1241,1288,1214,1316,1170,1330,1117,1342,1062,1354,1003,934,895,957,862,997,849,1039,852,1077,870,1147,877,1188,865,1234,869,1274,888,1298,925,1104,925,1098,945,1092,964,1086,985,1048,1040,1067,1044,1086,1047,1109,1047,1133,1047,967,938,994,925,1024,926,1050,946,1021,949,992,948,1164,955,1194,938,1224,943,1250,962,1222,966,1191,962,1006,1119,1036,1092,1065,1078,1083,1083,1103,1082,1136,1101,1176,1133,1134,1145,1099,1145,1078,1144,1059,1141,1033,1136,1022,1117,1063,1103,1082,1106,1101,1107,1160,1128,1101,1121,1081,1119,1062,1116
1399,h,1,1,881,831,1327,1277,46.63333333333333,920,968,916,1021,915,1074,916,1126,924,1174,944,1213,977,1244,1019,1266,1071,1277,1127,1276,1184,1267,1238,1251,1280,1223,1309,1180,1324,1127,1337,1070,1349,1010,948,899,968,866,1004,853,1045,855,1080,871,1144,878,1186,867,1231,872,1270,893,1291,932,1104,917,1099,939,1094,962,1088,986,1045,1037,1065,1044,1086,1048,1111,1048,1135,1046,985,939,1007,926,1032,925,1054,940,1030,942,1006,942,1164,948,1191,937,1218,942,1240,961,1214,959,1188,954,1007,1125,1035,1096,1062,1082,1080,1089,1100,1087,1131,1106,1169,1140,1128,1147,1096,1145,1075,1144,1054,1140,1030,1137,1021,1122,1060,1108,1079,1111,1099,1113,1154,1135,1098,1119,1078,1117,1058,1115
1400,h,1,1,881,831,1327,1277,46.666666666666664,920,968,916,1021,915,1074,916,1126,924,1174,944,1213,977,1244,1019,1266,1071,1277,1127,1276,1184,1267,1238,1251,1280,1223,1309,1180,1324,1127,1337,1070,1349,1010,948,899,968,866,1004,853,1045,855,1080,871,1144,878,1186,867,1231,872,1270,893,1291,932,1104,917,1099,939,1094,962,1088,986,1045,1037,1065,1044,1086,1048,1111,1048,1135,1046,985,939,1007,926,1032,925,1054,940,1030,942,1006,942,1164,948,1191,937,1218,942,1240,961,1214,959,1188,954,1007,1125,1035,1096,1062,1082,1080,1089,1100,1087,1131,1106,1169,1140,1128,1147,1096,1145,1075,1144,1054,1140,1030,1137,1021,1122,1060,1108,1079,1111,1099,1113,1154,1135,1098,1119,1078,1117,1058,1115
1401,h,1,1,881,831,1327,1277,46.7,921,966,918,1021,917,1074,917,1127,925,1177,945,1217,978,1247,1020,1267,1071,1277,1128,1276,1185,1267,1238,1252,1280,1225,1308,1181,1323,1130,1336,1074,1349,1016,945,900,967,867,1004,853,1045,855,1081,870,1144,876,1187,867,1232,873,1272,896,1293,934,1105,918,1100,940,1094,962,1088,986,1045,1037,1065,1043,1085,1048,1110,1047,1134,1046,984,939,1007,926,1031,926,1053,940,1030,942,1005,942,1166,948,1192,938,1218,944,1241,962,1214,960,1189,955,1007,1126,1035,1097,1061,1083,1080,1089,1100,1087,1132,1106,1170,1139,1130,1149,1097,1148,1076,1147,1055,1143,1031,1139,1022,1123,1060,1108,1079,1111,1099,1112,1154,1135,1099,1123,1079,1122,1059,1119
1402,h,1,1,881,831,1327,1277,46.733333333333334,921,967,917,1022,916,1075,917,1127,927,1175,949,1214,983,1242,1026,1261,1077,1270,1134,1268,1191,1259,1243,1245,1284,1217,1310,1174,1324,1124,1337,1069,1349,1012,946,896,967,864,1004,852,1043,854,1078,869,1146,876,1187,867,1232,871,1270,891,1292,929,1106,916,1101,939,1095,960,1089,984,1046,1037,1066,1042,1087,1046,1111,1046,1135,1046,983,937,1005,925,1029,925,1052,938,1028,941,1004,941,1166,946,1191,936,1217,941,1240,958,1214,958,1189,953,1008,1123,1037,1095,1063,1081,1081,1087,1099,1086,1130,1106,1169,1138,1129,1145,1097,1141,1077,1140,1058,1136,1034,1133,1022,1120,1061,1107,1080,1109,1098,1111,1154,1134,1098,1118,1080,1115,1061,1112
1403,h,1,1,881,831,1327,1277,46.766666666666666,921,967,917,1022,916,1075,917,1127,927,1175,949,1214,983,1242,1026,1261,1077,1270,1134,1268,1191,1259,1243,1245,1284,1217,1310,1174,1324,1124,1337,1069,1349,1012,946,896,967,864,1004,852,1043,854,1078,869,1146,876,1187,867,1232,871,1270,891,1292,929,1106,916,1101,939,1095,960,1089,984,1046,1037,1066,1042,1087,1046,1111,1046,1135,1046,983,937,1005,925,1029,925,1052,938,1028,941,1004,941,1166,946,1191,936,1217,941,1240,958,1214,958,1189,953,1008,1123,1037,1095,1063,1081,1081,1087,1099,1086,1130,1106,1169,1138,1129,1145,1097,1141,1077,1140,1058,1136,1034,1133,1022,1120,1061,1107,1080,1109,1098,1111,1154,1134,1098,1118,1080,1115,1061,1112
1404,h,1,1,881,831,1327,1277,46.8,924,971,920,1023,917,1074,918,1125,925,1173,945,1212,978,1241,1020,1261,1071,1271,1128,1270,1186,1263,1240,1250,1283,1223,1310,1182,1326,1131,1338,1074,1349,1017,951,900,971,867,1006,854,1045,856,1079,872,1144,877,1185,867,1230,871,1268,892,1290,931,1105,921,1099,941,1093,962,1086,984,1046,1038,1066,1043,1086,1047,1110,1047,1134,1045,988,940,1010,925,1035,925,1058,942,1034,944,1009,944,1165,950,1191,937,1218,942,1241,962,1215,961,1188,956,1009,1122,1037,1094,1063,1080,1081,1086,1100,1084,1132,1105,1170,1139,1129,1144,1096,1141,1075,1140,1056,1137,1032,1134,1023,1119,1061,1105,1080,1109,1099,1110,1155,1134,1098,1117,1078,1115,1060,1112
1405,h,1,1,881,831,1327,1277,46.833333333333336,921,961,918,1015,917,1066,916,1117,922,1166,940,1205,972,1235,1014,1256,1066,1267,1123,1267,1182,1261,1236,1248,1280,1221,1309,1179,1325,1127,1340,1070,1353,1011,939,895,962,862,1001,849,1044,852,1082,869,1144,876,1186,866,1232,870,1271,891,1293,929,1106,920,1100,941,1095,961,1089,984,1046,1036,1066,1042,1086,1046,1111,1046,1135,1045,981,936,1004,923,1031,923,1054,939,1029,941,1003,941,1166,949,1193,937,1220,943,1244,961,1217,961,1190,956,1008,1121,1037,1094,1064,1079,1081,1086,1101,1084,1132,1105,1170,1139,1128,1145,1095,1143,1074,1141,1054,1137,1030,1134,1023,1119,1061,1105,1080,1109,1099,1110,1154,1134,1097,1117,1078,1115,1059,1112
1406,h,1,1,881,831,1327,1277,46.86666666666667,918,970,916,1024,916,1077,916,1130,925,1180,946,1219,980,1247,1025,1265,1079,1274,1137,1272,1195,1264,1247,1248,1285,1218,1308,1173,1321,1121,1334,1065,1347,1008,944,900,965,866,1003,853,1044,854,1080,870,1141,878,1184,868,1231,873,1271,893,1293,933,1104,916,1099,939,1094,961,1088,986,1044,1039,1065,1044,1086,1048,1111,1048,1134,1046,981,939,1004,926,1029,926,1051,940,1027,942,1002,943,1166,948,1193,938,1219,944,1242,961,1216,960,1190,955,1006,1125,1034,1096,1061,1081,1079,1088,1099,1086,1131,1107,1171,1142,1129,1147,1096,1142,1075,1140,1054,1137,1030,1134,1021,1122,1059,1108,1078,1111,1098,1113,1155,1136,1098,1117,1078,1114,1058,1111
1407,h,1,1,881,831,1327,1277,46.9,918,970,916,1024,916,1077,916,1130,925,1180,946,1219,980,1247,1025,1265,1079,1274,1137,1272,1195,1264,1247,1248,1285,1218,1308,1173,1321,1121,1334,1065,1347,1008,944,900,965,866,1003,853,1044,854,1080,870,1141,878,1184,868,1231,873,1271,893,1293,933,1104,916,1099,939,1094,961,1088,986,1044,1039,1065,1044,1086,1048,1111,1048,1134,1046,981,939,1004,926,1029,926,1051,940,1027,942,1002,943,1166,948,1193,938,1219,944,1242,961,1216,960,1190,955,1006,1125,1034,1096,1061,1081,1079,1088,1099,1086,1131,1107,1171,1142,1129,1147,1096,1142,1075,1140,1054,1137,1030,1134,1021,1122,1059,1108,1078,1111,1098,1113,1155,1136,1098,1117,1078,1114,1058,1111
1408,h,1,1,881,831,1327,1277,46.93333333333333,922,973,917,1027,916,1080,917,1134,928,1183,949,1222,981,1252,1022,1271,1074,1281,1132,1280,1188,1270,1240,1253,1280,1223,1307,1178,1321,1125,1334,1068,1345,1011,949,903,968,869,1004,854,1044,856,1080,871,1141,878,1183,867,1229,871,1268,892,1288,932,1103,919,1098,941,1092,962,1086,986,1043,1038,1063,1043,1085,1048,1109,1047,1134,1045,985,942,1006,928,1031,927,1053,943,1030,945,1005,945,1163,950,1189,938,1215,943,1238,961,1212,961,1186,956,1005,1126,1033,1098,1060,1083,1078,1089,1098,1087,1131,1108,1172,1142,1130,1154,1096,1154,1075,1152,1054,1148,1030,1143,1020,1124,1058,1109,1078,1112,1097,1113,1156,1138,1097,1129,1077,1126,1058,1123
1409,h,1,1,881,831,1327,1277,46.96666666666667,919,966,915,1019,914,1070,915,1122,924,1171,944,1211,975,1240,1016,1260,1068,1269,1126,1267,1184,1259,1237,1244,1280,1216,1307,1174,1322,1122,1333,1067,1345,1009,945,896,968,865,1005,854,1045,857,1081,872,1139,878,1180,869,1224,872,1263,891,1286,928,1103,920,1097,941,1091,962,1084,985,1044,1038,1063,1043,1084,1047,1107,1047,1130,1045,980,938,1004,925,1031,924,1053,943,1028,945,1002,945,1160,951,1187,937,1214,941,1238,960,1212,962,1185,958,1001,1121,1032,1094,1060,1081,1078,1087,1096,1085,1129,1104,1167,1136,1125,1146,1091,1145,1071,1144,1051,1141,1026,1136,1016,1119,1058,1106,1076,1109,1095,1111,1152,1132,1093,1122,1074,1120,1055,1118
1410,h,1,1,881,831,1327,1277,47.0,922,967,917,1020,916,1071,916,1123,923,1173,943,1213,978,1242,1021,1259,1072,1267,1127,1265,1184,1259,1238,1247,1279,1220,1306,1178,1322,1128,1334,1072,1346,1015,953,897,974,868,1009,855,1048,857,1081,872,1144,879,1184,869,1228,874,1266,894,1289,930,1106,918,1100,939,1093,960,1086,983,1046,1037,1065,1042,1085,1046,1109,1045,1132,1044,988,938,1009,924,1034,924,1057,941,1032,942,1007,942,1164,949,1190,935,1216,940,1239,959,1213,958,1187,954,1006,1123,1034,1094,1060,1080,1078,1086,1097,1083,1128,1104,1166,1137,1125,1141,1094,1139,1074,1139,1054,1136,1030,1134,1020,1120,1059,1105,1078,1108,1096,1109,1151,1132,1096,1116,1077,1114,1058,1112
1411,h,1,1,881,831,1327,1277,47.03333333333333,922,967,917,1020,916,1071,916,1123,923,1173,943,1213,978,1242,1021,1259,1072,1267,1127,1265,1184,1259,1238,1247,1279,1220,1306,1178,1322,1128,1334,1072,1346,1015,953,897,974,868,1009,855,1048,857,1081,872,1144,879,1184,869,1228,874,1266,894,1289,930,1106,918,1100,939,1093,960,1086,983,1046,1037,1065,1042,1085,1046,1109,1045,1132,1044,988,938,1009,924,1034,924,1057,941,1032,942,1007,942,1164,949,1190,935,1216,940,1239,959,1213,958,1187,954,1006,1123,1034,1094,1060,1080,1078,1086,1097,1083,1128,1104,1166,1137,1125,1141,1094,1139,1074,1139,1054,1136,1030,1134,1020,1120,1059,1105,1078,1108,1096,1109,1151,1132,1096,1116,1077,1114,1058,1112
1412,h,1,1,881,831,1327,1277,47.06666666666667,922,958,917,1013,915,1066,915,1121,922,1171,944,1212,977,1241,1019,1261,1069,1272,1125,1271,1182,1264,1235,1249,1279,1222,1307,1179,1324,1127,1337,1070,1352,1011,944,890,969,861,1008,852,1049,857,1083,874,1146,879,1187,870,1232,874,1270,894,1293,929,1108,921,1101,941,1095,961,1087,984,1045,1036,1065,1041,1085,1046,1110,1046,1133,1043,981,936,1005,922,1034,923,1057,942,1031,944,1003,944,1164,952,1191,937,1220,942,1244,962,1217,964,1189,959,1002,1121,1033,1092,1061,1077,1079,1083,1098,1081,1130,1102,1168,1136,1127,1147,1094,1146,1074,1145,1055,1142,1030,1137,1017,1118,1059,1104,1078,1106,1096,1108,1153,1131,1096,1122,1077,1120,1059,1118
1413,h,1,1,881,831,1327,1277,47.1,925,959,920,1012,917,1065,917,1118,923,1169,943,1209,975,1238,1015,1258,1064,1270,1119,1271,1177,1265,1232,1252,1277,1226,1306,1183,1324,1131,1337,1075,1350,1016,952,897,973,865,1010,853,1049,857,1083,874,1147,880,1189,871,1234,877,1273,898,1295,935,1108,921,1102,941,1095,961,1088,983,1047,1036,1066,1042,1086,1046,1110,1046,1134,1045,986,936,1010,922,1036,922,1059,942,1034,942,1007,942,1166,951,1194,936,1222,942,1245,962,1218,963,1190,957,1004,1120,1033,1092,1061,1078,1080,1084,1101,1082,1134,1103,1170,1136,1129,1145,1095,1144,1073,1143,1053,1139,1028,1135,1020,1118,1059,1103,1078,1106,1099,1107,1155,1131,1098,1121,1077,1119,1057,1116
1414,h,1,1,881,831,1327,1277,47.13333333333333,920,975,917,1027,916,1079,916,1129,924,1177,945,1216,979,1244,1023,1262,1073,1273,1128,1274,1184,1269,1236,1254,1278,1226,1305,1183,1320,1131,1332,1074,1344,1016,951,897,973,868,1008,855,1046,857,1079,873,1141,879,1181,869,1225,873,1263,895,1285,931,1105,920,1099,942,1093,962,1087,985,1045,1036,1065,1042,1085,1047,1110,1046,1133,1044,984,940,1006,925,1032,925,1055,943,1030,944,1005,944,1163,952,1190,938,1217,943,1240,963,1214,963,1187,959,1007,1123,1035,1093,1062,1080,1081,1086,1100,1084,1131,1103,1169,1137,1129,1143,1097,1141,1077,1139,1056,1136,1031,1133,1021,1120,1060,1106,1080,1110,1099,1111,1153,1133,1099,1116,1079,1114,1060,1111
1415,h,1,1,881,831,1327,1277,47.166666666666664,920,975,917,1027,916,1079,916,1129,924,1177,945,1216,979,1244,1023,1262,1073,1273,1128,1274,1184,1269,1236,1254,1278,1226,1305,1183,1320,1131,1332,1074,1344,1016,951,897,973,868,1008,855,1046,857,1079,873,1141,879,1181,869,1225,873,1263,895,1285,931,1105,920,1099,942,1093,962,1087,985,1045,1036,1065,1042,1085,1047,1110,1046,1133,1044,984,940,1006,925,1032,925,1055,943,1030,944,1005,944,1163,952,1190,938,1217,943,1240,963,1214,963,1187,959,1007,1123,1035,1093,1062,1080,1081,1086,1100,1084,1131,1103,1169,1137,1129,1143,1097,1141,1077,1139,1056,1136,1031,1133,1021,1120,1060,1106,1080,1110,1099,1111,1153,1133,1099,1116,1079,1114,1060,1111
1416,h,1,1,881,831,1327,1277,47.2,921,974,917,1026,917,1078,916,1129,924,1178,943,1216,977,1243,1020,1261,1070,1273,1125,1274,1182,1268,1235,1254,1277,1226,1305,1183,1321,1131,1333,1075,1345,1016,953,900,973,870,1007,857,1044,859,1077,874,1143,881,1182,872,1224,876,1261,895,1283,930,1104,921,1098,943,1092,964,1086,988,1045,1039,1064,1044,1085,1049,1109,1047,1133,1045,986,942,1006,927,1031,926,1053,944,1030,945,1005,945,1165,951,1189,937,1215,941,1238,962,1213,961,1187,957,1005,1125,1033,1096,1061,1082,1080,1088,1099,1085,1130,1104,1168,1139,1128,1145,1096,1142,1076,1142,1056,1139,1030,1136,1019,1122,1059,1108,1078,1111,1098,1112,1152,1134,1098,1118,1078,1117,1059,1115
1417,h,1,1,881,831,1327,1277,47.233333333333334,923,973,919,1025,918,1075,919,1127,928,1175,950,1213,984,1238,1025,1258,1073,1269,1130,1271,1188,1264,1240,1249,1280,1221,1306,1179,1321,1128,1334,1074,1346,1018,947,904,966,870,1003,856,1044,858,1080,874,1143,880,1185,869,1232,874,1272,897,1294,937,1106,923,1100,944,1095,964,1088,987,1047,1037,1067,1042,1087,1046,1111,1046,1135,1045,982,942,1005,928,1032,928,1055,947,1030,949,1003,948,1166,955,1192,942,1220,946,1244,966,1218,967,1190,962,1009,1121,1037,1094,1063,1080,1082,1086,1102,1084,1135,1105,1174,1138,1134,1149,1098,1148,1078,1146,1057,1142,1033,1136,1023,1118,1062,1104,1081,1108,1101,1109,1159,1133,1100,1126,1080,1124,1060,1120
1418,h,1,1,881,831,1327,1277,47.266666666666666,923,973,919,1025,918,1075,919,1127,928,1175,950,1213,984,1238,1025,1258,1073,1269,1130,1271,1188,1264,1240,1249,1280,1221,1306,1179,1321,1128,1334,1074,1346,1018,947,904,966,870,1003,856,1044,858,1080,874,1143,880,1185,869,1232,874,1272,897,1294,937,1106,923,1100,944,1095,964,1088,987,1047,1037,1067,1042,1087,1046,1111,1046,1135,1045,982,942,1005,928,1032,928,1055,947,1030,949,1003,948,1166,955,1192,942,1220,946,1244,966,1218,967,1190,962,1009,1121,1037,1094,1063,1080,1082,1086,1102,1084,1135,1105,1174,1138,1134,1149,1098,1148,1078,1146,1057,1142,1033,1136,1023,1118,1062,1104,1081,1108,1101,1109,1159,1133,1100,1126,1080,1124,1060,1120
1419,h,1,1,881,831,1327,1277,47.3,927,975,923,1028,922,1080,923,1132,933,1179,953,1218,987,1245,1030,1260,1078,1270,1131,1269,1187,1265,1238,1251,1279,1225,1306,1184,1322,1134,1335,1079,1347,1022,945,897,968,866,1006,854,1047,856,1083,872,1148,878,1191,869,1236,875,1275,897,1297,936,1110,926,1105,946,1099,966,1093,987,1050,1040,1070,1045,1091,1050,1114,1050,1137,1049,980,942,1005,931,1033,932,1057,951,1030,952,1003,950,1168,960,1196,946,1224,952,1248,970,1222,971,1194,967,1009,1126,1039,1098,1067,1083,1085,1089,1104,1086,1135,1107,1172,1140,1134,1151,1102,1150,1081,1150,1061,1147,1036,1142,1023,1124,1065,1109,1084,1111,1103,1112,1157,1135,1103,1127,1084,1126,1065,1124
1420,h,1,1,881,831,1327,1277,47.333333333333336,931,972,926,1026,926,1079,927,1131,936,1179,957,1218,990,1245,1033,1264,1082,1274,1135,1274,1190,1266,1243,1253,1285,1227,1312,1185,1327,1135,1341,1080,1353,1023,959,907,979,872,1015,857,1056,860,1092,877,1156,883,1198,872,1243,877,1282,900,1303,939,1118,928,1112,948,1107,967,1100,990,1056,1042,1076,1047,1097,1052,1121,1052,1145,1051,996,947,1019,934,1045,933,1067,952,1043,951,1018,951,1175,960,1202,946,1229,952,1251,971,1225,969,1199,965,1012,1126,1043,1099,1073,1085,1091,1091,1111,1090,1143,1110,1180,1142,1139,1152,1106,1152,1085,1151,1064,1148,1038,1143,1027,1124,1070,1110,1090,1113,1109,1114,1164,1137,1108,1130,1088,1128,1069,1125
1421,h,1,1,881,831,1327,1277,47.36666666666667,936,974,932,1029,931,1083,932,1134,940,1184,959,1223,992,1251,1034,1269,1086,1278,1144,1278,1200,1271,1252,1257,1291,1228,1317,1186,1333,1135,1347,1081,1360,1024,961,903,982,868,1022,854,1064,856,1100,874,1163,881,1205,871,1251,877,1291,899,1311,940,1125,921,1120,944,1114,967,1108,993,1061,1043,1083,1048,1104,1054,1130,1053,1154,1052,998,944,1021,934,1044,934,1067,944,1044,946,1020,946,1185,954,1214,948,1238,955,1260,970,1234,967,1210,962,1021,1131,1050,1102,1078,1087,1097,1094,1118,1092,1148,1113,1183,1146,1144,1151,1113,1149,1090,1147,1069,1144,1044,1141,1034,1127,1075,1115,1095,1118,1117,1120,1168,1141,1115,1122,1093,1121,1073,1118
1422,h,1,1,881,831,1327,1277,47.4,936,974,932,1029,931,1083,932,1134,940,1184,959,1223,992,1251,1034,1269,1086,1278,1144,1278,1200,1271,1252,1257,1291,1228,1317,1186,1333,1135,1347,1081,1360,1024,961,903,982,868,1022,854,1064,856,1100,874,1163,881,1205,871,1251,877,1291,899,1311,940,1125,921,1120,944,1114,967,1108,993,1061,1043,1083,1048,1104,1054,1130,1053,1154,1052,998,944,1021,934,1044,934,1067,944,1044,946,1020,946,1185,954,1214,948,1238,955,1260,970,1234,967,1210,962,1021,1131,1050,1102,1078,1087,1097,1094,1118,1092,1148,1113,1183,1146,1144,1151,1113,1149,1090,1147,1069,1144,1044,1141,1034,1127,1075,1115,1095,1118,1117,1120,1168,1141,1115,1122,1093,1121,1073,1118
1423,h,1,1,881,831,1327,1277,47.43333333333333,942,977,937,1030,935,1084,937,1136,946,1183,967,1224,1000,1253,1043,1270,1094,1279,1150,1278,1204,1270,1254,1255,1293,1228,1320,1187,1337,1137,1350,1082,1362,1027,978,908,998,875,1033,861,1072,863,1105,879,1166,887,1206,877,1249,882,1287,904,1306,942,1130,931,1124,952,1117,973,1111,996,1066,1045,1087,1051,1108,1056,1132,1056,1156,1055,1012,949,1034,935,1058,935,1079,952,1057,953,1033,953,1186,961,1213,948,1238,954,1259,974,1235,972,1209,968,1028,1134,1058,1103,1085,1089,1102,1096,1123,1095,1154,1116,1188,1150,1150,1156,1118,1153,1097,1151,1077,1147,1053,1143,1042,1130,1083,1118,1101,1121,1121,1122,1173,1145,1120,1126,1099,1124,1081,1121
1424,h,1,1,881,831,1327,1277,47.46666666666667,942,974,938,1030,937,1085,937,1138,945,1187,965,1227,1000,1255,1044,1275,1096,1283,1152,1283,1209,1275,1261,1259,1300,1231,1325,1188,1340,1138,1354,1085,1368,1029,972,908,992,872,1030,858,1073,861,1108,880,1168,888,1211,878,1257,883,1297,905,1317,947,1131,928,1125,952,1119,974,1113,1000,1069,1050,1089,1055,1110,1060,1134,1060,1158,1060,1010,948,1031,935,1056,935,1077,949,1054,951,1030,951,1192,959,1218,950,1243,956,1264,974,1239,973,1214,967,1028,1135,1058,1106,1085,1092,1103,1099,1124,1098,1154,1119,1190,1151,1150,1156,1119,1153,1097,1151,1076,1148,1053,1145,1041,1131,1083,1120,1102,1123,1123,1126,1175,1146,1121,1127,1100,1125,1081,1123
1425,h,1,1,940,858,1312,1229,47.5,946,981,939,1031,936,1082,936,1133,941,1180,961,1219,995,1246,1038,1265,1091,1275,1149,1276,1206,1267,1258,1251,1297,1222,1321,1182,1335,1134,1348,1084,1361,1033,984,914,1003,882,1038,868,1076,870,1110,886,1168,893,1208,883,1252,889,1289,911,1308,948,1132,933,1126,956,1120,978,1113,1002,1071,1051,1090,1056,1110,1062,1135,1061,1158,1061,1016,951,1036,935,1061,935,1082,954,1059,954,1035,954,1189,963,1215,949,1240,955,1261,975,1237,973,1212,969,1029,1135,1059,1108,1087,1094,1104,1102,1123,1099,1153,1120,1189,1152,1149,1157,1117,1155,1097,1153,1078,1150,1053,1146,1042,1132,1085,1122,1103,1126,1121,1127,1175,1148,1119,1129,1100,1127,1082,1124
1426,h,1,1,940,858,1312,1229,47.53333333333333,946,981,939,1031,936,1082,936,1133,941,1180,961,1219,995,1246,1038,1265,1091,1275,1149,1276,1206,1267,1258,1251,1297,1222,1321,1182,1335,1134,1348,1084,1361,1033,984,914,1003,882,1038,868,1076,870,1110,886,1168,893,1208,883,1252,889,1289,911,1308,948,1132,933,1126,956,1120,978,1113,1002,1071,1051,1090,1056,1110,1062,1135,1061,1158,1061,1016,951,1036,935,1061,935,1082,954,1059,954,1035,954,1189,963,1215,949,1240,955,1261,975,1237,973,1212,969,1029,1135,1059,1108,1087,1094,1104,1102,1123,1099,1153,1120,1189,1152,1149,1157,1117,1155,1097,1153,1078,1150,1053,1146,1042,1132,1085,1122,1103,1126,1121,1127,1175,1148,1119,1129,1100,1127,1082,1124
1427,h,1,1,940,858,1312,1229,47.56666666666667,944,973,939,1026,937,1077,936,1129,941,1178,961,1219,994,1248,1037,1268,1089,1279,1147,1279,1204,1271,1257,1254,1297,1226,1322,1183,1337,1133,1350,1080,1363,1026,976,913,995,877,1032,862,1073,866,1108,884,1168,893,1209,882,1254,887,1294,909,1312,950,1132,934,1126,957,1120,979,1113,1003,1070,1052,1090,1057,1111,1062,1135,1062,1159,1062,1013,948,1034,934,1058,935,1080,952,1056,953,1032,952,1190,963,1217,951,1243,957,1264,976,1239,975,1213,970,1028,1135,1058,1108,1086,1095,1103,1102,1122,1100,1153,1120,1188,1153,1149,1158,1117,1156,1097,1154,1078,1151,1053,1146,1041,1132,1084,1122,1102,1126,1121,1127,1174,1148,1120,1130,1101,1128,1082,1125
1428,h,1,1,940,858,1312,1229,47.6,944,990,938,1041,935,1092,936,1143,943,1191,964,1229,998,1257,1040,1274,1091,1284,1147,1283,1202,1275,1253,1259,1293,1232,1318,1190,1333,1142,1345,1091,1356,1039,980,915,1001,881,1037,867,1076,869,1110,887,1168,896,1207,885,1250,890,1287,913,1306,952,1132,937,1126,960,1120,981,1114,1005,1068,1054,1089,1060,1110,1065,1134,1066,1157,1066,1014,954,1035,939,1059,940,1080,957,1058,957,1034,957,1186,968,1213,955,1238,961,1260,980,1234,978,1209,973,1025,1138,1055,1111,1083,1098,1101,1105,1120,1103,1150,1124,1185,1156,1146,1160,1115,1158,1096,1157,1075,1153,1050,1149,1037,1135,1081,1124,1100,1128,1119,1130,1171,1151,1117,1133,1098,1131,1079,1128
1429,h,1,1,881,831,1327,1277,47.63333333333333,942,983,936,1037,933,1091,933,1143,941,1191,961,1229,995,1257,1037,1275,1090,1286,1147,1285,1202,1279,1253,1264,1291,1236,1316,1195,1333,1146,1347,1094,1359,1040,966,908,988,873,1027,861,1069,864,1104,883,1169,891,1211,881,1256,888,1293,910,1310,951,1129,936,1125,958,1120,979,1114,1003,1067,1052,1088,1057,1109,1063,1134,1063,1158,1063,1003,952,1026,940,1049,940,1070,954,1049,955,1025,955,1189,966,1216,958,1240,964,1260,982,1236,979,1212,974,1023,1139,1056,1111,1085,1098,1102,1105,1122,1104,1151,1126,1186,1158,1145,1162,1114,1157,1093,1154,1074,1151,1049,1148,1037,1135,1082,1124,1100,1128,1120,1130,1171,1153,1117,1132,1097,1129,1079,1126
1430,h,1,1,881,831,1327,1277,47.666666666666664,942,983,936,1037,933,1091,933,1143,941,1191,961,1229,995,1257,1037,1275,1090,1286,1147,1285,1202,1279,1253,1264,1291,1236,1316,1195,1333,1146,1347,1094,1359,1040,966,908,988,873,1027,861,1069,864,1104,883,1169,891,1211,881,1256,888,1293,910,1310,951,1129,936,1125,958,1120,979,1114,1003,1067,1052,1088,1057,1109,1063,1134,1063,1158,1063,1003,952,1026,940,1049,940,1070,954,1049,955,1025,955,1189,966,1216,958,1240,964,1260,982,1236,979,1212,974,1023,1139,1056,1111,1085,1098,1102,1105,1122,1104,1151,1126,1186,1158,1145,1162,1114,1157,1093,1154,1074,1151,1049,1148,1037,1135,1082,1124,1100,1128,1120,1130,1171,1153,1117,1132,1097,1129,1079,1126
1431,h,1,1,881,831,1327,1277,47.7,937,979,931,1032,928,1084,928,1136,936,1184,955,1224,989,1254,1034,1273,1088,1284,1146,1284,1202,1277,1252,1260,1287,1231,1312,1190,1329,1141,1343,1089,1356,1035,958,907,980,871,1021,856,1065,859,1100,882,1164,889,1206,878,1251,885,1290,908,1307,950,1126,932,1121,956,1116,979,1111,1004,1063,1051,1084,1057,1106,1062,1131,1062,1155,1062,999,949,1022,939,1046,939,1069,951,1045,953,1020,953,1186,964,1214,957,1238,964,1259,981,1234,978,1210,972,1021,1137,1052,1110,1081,1096,1099,1104,1119,1102,1147,1124,1181,1157,1142,1160,1112,1156,1091,1154,1070,1151,1045,1147,1034,1134,1078,1123,1097,1126,1117,1128,1166,1151,1114,1131,1094,1128,1075,1125
1432,h,1,1,881,831,1327,1277,47.733333333333334,935,977,929,1030,925,1083,924,1135,932,1183,952,1222,986,1251,1029,1271,1082,1283,1140,1282,1194,1273,1245,1256,1283,1227,1308,1185,1323,1135,1336,1083,1349,1029,961,906,982,872,1021,861,1062,864,1098,883,1159,892,1200,882,1244,888,1281,908,1299,947,1120,934,1117,957,1112,978,1107,1002,1061,1051,1082,1056,1103,1061,1127,1061,1150,1061,1000,949,1021,939,1043,938,1064,951,1042,953,1019,953,1181,963,1205,955,1229,961,1249,978,1225,975,1202,970,1019,1136,1050,1108,1077,1094,1095,1102,1114,1101,1141,1122,1174,1156,1137,1157,1106,1154,1086,1151,1067,1147,1043,1145,1032,1132,1075,1122,1093,1126,1112,1128,1160,1149,1109,1129,1090,1127,1072,1123
1433,h,1,1,881,831,1327,1277,47.766666666666666,935,977,929,1030,925,1083,924,1135,932,1183,952,1222,986,1251,1029,1271,1082,1283,1140,1282,1194,1273,1245,1256,1283,1227,1308,1185,1323,1135,1336,1083,1349,1029,961,906,982,872,1021,861,1062,864,1098,883,1159,892,1200,882,1244,888,1281,908,1299,947,1120,934,1117,957,1112,978,1107,1002,1061,1051,1082,1056,1103,1061,1127,1061,1150,1061,1000,949,1021,939,1043,938,1064,951,1042,953,1019,953,1181,963,1205,955,1229,961,1249,978,1225,975,1202,970,1019,1136,1050,1108,1077,1094,1095,1102,1114,1101,1141,1122,1174,1156,1137,1157,1106,1154,1086,1151,1067,1147,1043,1145,1032,1132,1075,1122,1093,1126,1112,1128,1160,1149,1109,1129,1090,1127,1072,1123
1434,h,1,1,881,831,1327,1277,47.8,929,984,922,1036,919,1087,920,1137,927,1185,947,1224,982,1250,1023,1268,1073,1281,1129,1282,1184,1276,1237,1263,1276,1235,1304,1193,1322,1143,1337,1090,1348,1035,974,909,994,878,1029,866,1067,870,1099,888,1155,896,1194,886,1237,891,1274,912,1293,949,1120,934,1114,955,1108,975,1101,999,1056,1049,1076,1055,1097,1060,1122,1061,1146,1060,1004,952,1026,937,1050,938,1070,955,1047,956,1024,955,1175,966,1202,954,1227,961,1247,980,1222,978,1198,973,1013,1133,1045,1105,1073,1092,1090,1099,1109,1097,1138,1118,1174,1153,1132,1157,1101,1152,1081,1150,1062,1147,1038,1144,1026,1130,1071,1118,1088,1121,1107,1123,1159,1147,1104,1127,1085,1125,1067,1122
1435,h,1,1,881,831,1327,1277,47.833333333333336,920,989,914,1042,913,1093,915,1143,924,1189,945,1228,981,1255,1025,1273,1074,1284,1129,1283,1182,1277,1232,1262,1268,1234,1294,1193,1311,1144,1324,1092,1335,1039,959,913,980,880,1017,868,1056,872,1090,889,1148,896,1187,885,1231,890,1267,911,1287,949,1113,935,1108,955,1102,974,1096,997,1050,1049,1071,1054,1092,1059,1117,1059,1141,1058,992,955,1015,942,1040,942,1060,958,1037,958,1013,958,1165,968,1193,956,1218,962,1239,982,1214,979,1188,974,1008,1132,1038,1103,1067,1090,1084,1096,1104,1095,1136,1116,1171,1150,1133,1159,1100,1158,1079,1156,1058,1153,1033,1147,1022,1129,1064,1115,1083,1118,1103,1120,1156,1145,1102,1134,1082,1132,1063,1130
1436,h,1,1,881,831,1327,1277,47.86666666666667,917,982,912,1035,910,1087,910,1138,920,1186,943,1224,979,1250,1022,1267,1071,1277,1123,1275,1177,1268,1228,1254,1267,1227,1294,1186,1309,1135,1321,1081,1332,1027,963,915,982,883,1015,870,1052,873,1083,888,1147,894,1184,885,1225,888,1260,908,1280,943,1107,937,1102,957,1096,976,1090,998,1048,1049,1067,1054,1088,1058,1111,1058,1135,1057,995,956,1016,945,1039,944,1058,958,1037,960,1015,960,1162,966,1189,956,1212,962,1233,979,1209,977,1185,973,1011,1133,1040,1105,1066,1092,1082,1098,1100,1096,1130,1117,1164,1149,1125,1153,1095,1150,1076,1149,1057,1146,1034,1143,1024,1129,1064,1118,1081,1121,1099,1122,1149,1144,1097,1125,1079,1123,1062,1120
1437,h,1,1,881,831,1327,1277,47.9,917,982,912,1035,910,1087,910,1138,920,1186,943,1224,979,1250,1022,1267,1071,1277,1123,1275,1177,1268,1228,1254,1267,1227,1294,1186,1309,1135,1321,1081,1332,1027,963,915,982,883,1015,870,1052,873,1083,888,1147,894,1184,885,1225,888,1260,908,1280,943,1107,937,1102,957,1096,976,1090,998,1048,1049,1067,1054,1088,1058,1111,1058,1135,1057,995,956,1016,945,1039,944,1058,958,1037,960,1015,960,1162,966,1189,956,1212,962,1233,979,1209,977,1185,973,1011,1133,1040,1105,1066,1092,1082,1098,1100,1096,1130,1117,1164,1149,1125,1153,1095,1150,1076,1149,1057,1146,1034,1143,1024,1129,1064,1118,1081,1121,1099,1122,1149,1144,1097,1125,1079,1123,1062,1120
1438,h,1,1,881,831,1327,1277,47.93333333333333,910,986,906,1040,905,1093,907,1143,917,1191,937,1229,973,1255,1016,1272,1067,1281,1123,1280,1178,1271,1227,1254,1264,1225,1289,1182,1304,1132,1314,1079,1325,1024,949,917,968,885,1004,872,1042,873,1076,889,1138,895,1176,883,1218,887,1255,906,1276,942,1100,934,1095,956,1090,977,1084,1001,1043,1053,1063,1057,1083,1062,1107,1061,1131,1059,983,959,1004,946,1028,945,1050,958,1027,961,1003,962,1157,965,1184,955,1209,959,1230,977,1205,976,1180,972,1002,1139,1031,1110,1058,1095,1077,1101,1097,1099,1127,1119,1163,1152,1124,1155,1093,1153,1072,1152,1051,1148,1027,1146,1015,1135,1056,1121,1076,1124,1096,1125,1149,1147,1095,1129,1075,1127,1055,1124
1439,h,1,1,881,831,1327,1277,47.96666666666667,907,984,904,1036,903,1087,903,1137,911,1186,931,1226,966,1255,1011,1273,1064,1284,1121,1284,1176,1276,1225,1258,1261,1228,1284,1186,1297,1135,1309,1082,1320,1027,941,918,959,882,995,866,1035,869,1071,886,1131,894,1171,882,1215,886,1254,906,1274,947,1095,931,1090,953,1086,974,1080,999,1038,1050,1058,1055,1079,1060,1102,1060,1125,1058,977,954,997,940,1020,939,1041,952,1019,953,997,954,1155,960,1180,951,1205,956,1225,974,1201,971,1176,966,999,1137,1028,1109,1055,1094,1074,1100,1093,1098,1121,1118,1158,1151,1119,1155,1089,1152,1069,1151,1048,1147,1024,1145,1012,1133,1053,1120,1073,1123,1092,1124,1144,1145,1090,1128,1071,1126,1052,1124
1440,h,1,1,899,858,1270,1229,48.0,901,985,897,1035,895,1085,897,1134,905,1182,926,1221,962,1247,1006,1265,1059,1274,1115,1273,1170,1263,1220,1246,1257,1218,1280,1176,1292,1127,1303,1076,1313,1023,934,916,954,882,991,868,1031,870,1065,885,1125,891,1165,880,1209,883,1247,904,1266,943,1089,933,1085,954,1080,974,1075,998,1033,1049,1053,1053,1074,1057,1097,1057,1121,1057,971,953,992,937,1016,937,1039,955,1015,956,991,956,1148,962,1174,947,1199,951,1219,971,1196,970,1171,966,995,1136,1024,1106,1052,1092,1070,1099,1089,1096,1119,1116,1154,1148,1115,1152,1085,1150,1065,1149,1046,1146,1021,1143,1008,1131,1050,1119,1069,1122,1088,1123,1139,1143,1087,1125,1068,1123,1049,1121
1441,h,1,1,899,858,1270,1229,48.03333333333333,901,985,897,1035,895,1085,897,1134,905,1182,926,1221,962,1247,1006,1265,1059,1274,1115,1273,1170,1263,1220,1246,1257,1218,1280,1176,1292,1127,1303,1076,1313,1023,934,916,954,882,991,868,1031,870,1065,885,1125,891,1165,880,1209,883,1247,904,1266,943,1089,933,1085,954,1080,974,1075,998,1033,1049,1053,1053,1074,1057,1097,1057,1121,1057,971,953,992,937,1016,937,1039,955,1015,956,991,956,1148,962,1174,947,1199,951,1219,971,1196,970,1171,966,995,1136,1024,1106,1052,1092,1070,1099,1089,1096,1119,1116,1154,1148,1115,1152,1085,1150,1065,1149,1046,1146,1021,1143,1008,1131,1050,1119,1069,1122,1088,1123,1139,1143,1087,1125,1068,1123,1049,1121
1442,h,1,1,899,858,1270,1229,48.06666666666667,892,993,888,1043,888,1092,890,1140,900,1185,923,1222,960,1246,1004,1262,1056,1271,1112,1269,1167,1260,1217,1245,1253,1217,1275,1177,1287,1130,1298,1080,1308,1028,930,921,949,887,983,871,1022,870,1056,885,1124,889,1163,879,1205,884,1241,905,1260,942,1084,935,1080,955,1075,974,1069,996,1030,1048,1048,1052,1068,1056,1090,1055,1113,1054,967,954,988,935,1014,935,1036,957,1012,959,986,958,1140,963,1165,945,1192,949,1213,971,1190,972,1163,969,991,1132,1018,1103,1046,1089,1064,1095,1084,1093,1115,1112,1149,1143,1113,1149,1081,1148,1061,1147,1041,1144,1016,1141,1004,1128,1044,1114,1063,1117,1083,1118,1135,1139,1082,1124,1063,1122,1044,1120
1443,h,1,1,899,858,1270,1229,48.1,888,997,885,1047,886,1097,889,1145,898,1190,921,1227,959,1251,1003,1265,1055,1272,1111,1270,1164,1262,1214,1247,1248,1219,1270,1178,1282,1130,1293,1079,1302,1026,924,923,942,888,976,871,1015,870,1049,883,1114,886,1153,876,1196,880,1233,900,1253,936,1077,930,1073,951,1068,972,1063,995,1024,1047,1043,1051,1063,1054,1086,1053,1109,1053,962,953,982,935,1006,934,1028,954,1005,955,981,956,1135,957,1159,940,1184,943,1206,964,1183,964,1157,961,987,1134,1014,1103,1041,1088,1060,1093,1079,1091,1110,1110,1145,1143,1107,1146,1077,1144,1057,1144,1037,1142,1012,1140,1000,1129,1041,1115,1059,1116,1078,1117,1131,1138,1078,1120,1058,1119,1039,1118
1444,h,1,1,831,831,1277,1277,48.13333333333333,877,973,876,1028,879,1082,881,1134,891,1182,912,1220,950,1246,996,1262,1049,1271,1107,1269,1163,1260,1213,1242,1248,1212,1269,1167,1280,1117,1291,1063,1300,1008,902,904,925,871,963,858,1005,861,1041,878,1105,882,1145,871,1188,874,1227,892,1247,929,1068,927,1065,950,1061,972,1057,996,1014,1047,1036,1051,1057,1055,1081,1053,1104,1052,945,942,968,931,992,931,1015,946,992,947,967,948,1128,952,1153,940,1178,944,1199,960,1176,960,1151,957,979,1132,1009,1103,1036,1087,1054,1093,1074,1090,1104,1109,1140,1140,1103,1145,1073,1143,1051,1143,1031,1141,1006,1139,993,1128,1035,1115,1054,1116,1074,1117,1125,1135,1073,1119,1053,1118,1034,1117
1445,h,1,1,831,831,1277,1277,48.166666666666664,877,973,876,1028,879,1082,881,1134,891,1182,912,1220,950,1246,996,1262,1049,1271,1107,1269,1163,1260,1213,1242,1248,1212,1269,1167,1280,1117,1291,1063,1300,1008,902,904,925,871,963,858,1005,861,1041,878,1105,882,1145,871,1188,874,1227,892,1247,929,1068,927,1065,950,1061,972,1057,996,1014,1047,1036,1051,1057,1055,1081,1053,1104,1052,945,942,968,931,992,931,1015,946,992,947,967,948,1128,952,1153,940,1178,944,1199,960,1176,960,1151,957,979,1132,1009,1103,1036,1087,1054,1093,1074,1090,1104,1109,1140,1140,1103,1145,1073,1143,1051,1143,1031,1141,1006,1139,993,1128,1035,1115,1054,1116,1074,1117,1125,1135,1073,1119,1053,1118,1034,1117
1446,h,1,1,831,831,1277,1277,48.2,875,981,874,1034,876,1087,879,1138,889,1186,910,1223,947,1248,994,1263,1048,1271,1106,1269,1163,1260,1212,1242,1246,1211,1266,1168,1278,1118,1288,1064,1296,1010,901,909,921,877,958,862,999,863,1035,879,1101,881,1142,871,1185,873,1223,891,1244,929,1065,927,1061,949,1057,970,1053,994,1012,1046,1033,1050,1054,1053,1077,1052,1100,1051,944,947,965,936,988,935,1011,947,988,949,965,950,1127,951,1150,941,1174,945,1196,959,1172,959,1149,956,977,1135,1005,1104,1031,1088,1050,1094,1071,1091,1100,1110,1136,1142,1099,1144,1070,1142,1048,1141,1027,1140,1003,1140,990,1130,1030,1115,1050,1116,1071,1117,1122,1136,1070,1119,1049,1118,1029,1117
1447,h,1,1,831,831,1277,1277,48.233333333333334,873,998,870,1049,871,1099,875,1148,885,1193,907,1230,943,1255,988,1270,1041,1278,1097,1275,1152,1267,1200,1248,1235,1218,1256,1174,1268,1125,1277,1072,1286,1017,903,917,921,884,955,869,995,870,1030,885,1097,889,1135,877,1178,877,1216,895,1237,930,1058,931,1055,951,1051,971,1047,994,1008,1048,1027,1052,1047,1055,1070,1054,1093,1052,939,953,961,936,987,934,1010,954,986,956,960,957,1117,957,1143,940,1170,942,1191,964,1168,965,1141,961,969,1136,999,1104,1027,1088,1046,1094,1065,1091,1096,1110,1133,1142,1095,1148,1063,1145,1043,1144,1022,1142,997,1142,983,1131,1026,1115,1045,1116,1064,1117,1118,1137,1063,1122,1044,1119,1025,1118
1448,h,1,1,831,831,1277,1277,48.266666666666666,873,998,870,1049,871,1099,875,1148,885,1193,907,1230,943,1255,988,1270,1041,1278,1097,1275,1152,1267,1200,1248,1235,1218,1256,1174,1268,1125,1277,1072,1286,1017,903,917,921,884,955,869,995,870,1030,885,1097,889,1135,877,1178,877,1216,895,1237,930,1058,931,1055,951,1051,971,1047,994,1008,1048,1027,1052,1047,1055,1070,1054,1093,1052,939,953,961,936,987,934,1010,954,986,956,960,957,1117,957,1143,940,1170,942,1191,964,1168,965,1141,961,969,1136,999,1104,1027,1088,1046,1094,1065,1091,1096,1110,1133,1142,1095,1148,1063,1145,1043,1144,1022,1142,997,1142,983,1131,1026,1115,1045,1116,1064,1117,1118,1137,1063,1122,1044,1119,1025,1118
1449,h,1,1,831,831,1277,1277,48.3,866,990,866,1043,868,1095,872,1145,883,1193,905,1231,942,1257,986,1274,1038,1283,1093,1280,1146,1269,1194,1249,1230,1218,1252,1173,1266,1123,1276,1069,1285,1014,896,917,915,883,950,869,990,869,1026,882,1095,886,1135,876,1178,878,1216,896,1237,932,1055,930,1052,951,1048,970,1044,993,1004,1050,1024,1053,1044,1055,1067,1054,1090,1052,934,955,956,937,983,935,1007,954,982,957,956,958,1113,958,1139,941,1167,945,1189,966,1165,967,1137,963,964,1137,995,1106,1024,1089,1042,1093,1061,1090,1094,1109,1131,1141,1094,1154,1061,1155,1041,1155,1021,1154,993,1151,979,1133,1023,1115,1041,1116,1060,1116,1116,1137,1061,1132,1042,1130,1023,1130
1450,h,1,1,831,831,1277,1277,48.333333333333336,863,992,861,1044,863,1093,867,1142,877,1188,899,1224,937,1248,982,1263,1033,1270,1088,1268,1141,1261,1190,1246,1226,1217,1249,1174,1261,1124,1271,1070,1279,1014,895,916,912,883,947,867,987,867,1024,881,1092,884,1130,873,1173,875,1210,893,1230,930,1052,930,1049,950,1045,971,1042,993,1001,1047,1021,1051,1042,1054,1066,1052,1089,1050,932,954,954,936,980,934,1004,954,979,957,953,958,1109,957,1135,939,1163,942,1185,963,1161,965,1133,962,962,1134,994,1104,1022,1088,1042,1092,1061,1089,1092,1108,1127,1138,1090,1144,1059,1143,1039,1143,1017,1141,991,1141,977,1129,1021,1114,1041,1115,1060,1116,1112,1134,1059,1118,1040,1117,1020,1116
1451,h,1,1,831,831,1277,1277,48.36666666666667,858,992,858,1045,860,1096,865,1146,877,1191,901,1225,940,1247,985,1260,1036,1267,1090,1262,1143,1253,1192,1237,1228,1208,1249,1165,1260,1113,1269,1059,1276,1004,893,917,912,884,947,870,986,870,1023,884,1086,887,1122,874,1162,873,1200,887,1224,918,1049,929,1046,949,1044,968,1040,990,1004,1047,1023,1050,1042,1052,1064,1050,1086,1048,932,956,953,938,979,937,1002,956,978,959,952,960,1108,956,1131,938,1158,940,1181,959,1157,961,1131,959,965,1133,995,1103,1023,1086,1041,1091,1059,1087,1090,1105,1126,1135,1088,1142,1058,1143,1039,1143,1020,1142,994,1141,980,1129,1022,1112,1041,1112,1059,1112,1110,1131,1058,1119,1041,1119,1022,1119
1452,h,1,1,831,831,1277,1277,48.4,858,992,858,1045,860,1096,865,1146,877,1191,901,1225,940,1247,985,1260,1036,1267,1090,1262,1143,1253,1192,1237,1228,1208,1249,1165,1260,1113,1269,1059,1276,1004,893,917,912,884,947,870,986,870,1023,884,1086,887,1122,874,1162,873,1200,887,1224,918,1049,929,1046,949,1044,968,1040,990,1004,1047,1023,1050,1042,1052,1064,1050,1086,1048,932,956,953,938,979,937,1002,956,978,959,952,960,1108,956,1131,938,1158,940,1181,959,1157,961,1131,959,965,1133,995,1103,1023,1086,1041,1091,1059,1087,1090,1105,1126,1135,1088,1142,1058,1143,1039,1143,1020,1142,994,1141,980,1129,1022,1112,1041,1112,1059,1112,1110,1131,1058,1119,1041,1119,1022,1119
1453,h,1,1,831,831,1277,1277,48.43333333333333,858,998,857,1048,860,1096,864,1145,875,1193,898,1229,937,1252,984,1266,1037,1273,1093,1269,1147,1261,1196,1244,1230,1215,1252,1171,1262,1122,1271,1069,1277,1014,894,918,913,885,947,870,986,871,1021,884,1088,886,1126,874,1167,875,1206,891,1227,926,1049,927,1046,948,1042,969,1038,992,1000,1046,1020,1049,1041,1052,1064,1050,1087,1048,933,953,954,935,978,933,1000,951,977,953,953,954,1109,952,1133,936,1159,938,1181,958,1157,958,1132,956,963,1133,993,1104,1022,1087,1041,1091,1060,1087,1091,1106,1127,1137,1089,1143,1059,1141,1038,1142,1018,1141,991,1141,977,1128,1021,1111,1040,1112,1060,1111,1112,1132,1059,1119,1039,1118,1020,1118
1454,h,1,1,831,831,1277,1277,48.46666666666667,858,993,857,1045,859,1096,863,1145,875,1191,900,1227,939,1250,985,1265,1037,1273,1092,1268,1145,1258,1194,1241,1228,1211,1248,1167,1260,1117,1269,1063,1276,1009,896,909,915,880,947,867,984,868,1017,882,1089,882,1126,872,1166,873,1203,888,1224,922,1050,927,1047,947,1044,967,1041,990,1002,1045,1022,1048,1043,1051,1066,1049,1088,1047,934,951,954,934,979,933,1000,951,977,954,953,955,1109,952,1133,936,1158,939,1180,958,1157,959,1132,957,964,1133,994,1103,1022,1086,1041,1090,1060,1087,1091,1106,1128,1137,1090,1144,1059,1143,1040,1143,1019,1141,993,1140,979,1129,1021,1114,1041,1115,1060,1115,1113,1133,1060,1118,1041,1117,1021,1116
1455,h,1,1,831,831,1277,1277,48.5,857,999,857,1051,860,1101,864,1149,877,1194,901,1230,940,1252,986,1265,1037,1271,1090,1267,1143,1260,1191,1245,1225,1215,1246,1172,1257,1122,1266,1068,1273,1014,898,922,916,889,949,873,988,873,1022,886,1084,885,1122,873,1164,874,1202,890,1222,928,1050,927,1047,948,1043,968,1039,991,999,1045,1020,1049,1042,1051,1065,1050,1087,1047,933,957,954,938,979,936,1002,954,979,957,954,958,1106,954,1132,937,1157,939,1179,958,1156,960,1130,958,966,1135,994,1104,1022,1086,1040,1091,1059,1087,1090,1105,1126,1136,1088,1141,1058,1140,1039,1141,1019,1140,993,1140,979,1130,1021,1113,1040,1114,1059,1114,1111,1132,1058,1117,1039,1116,1021,1116
1456,h,1,1,831,831,1277,1277,48.53333333333333,857,999,857,1051,860,1101,864,1149,877,1194,901,1230,940,1252,986,1265,1037,1271,1090,1267,1143,1260,1191,1245,1225,1215,1246,1172,1257,1122,1266,1068,1273,1014,898,922,916,889,949,873,988,873,1022,886,1084,885,1122,873,1164,874,1202,890,1222,928,1050,927,1047,948,1043,968,1039,991,999,1045,1020,1049,1042,1051,1065,1050,1087,1047,933,957,954,938,979,936,1002,954,979,957,954,958,1106,954,1132,937,1157,939,1179,958,1156,960,1130,958,966,1135,994,1104,1022,1086,1040,1091,1059,1087,1090,1105,1126,1136,1088,1141,1058,1140,1039,1141,1019,1140,993,1140,979,1130,1021,1113,1040,1114,1059,1114,1111,1132,1058,1117,1039,1116,1021,1116
1457,h,1,1,831,831,1277,1277,48.56666666666667,853,994,856,1046,860,1098,864,1147,878,1193,902,1230,941,1253,986,1265,1037,1271,1091,1268,1143,1259,1191,1241,1225,1212,1247,1168,1258,1117,1268,1064,1275,1008,890,921,908,886,944,869,984,869,1021,884,1085,884,1123,872,1166,872,1206,890,1226,928,1048,925,1046,947,1044,968,1041,991,1001,1046,1022,1049,1043,1051,1066,1049,1089,1047,930,952,951,937,974,934,996,949,974,952,951,954,1109,950,1132,935,1157,938,1179,955,1156,955,1131,953,965,1135,993,1104,1021,1087,1041,1091,1059,1087,1091,1105,1126,1136,1090,1140,1060,1141,1040,1142,1019,1140,992,1141,979,1130,1020,1112,1041,1113,1059,1113,1111,1131,1059,1118,1040,1117,1020,1117
1458,h,1,1,831,831,1277,1277,48.6,857,1000,856,1050,858,1100,863,1147,875,1192,899,1228,937,1252,984,1266,1036,1272,1091,1268,1145,1262,1193,1246,1228,1218,1248,1175,1259,1127,1267,1075,1275,1021,895,922,911,886,945,869,985,867,1020,881,1092,883,1131,873,1173,876,1211,895,1231,932,1053,932,1050,952,1046,971,1042,993,1002,1049,1023,1051,1044,1053,1067,1052,1091,1051,933,957,954,939,980,938,1003,958,979,960,953,960,1113,960,1137,941,1163,944,1186,965,1162,967,1136,964,966,1137,996,1106,1024,1089,1043,1094,1063,1089,1095,1109,1130,1140,1094,1146,1063,1146,1042,1146,1021,1145,994,1144,980,1132,1024,1116,1043,1117,1063,1117,1115,1135,1062,1122,1042,1121,1023,1120
1459,h,1,1,831,831,1277,1277,48.63333333333333,853,994,854,1048,858,1101,864,1151,877,1198,902,1235,942,1258,990,1271,1043,1275,1097,1270,1149,1258,1196,1240,1229,1208,1250,1164,1259,1115,1268,1062,1276,1007,889,925,908,888,944,870,986,870,1022,885,1085,886,1125,873,1169,874,1209,894,1228,933,1051,931,1048,953,1045,973,1042,996,1000,1050,1021,1053,1043,1056,1067,1054,1091,1051,929,957,950,942,974,939,998,955,975,957,950,959,1108,956,1133,941,1158,943,1180,961,1157,961,1131,959,965,1139,994,1107,1023,1090,1042,1095,1063,1091,1094,1109,1129,1139,1094,1146,1063,1146,1041,1147,1020,1145,993,1145,979,1134,1022,1118,1042,1118,1063,1118,1114,1135,1062,1121,1042,1120,1021,1120
1460,h,1,1,831,831,1277,1277,48.666666666666664,853,994,854,1048,858,1101,864,1151,877,1198,902,1235,942,1258,990,1271,1043,1275,1097,1270,1149,1258,1196,1240,1229,1208,1250,1164,1259,1115,1268,1062,1276,1007,889,925,908,888,944,870,986,870,1022,885,1085,886,1125,873,1169,874,1209,894,1228,933,1051,931,1048,953,1045,973,1042,996,1000,1050,1021,1053,1043,1056,1067,1054,1091,1051,929,957,950,942,974,939,998,955,975,957,950,959,1108,956,1133,941,1158,943,1180,961,1157,961,1131,959,965,1139,994,1107,1023,1090,1042,1095,1063,1091,1094,1109,1129,1139,1094,1146,1063,1146,1041,1147,1020,1145,993,1145,979,1134,1022,1118,1042,1118,1063,1118,1114,1135,1062,1121,1042,1120,1021,1120
1461,h,1,1,831,831,1277,1277,48.7,852,1009,855,1061,860,1112,866,1161,880,1206,907,1241,947,1262,994,1273,1046,1278,1099,1275,1149,1264,1194,1243,1227,1211,1248,1166,1257,1115,1265,1062,1271,1006,883,933,900,893,937,873,980,871,1019,883,1083,884,1124,873,1168,874,1208,892,1226,933,1047,931,1046,953,1044,974,1042,997,1001,1054,1022,1055,1044,1058,1067,1056,1090,1054,926,962,947,944,973,941,996,959,973,962,948,964,1106,957,1130,941,1157,943,1180,961,1156,963,1130,961,965,1142,994,1110,1022,1092,1042,1097,1061,1092,1093,1111,1129,1141,1094,1148,1063,1148,1043,1149,1021,1147,994,1147,978,1137,1022,1120,1042,1121,1061,1120,1114,1136,1062,1123,1042,1122,1022,1122
1462,h,1,1,831,831,1277,1277,48.733333333333334,851,1006,852,1059,856,1110,862,1159,877,1205,903,1238,944,1259,991,1271,1044,1277,1099,1273,1150,1262,1197,1241,1229,1209,1247,1164,1255,1113,1263,1059,1269,1005,886,926,905,890,941,872,983,870,1020,883,1080,884,1120,872,1163,873,1202,890,1222,928,1047,931,1046,953,1044,974,1042,999,1001,1055,1023,1057,1044,1059,1067,1057,1090,1055,927,959,948,944,972,941,994,957,972,959,949,961,1108,956,1131,941,1155,942,1176,959,1154,960,1130,959,967,1142,995,1110,1023,1092,1043,1097,1062,1093,1093,1111,1130,1142,1094,1149,1064,1149,1043,1150,1021,1148,995,1149,981,1137,1022,1121,1043,1122,1062,1122,1115,1137,1063,1123,1043,1123,1022,1123
1463,h,1,1,831,831,1277,1277,48.766666666666666,851,1006,852,1059,856,1110,862,1159,877,1205,903,1238,944,1259,991,1271,1044,1277,1099,1273,1150,1262,1197,1241,1229,1209,1247,1164,1255,1113,1263,1059,1269,1005,886,926,905,890,941,872,983,870,1020,883,1080,884,1120,872,1163,873,1202,890,1222,928,1047,931,1046,953,1044,974,1042,999,1001,1055,1023,1057,1044,1059,1067,1057,1090,1055,927,959,948,944,972,941,994,957,972,959,949,961,1108,956,1131,941,1155,942,1176,959,1154,960,1130,959,967,1142,995,1110,1023,1092,1043,1097,1062,1093,1093,1111,1130,1142,1094,1149,1064,1149,1043,1150,1021,1148,995,1149,981,1137,1022,1121,1043,1122,1062,1122,1115,1137,1063,1123,1043,1123,1022,1123
1464,h,1,1,831,831,1277,1277,48.8,851,1007,852,1060,856,1110,862,1158,877,1204,902,1239,943,1259,988,1274,1041,1281,1095,1277,1145,1265,1191,1247,1224,1215,1244,1171,1254,1121,1264,1068,1272,1012,890,931,907,893,942,875,983,872,1021,885,1084,886,1123,874,1166,877,1205,896,1226,935,1048,932,1046,954,1043,975,1040,999,999,1052,1020,1055,1042,1058,1065,1056,1088,1054,929,962,949,944,973,942,996,958,973,961,950,963,1107,958,1131,943,1157,946,1179,964,1155,965,1130,963,967,1143,995,1111,1022,1093,1042,1098,1061,1094,1091,1113,1126,1143,1091,1149,1062,1149,1042,1149,1021,1148,995,1148,980,1138,1022,1121,1042,1122,1061,1122,1112,1138,1061,1125,1042,1125,1022,1124
1465,h,1,1,831,831,1277,1277,48.833333333333336,849,1008,851,1062,856,1113,862,1162,876,1207,904,1241,946,1262,991,1274,1043,1281,1096,1277,1148,1266,1195,1248,1228,1217,1247,1173,1256,1125,1265,1073,1273,1019,886,930,904,891,940,873,982,872,1019,886,1082,886,1123,875,1168,877,1209,898,1229,939,1047,931,1044,953,1041,974,1038,998,997,1051,1018,1054,1041,1058,1065,1056,1089,1054,928,962,948,945,972,942,995,958,973,961,949,963,1106,959,1131,945,1157,948,1179,967,1155,966,1129,963,966,1141,994,1110,1021,1093,1041,1098,1061,1094,1091,1112,1127,1143,1092,1150,1062,1149,1041,1150,1020,1148,994,1147,980,1136,1021,1118,1041,1120,1061,1120,1112,1138,1061,1126,1041,1125,1021,1124
1466,h,1,1,831,831,1277,1277,48.86666666666667,847,1002,850,1056,854,1108,861,1159,875,1206,901,1242,943,1264,991,1277,1045,1283,1101,1278,1153,1265,1198,1245,1228,1211,1246,1165,1256,1115,1265,1060,1272,1003,882,933,901,894,938,876,980,875,1018,887,1081,887,1122,876,1167,877,1207,896,1227,936,1046,932,1044,953,1042,972,1039,994,997,1051,1018,1054,1041,1057,1065,1055,1089,1052,925,963,946,946,970,943,995,958,972,961,947,963,1106,957,1130,943,1156,946,1179,963,1155,964,1129,961,965,1142,994,1110,1020,1092,1041,1097,1060,1093,1090,1112,1126,1143,1091,1149,1062,1148,1041,1149,1019,1146,993,1146,979,1137,1020,1120,1041,1121,1061,1121,1111,1138,1061,1123,1041,1123,1020,1122
1467,h,1,1,831,831,1277,1277,48.9,847,1002,850,1056,854,1108,861,1159,875,1206,901,1242,943,1264,991,1277,1045,1283,1101,1278,1153,1265,1198,1245,1228,1211,1246,1165,1256,1115,1265,1060,1272,1003,882,933,901,894,938,876,980,875,1018,887,1081,887,1122,876,1167,877,1207,896,1227,936,1046,932,1044,953,1042,972,1039,994,997,1051,1018,1054,1041,1057,1065,1055,1089,1052,925,963,946,946,970,943,995,958,972,961,947,963,1106,957,1130,943,1156,946,1179,963,1155,964,1129,961,965,1142,994,1110,1020,1092,1041,1097,1060,1093,1090,1112,1126,1143,1091,1149,1062,1148,1041,1149,1019,1146,993,1146,979,1137,1020,1120,1041,1121,1061,1121,1111,1138,1061,1123,1041,1123,1020,1122
1468,h,1,1,831,831,1277,1277,48.93333333333333,852,1002,853,1055,856,1106,861,1154,875,1200,899,1236,940,1259,986,1274,1039,1279,1094,1275,1147,1265,1193,1247,1225,1216,1245,1172,1256,1121,1266,1067,1273,1012,889,929,906,892,941,875,981,874,1017,887,1081,886,1120,875,1163,877,1202,894,1224,932,1046,932,1044,953,1041,973,1038,995,997,1050,1018,1053,1040,1056,1064,1054,1088,1052,928,962,949,942,974,940,997,960,974,963,949,964,1105,960,1129,941,1156,943,1178,964,1155,966,1128,964,966,1140,994,1109,1020,1092,1040,1097,1059,1094,1090,1112,1127,1142,1091,1150,1060,1150,1040,1150,1019,1148,993,1147,980,1136,1020,1120,1040,1121,1059,1121,1112,1137,1059,1125,1040,1124,1020,1122
1469,h,1,1,831,831,1277,1277,48.96666666666667,850,1010,852,1063,856,1113,863,1162,876,1207,901,1241,942,1264,989,1277,1042,1284,1097,1279,1149,1266,1195,1246,1227,1214,1246,1170,1256,1119,1265,1067,1272,1012,888,933,906,894,943,877,984,876,1021,890,1081,889,1119,876,1162,877,1202,894,1223,933,1047,935,1045,956,1043,976,1040,999,999,1052,1020,1056,1042,1059,1065,1057,1088,1054,928,964,950,945,975,943,998,961,975,964,950,966,1104,960,1129,943,1156,945,1178,964,1155,966,1128,964,967,1143,995,1110,1022,1093,1040,1098,1059,1094,1090,1112,1125,1142,1090,1151,1060,1151,1040,1151,1020,1150,994,1149,981,1138,1022,1122,1041,1123,1059,1123,1110,1138,1059,1126,1040,1125,1021,1124
1470,h,1,1,831,831,1277,1277,49.0,848,1008,851,1061,856,1112,862,1161,877,1206,903,1241,945,1264,992,1279,1046,1286,1102,1282,1154,1270,1199,1249,1230,1216,1247,1170,1257,1120,1266,1066,1272,1009,884,931,902,892,938,875,981,873,1018,886,1081,886,1122,874,1167,876,1208,894,1229,934,1047,933,1046,955,1044,976,1041,1000,998,1055,1021,1058,1044,1060,1067,1058,1091,1057,926,965,947,948,971,945,996,960,972,963,948,966,1106,960,1132,945,1158,948,1181,965,1157,966,1130,963,967,1146,994,1113,1021,1095,1042,1100,1062,1096,1094,1114,1130,1145,1095,1153,1065,1153,1043,1153,1021,1152,995,1152,981,1141,1022,1122,1043,1123,1063,1122,1115,1140,1064,1128,1043,1128,1022,1127
1471,h,1,1,831,831,1277,1277,49.03333333333333,848,1008,851,1061,856,1112,862,1161,877,1206,903,1241,945,1264,992,1279,1046,1286,1102,1282,1154,1270,1199,1249,1230,1216,1247,1170,1257,1120,1266,1066,1272,1009,884,931,902,892,938,875,981,873,1018,886,1081,886,1122,874,1167,876,1208,894,1229,934,1047,933,1046,955,1044,976,1041,1000,998,1055,1021,1058,1044,1060,1067,1058,1091,1057,926,965,947,948,971,945,996,960,972,963,948,966,1106,960,1132,945,1158,948,1181,965,1157,966,1130,963,967,1146,994,1113,1021,1095,1042,1100,1062,1096,1094,1114,1130,1145,1095,1153,1065,1153,1043,1153,1021,1152,995,1152,981,1141,1022,1122,1043,1123,1063,1122,1115,1140,1064,1128,1043,1128,1022,1127
1472,h,1,1,831,831,1277,1277,49.06666666666667,854,1012,855,1064,860,1114,867,1163,881,1208,907,1243,946,1264,992,1277,1043,1282,1097,1277,1147,1267,1194,1249,1228,1218,1248,1175,1259,1124,1268,1071,1275,1017,894,928,912,892,947,876,988,876,1024,889,1085,891,1122,878,1165,879,1203,895,1225,930,1050,933,1048,955,1045,976,1043,1000,1002,1053,1022,1057,1044,1060,1067,1058,1090,1055,931,962,952,943,978,941,1001,962,977,964,952,965,1108,962,1133,942,1159,944,1181,965,1159,967,1132,965,968,1143,998,1111,1025,1094,1044,1098,1063,1095,1095,1114,1131,1144,1095,1153,1063,1153,1043,1153,1023,1151,997,1150,982,1138,1025,1120,1044,1121,1063,1121,1116,1140,1063,1128,1043,1126,1024,1126
1473,h,1,1,831,831,1277,1277,49.1,855,1002,856,1055,859,1105,864,1153,877,1199,902,1234,941,1257,987,1273,1038,1281,1093,1278,1146,1269,1194,1251,1229,1220,1250,1176,1262,1125,1271,1070,1279,1012,890,925,909,888,946,872,988,873,1024,888,1086,890,1125,876,1169,876,1210,894,1231,934,1050,931,1049,953,1047,974,1045,998,1002,1052,1023,1056,1045,1059,1069,1057,1092,1055,929,959,952,942,977,940,999,958,976,960,951,961,1110,959,1136,942,1162,945,1183,965,1160,966,1134,963,967,1142,998,1110,1026,1092,1045,1097,1064,1094,1096,1114,1131,1146,1095,1152,1063,1150,1042,1150,1021,1147,996,1148,982,1137,1025,1119,1044,1121,1063,1122,1116,1141,1063,1127,1043,1125,1024,1123
1474,h,1,1,831,831,1277,1277,49.13333333333333,855,998,856,1050,860,1101,866,1150,878,1195,903,1231,942,1255,988,1271,1042,1279,1099,1275,1152,1264,1201,1245,1233,1214,1253,1170,1265,1119,1274,1064,1280,1008,892,923,912,887,949,871,990,871,1027,887,1088,887,1127,873,1171,874,1211,892,1233,929,1054,930,1051,951,1048,971,1045,995,1003,1051,1024,1054,1046,1057,1070,1055,1094,1052,931,958,954,941,978,939,1002,956,978,958,954,960,1113,957,1139,941,1165,944,1187,963,1163,963,1137,961,970,1141,1000,1110,1027,1093,1045,1097,1063,1094,1094,1112,1130,1143,1093,1149,1063,1148,1043,1148,1023,1146,999,1147,984,1136,1026,1119,1045,1120,1063,1120,1115,1138,1063,1124,1044,1123,1025,1122
1475,h,1,1,831,831,1277,1277,49.166666666666664,855,998,856,1050,860,1101,866,1150,878,1195,903,1231,942,1255,988,1271,1042,1279,1099,1275,1152,1264,1201,1245,1233,1214,1253,1170,1265,1119,1274,1064,1280,1008,892,923,912,887,949,871,990,871,1027,887,1088,887,1127,873,1171,874,1211,892,1233,929,1054,930,1051,951,1048,971,1045,995,1003,1051,1024,1054,1046,1057,1070,1055,1094,1052,931,958,954,941,978,939,1002,956,978,958,954,960,1113,957,1139,941,1165,944,1187,963,1163,963,1137,961,970,1141,1000,1110,1027,1093,1045,1097,1063,1094,1094,1112,1130,1143,1093,1149,1063,1148,1043,1148,1023,1146,999,1147,984,1136,1026,1119,1045,1120,1063,1120,1115,1138,1063,1124,1044,1123,1025,1122
1476,h,1,1,831,831,1277,1277,49.2,860,994,861,1047,864,1098,868,1148,880,1194,906,1229,945,1253,989,1268,1041,1276,1097,1272,1150,1263,1198,1245,1233,1214,1255,1169,1266,1118,1275,1063,1283,1007,895,925,913,887,950,870,992,870,1029,885,1090,885,1130,872,1174,873,1213,891,1234,929,1056,928,1053,949,1050,969,1047,993,1005,1048,1026,1052,1048,1055,1072,1053,1096,1051,934,958,956,942,982,939,1005,956,982,959,956,961,1115,956,1140,940,1166,943,1188,961,1165,963,1139,960,970,1140,1000,1109,1028,1092,1046,1097,1066,1093,1097,1111,1134,1141,1096,1148,1065,1147,1044,1147,1024,1146,999,1146,985,1135,1027,1117,1046,1119,1065,1119,1118,1136,1065,1123,1045,1123,1026,1122
1477,h,1,1,831,831,1277,1277,49.233333333333334,860,999,860,1052,863,1103,867,1153,880,1198,906,1235,946,1258,991,1273,1043,1279,1098,1274,1151,1264,1199,1246,1233,1215,1254,1172,1266,1122,1276,1069,1283,1014,896,923,914,886,951,868,993,869,1031,883,1094,885,1134,872,1178,873,1217,892,1239,930,1059,930,1056,951,1053,970,1049,993,1008,1049,1028,1053,1049,1056,1073,1054,1096,1052,935,958,957,940,983,938,1005,956,982,958,957,959,1118,957,1144,941,1170,944,1192,963,1168,964,1142,962,971,1139,1001,1109,1029,1092,1048,1097,1068,1094,1099,1112,1135,1142,1098,1149,1067,1149,1046,1149,1025,1147,999,1147,985,1134,1028,1118,1048,1120,1068,1120,1120,1137,1068,1124,1047,1123,1027,1122
1478,h,1,1,831,831,1277,1277,49.266666666666666,860,999,860,1052,863,1103,867,1153,880,1198,906,1235,946,1258,991,1273,1043,1279,1098,1274,1151,1264,1199,1246,1233,1215,1254,1172,1266,1122,1276,1069,1283,1014,896,923,914,886,951,868,993,869,1031,883,1094,885,1134,872,1178,873,1217,892,1239,930,1059,930,1056,951,1053,970,1049,993,1008,1049,1028,1053,1049,1056,1073,1054,1096,1052,935,958,957,940,983,938,1005,956,982,958,957,959,1118,957,1144,941,1170,944,1192,963,1168,964,1142,962,971,1139,1001,1109,1029,1092,1048,1097,1068,1094,1099,1112,1135,1142,1098,1149,1067,1149,1046,1149,1025,1147,999,1147,985,1134,1028,1118,1048,1120,1068,1120,1120,1137,1068,1124,1047,1123,1027,1122
1479,h,1,1,831,831,1277,1277,49.3,856,992,859,1046,863,1097,867,1148,880,1193,905,1230,945,1254,991,1270,1043,1278,1098,1274,1150,1264,1199,1246,1234,1215,1257,1171,1269,1121,1279,1067,1286,1010,896,924,915,888,952,870,994,870,1033,885,1090,886,1130,873,1174,874,1214,893,1237,930,1057,931,1055,953,1051,974,1048,997,1008,1053,1028,1057,1050,1059,1073,1057,1096,1055,936,957,958,941,983,938,1006,956,983,959,958,960,1117,958,1142,942,1169,945,1191,963,1167,965,1141,963,973,1140,1002,1111,1030,1095,1048,1101,1067,1097,1099,1114,1133,1144,1098,1152,1067,1152,1046,1153,1026,1151,1000,1149,987,1136,1029,1121,1047,1122,1067,1122,1118,1139,1067,1128,1047,1127,1028,1125
1480,h,1,1,831,831,1277,1277,49.333333333333336,857,988,858,1043,862,1097,867,1149,880,1196,904,1232,943,1257,991,1273,1046,1280,1104,1276,1157,1265,1205,1244,1238,1211,1259,1166,1269,1115,1279,1060,1285,1003,890,917,911,883,949,868,991,869,1030,883,1092,886,1133,874,1178,874,1218,892,1240,930,1057,927,1055,950,1052,972,1049,997,1007,1052,1028,1055,1050,1058,1074,1056,1097,1054,934,954,956,942,980,939,1003,952,980,955,956,957,1120,954,1144,942,1169,946,1190,961,1166,962,1142,959,972,1143,1002,1113,1029,1096,1048,1101,1067,1097,1096,1115,1131,1145,1096,1151,1067,1150,1046,1150,1025,1148,1000,1149,986,1138,1028,1122,1048,1124,1067,1124,1116,1140,1066,1126,1047,1125,1027,1124
1481,h,1,1,831,831,1277,1277,49.36666666666667,854,987,854,1042,857,1096,863,1148,878,1195,903,1230,941,1256,988,1273,1042,1282,1100,1279,1153,1268,1200,1248,1234,1216,1256,1172,1268,1122,1278,1066,1287,1008,885,913,907,877,947,862,991,864,1031,878,1094,882,1136,869,1181,869,1222,886,1243,926,1058,928,1056,950,1053,972,1051,997,1007,1053,1028,1057,1051,1060,1075,1058,1098,1056,930,953,954,941,979,939,1003,951,979,955,954,956,1120,954,1146,943,1172,947,1194,962,1170,963,1144,960,974,1142,1003,1112,1030,1096,1049,1101,1069,1097,1099,1116,1134,1147,1098,1154,1068,1153,1048,1153,1027,1151,1002,1150,989,1137,1029,1122,1049,1123,1068,1124,1118,1141,1068,1128,1049,1127,1029,1125
1482,h,1,1,831,831,1277,1277,49.4,854,987,854,1042,857,1096,863,1148,878,1195,903,1230,941,1256,988,1273,1042,1282,1100,1279,1153,1268,1200,1248,1234,1216,1256,1172,1268,1122,1278,1066,1287,1008,885,913,907,877,947,862,991,864,1031,878,1094,882,1136,869,1181,869,1222,886,1243,926,1058,928,1056,950,1053,972,1051,997,1007,1053,1028,1057,1051,1060,1075,1058,1098,1056,930,953,954,941,979,939,1003,951,979,955,954,956,1120,954,1146,943,1172,947,1194,962,1170,963,1144,960,974,1142,1003,1112,1030,1096,1049,1101,1069,1097,1099,1116,1134,1147,1098,1154,1068,1153,1048,1153,1027,1151,1002,1150,989,1137,1029,1122,1049,1123,1068,1124,1118,1141,1068,1128,1049,1127,1029,1125
1483,h,1,1,831,831,1277,1277,49.43333333333333,860,1001,862,1055,867,1107,872,1158,885,1204,910,1239,951,1260,997,1273,1052,1278,1108,1273,1161,1261,1209,1243,1241,1212,1260,1167,1270,1117,1279,1063,1287,1008,898,927,917,890,953,873,995,873,1032,887,1089,888,1129,874,1174,875,1214,893,1235,932,1058,931,1056,953,1053,974,1050,998,1008,1053,1030,1056,1051,1059,1075,1057,1098,1055,938,959,958,942,983,939,1006,956,983,958,959,960,1119,956,1143,941,1168,944,1190,962,1167,962,1142,960,976,1143,1004,1111,1030,1095,1049,1100,1069,1096,1100,1114,1135,1145,1099,1151,1070,1150,1048,1151,1028,1149,1003,1149,989,1138,1030,1121,1049,1123,1069,1123,1120,1140,1069,1127,1049,1126,1029,1125
1484,h,1,1,831,831,1277,1277,49.46666666666667,861,1009,863,1060,868,1109,874,1157,888,1201,913,1235,953,1256,999,1270,1052,1276,1107,1271,1158,1261,1205,1244,1238,1214,1258,1170,1269,1119,1276,1066,1283,1012,899,925,918,890,954,873,996,873,1032,887,1094,886,1132,873,1175,874,1213,890,1235,925,1060,934,1058,955,1056,975,1053,997,1012,1052,1033,1055,1054,1058,1077,1056,1099,1055,937,964,959,947,985,945,1007,963,984,966,959,967,1119,961,1145,945,1171,947,1192,965,1170,967,1144,965,974,1140,1006,1109,1034,1093,1052,1097,1072,1094,1103,1112,1139,1142,1103,1150,1072,1149,1051,1150,1031,1148,1004,1148,989,1135,1033,1119,1052,1121,1072,1120,1123,1138,1072,1125,1052,1124,1032,1124
1485,h,1,1,831,831,1277,1277,49.5,860,999,863,1053,868,1105,875,1156,890,1202,916,1237,957,1259,1003,1274,1056,1281,1112,1277,1163,1264,1211,1244,1244,1209,1263,1163,1273,1111,1280,1057,1287,1000,894,925,913,887,951,869,995,868,1033,883,1095,886,1133,873,1175,874,1214,890,1235,925,1061,931,1060,953,1058,974,1055,998,1012,1053,1035,1056,1057,1058,1080,1056,1103,1055,938,962,961,948,985,945,1008,958,986,962,961,964,1121,958,1145,947,1170,950,1192,964,1168,965,1143,962,977,1139,1008,1109,1035,1092,1055,1098,1074,1094,1103,1113,1138,1143,1102,1151,1074,1150,1053,1151,1032,1149,1006,1147,992,1134,1035,1119,1055,1121,1074,1121,1123,1138,1073,1125,1054,1125,1034,1123
1486,h,1,1,831,831,1277,1277,49.53333333333333,860,999,863,1053,868,1105,875,1156,890,1202,916,1237,957,1259,1003,1274,1056,1281,1112,1277,1163,1264,1211,1244,1244,1209,1263,1163,1273,1111,1280,1057,1287,1000,894,925,913,887,951,869,995,868,1033,883,1095,886,1133,873,1175,874,1214,890,1235,925,1061,931,1060,953,1058,974,1055,998,1012,1053,1035,1056,1057,1058,1080,1056,1103,1055,938,962,961,948,985,945,1008,958,986,962,961,964,1121,958,1145,947,1170,950,1192,964,1168,965,1143,962,977,1139,1008,1109,1035,1092,1055,1098,1074,1094,1103,1113,1138,1143,1102,1151,1074,1150,1053,1151,1032,1149,1006,1147,992,1134,1035,1119,1055,1121,1074,1121,1123,1138,1073,1125,1054,1125,1034,1123
1487,h,1,1,831,831,1277,1277,49.56666666666667,870,999,871,1051,874,1102,878,1152,890,1198,914,1235,954,1258,1001,1273,1054,1281,1110,1277,1163,1267,1210,1248,1242,1217,1263,1173,1274,1124,1284,1071,1293,1015,909,924,927,887,963,869,1005,869,1041,884,1103,886,1143,874,1187,877,1226,896,1246,934,1069,931,1065,953,1062,974,1058,998,1016,1052,1037,1056,1059,1060,1082,1058,1106,1055,948,959,969,947,991,944,1014,954,992,957,969,959,1129,956,1155,947,1179,952,1201,967,1176,966,1152,962,981,1141,1011,1111,1037,1095,1056,1101,1076,1097,1105,1114,1141,1144,1105,1151,1075,1150,1054,1150,1033,1148,1008,1147,994,1135,1036,1121,1055,1123,1076,1123,1126,1139,1075,1126,1055,1125,1035,1124
1488,h,1,1,831,831,1277,1277,49.6,869,995,870,1050,873,1103,878,1153,890,1200,915,1236,954,1260,1000,1277,1055,1286,1113,1283,1168,1272,1217,1253,1252,1220,1273,1174,1285,1122,1295,1067,1302,1010,910,918,929,884,965,869,1005,870,1040,884,1107,885,1146,875,1188,876,1226,893,1247,928,1071,933,1068,954,1065,975,1061,998,1019,1051,1040,1056,1062,1060,1086,1058,1109,1055,948,960,971,946,996,944,1018,958,995,962,971,963,1131,961,1156,948,1182,952,1204,969,1180,969,1154,967,981,1143,1012,1112,1040,1097,1059,1102,1079,1099,1109,1117,1145,1148,1107,1155,1077,1154,1056,1155,1035,1152,1009,1151,996,1139,1039,1123,1058,1125,1078,1125,1130,1143,1078,1129,1057,1128,1037,1127
1489,h,1,1,831,831,1277,1277,49.63333333333333,873,997,873,1051,877,1104,882,1154,895,1202,920,1238,960,1260,1005,1275,1061,1282,1120,1278,1173,1265,1220,1244,1251,1210,1270,1164,1279,1114,1288,1060,1295,1005,914,922,933,887,969,872,1010,872,1045,886,1104,887,1144,874,1186,875,1225,893,1244,930,1073,932,1070,953,1067,974,1064,997,1021,1053,1043,1057,1065,1060,1088,1058,1110,1057,954,959,974,945,997,942,1018,955,998,958,975,960,1131,956,1156,944,1180,948,1200,964,1178,965,1155,962,987,1142,1017,1110,1044,1095,1062,1101,1083,1098,1112,1115,1146,1145,1110,1152,1081,1152,1060,1152,1039,1150,1013,1149,1000,1137,1043,1122,1062,1124,1082,1124,1131,1141,1081,1127,1060,1127,1041,1126
1490,h,1,1,831,831,1277,1277,49.666666666666664,873,997,873,1051,877,1104,882,1154,895,1202,920,1238,960,1260,1005,1275,1061,1282,1120,1278,1173,1265,1220,1244,1251,1210,1270,1164,1279,1114,1288,1060,1295,1005,914,922,933,887,969,872,1010,872,1045,886,1104,887,1144,874,1186,875,1225,893,1244,930,1073,932,1070,953,1067,974,1064,997,1021,1053,1043,1057,1065,1060,1088,1058,1110,1057,954,959,974,945,997,942,1018,955,998,958,975,960,1131,956,1156,944,1180,948,1200,964,1178,965,1155,962,987,1142,1017,1110,1044,1095,1062,1101,1083,1098,1112,1115,1146,1145,1110,1152,1081,1152,1060,1152,1039,1150,1013,1149,1000,1137,1043,1122,1062,1124,1082,1124,1131,1141,1081,1127,1060,1127,1041,1126
1491,h,1,1,831,831,1277,1277,49.7,867,994,869,1048,873,1101,879,1152,893,1198,918,1232,959,1255,1006,1270,1062,1277,1120,1272,1172,1260,1218,1240,1250,1207,1269,1163,1278,1112,1287,1058,1294,1002,899,915,922,880,961,864,1004,864,1042,880,1107,881,1146,869,1189,870,1228,888,1247,926,1073,929,1071,951,1070,974,1068,999,1023,1049,1045,1053,1067,1057,1091,1056,1113,1054,947,956,969,943,992,941,1015,952,994,956,970,958,1132,955,1157,945,1181,949,1201,963,1179,964,1155,961,986,1141,1017,1109,1044,1094,1062,1100,1082,1097,1112,1116,1146,1146,1110,1153,1081,1151,1060,1150,1039,1148,1014,1146,1000,1136,1043,1121,1062,1123,1082,1124,1131,1140,1081,1125,1061,1124,1042,1122
1492,h,1,1,831,831,1277,1277,49.733333333333334,875,1005,876,1058,880,1111,885,1161,899,1206,924,1240,963,1262,1009,1274,1063,1281,1119,1276,1170,1264,1217,1246,1251,1216,1272,1171,1282,1118,1290,1065,1297,1009,911,919,930,884,965,868,1006,868,1042,882,1105,883,1144,872,1185,872,1225,888,1246,925,1072,928,1070,950,1068,971,1065,995,1023,1051,1045,1054,1067,1056,1090,1055,1112,1053,953,958,973,942,997,940,1019,954,997,957,974,959,1131,954,1156,941,1180,944,1202,960,1179,960,1155,958,987,1140,1018,1108,1045,1091,1064,1096,1085,1094,1114,1112,1150,1141,1113,1148,1083,1147,1061,1148,1041,1145,1016,1144,1001,1135,1045,1118,1064,1119,1085,1120,1135,1137,1083,1123,1062,1122,1043,1121
1493,h,1,1,831,831,1277,1277,49.766666666666666,875,1005,876,1058,880,1111,885,1161,899,1206,924,1240,963,1262,1009,1274,1063,1281,1119,1276,1170,1264,1217,1246,1251,1216,1272,1171,1282,1118,1290,1065,1297,1009,911,919,930,884,965,868,1006,868,1042,882,1105,883,1144,872,1185,872,1225,888,1246,925,1072,928,1070,950,1068,971,1065,995,1023,1051,1045,1054,1067,1056,1090,1055,1112,1053,953,958,973,942,997,940,1019,954,997,957,974,959,1131,954,1156,941,1180,944,1202,960,1179,960,1155,958,987,1140,1018,1108,1045,1091,1064,1096,1085,1094,1114,1112,1150,1141,1113,1148,1083,1147,1061,1148,1041,1145,1016,1144,1001,1135,1045,1118,1064,1119,1085,1120,1135,1137,1083,1123,1062,1122,1043,1121
1494,h,1,1,831,831,1277,1277,49.8,876,1000,878,1053,881,1105,886,1155,900,1202,925,1238,965,1260,1011,1275,1062,1281,1116,1276,1166,1266,1214,1248,1249,1218,1272,1175,1284,1124,1294,1069,1302,1011,915,922,932,885,968,868,1008,868,1044,881,1110,881,1150,871,1192,872,1231,890,1251,928,1076,927,1073,950,1070,971,1067,995,1026,1049,1047,1053,1068,1055,1091,1054,1114,1053,956,955,978,938,1004,936,1027,954,1004,956,979,957,1131,955,1157,938,1184,942,1205,961,1182,961,1155,959,989,1137,1021,1105,1049,1089,1067,1095,1087,1091,1117,1109,1151,1139,1115,1148,1084,1149,1064,1150,1044,1148,1018,1146,1004,1132,1048,1117,1066,1118,1086,1118,1136,1135,1085,1124,1065,1123,1047,1122
1495,h,1,1,899,858,1270,1229,49.833333333333336,882,997,881,1048,883,1099,887,1149,899,1194,923,1231,961,1254,1006,1269,1060,1276,1116,1273,1169,1263,1217,1244,1252,1213,1274,1170,1286,1122,1297,1070,1304,1017,923,922,942,887,977,871,1017,870,1053,885,1114,888,1153,876,1195,879,1234,897,1256,934,1079,931,1075,952,1071,973,1067,996,1028,1049,1047,1053,1069,1056,1092,1054,1115,1053,961,956,982,938,1007,937,1030,956,1006,959,981,959,1137,958,1161,941,1186,944,1208,964,1185,965,1159,962,991,1139,1021,1107,1049,1092,1068,1097,1088,1093,1118,1111,1152,1142,1116,1149,1086,1149,1065,1149,1044,1148,1019,1146,1005,1135,1048,1119,1068,1120,1087,1120,1137,1138,1086,1124,1067,1123,1047,1122
1496,h,1,1,899,858,1270,1229,49.86666666666667,880,1000,880,1051,882,1102,886,1151,898,1197,923,1233,964,1256,1010,1270,1063,1276,1119,1273,1171,1263,1218,1245,1251,1216,1271,1173,1284,1124,1295,1074,1303,1021,917,924,936,887,972,868,1013,868,1050,881,1116,884,1156,875,1200,878,1239,899,1259,938,1080,930,1077,952,1074,974,1070,998,1029,1050,1049,1053,1070,1057,1093,1056,1117,1054,959,955,980,938,1005,936,1028,954,1004,957,979,958,1139,958,1164,942,1190,945,1212,965,1188,966,1162,962,992,1139,1021,1110,1049,1094,1069,1099,1088,1096,1118,1114,1152,1144,1117,1151,1087,1150,1067,1150,1045,1147,1019,1147,1005,1134,1048,1121,1068,1122,1088,1122,1138,1139,1088,1125,1068,1125,1048,1123
1497,h,1,1,899,858,1270,1229,49.9,880,1000,880,1051,882,1102,886,1151,898,1197,923,1233,964,1256,1010,1270,1063,1276,1119,1273,1171,1263,1218,1245,1251,1216,1271,1173,1284,1124,1295,1074,1303,1021,917,924,936,887,972,868,1013,868,1050,881,1116,884,1156,875,1200,878,1239,899,1259,938,1080,930,1077,952,1074,974,1070,998,1029,1050,1049,1053,1070,1057,1093,1056,1117,1054,959,955,980,938,1005,936,1028,954,1004,957,979,958,1139,958,1164,942,1190,945,1212,965,1188,966,1162,962,992,1139,1021,1110,1049,1094,1069,1099,1088,1096,1118,1114,1152,1144,1117,1151,1087,1150,1067,1150,1045,1147,1019,1147,1005,1134,1048,1121,1068,1122,1088,1122,1138,1139,1088,1125,1068,1125,1048,1123
1498,h,1,1,899,858,1270,1229,49.93333333333333,879,996,879,1047,881,1097,885,1147,896,1193,921,1230,963,1254,1010,1270,1064,1277,1121,1274,1173,1263,1221,1244,1253,1214,1273,1171,1285,1122,1296,1070,1305,1017,922,925,940,889,977,872,1017,871,1052,886,1118,888,1158,876,1201,880,1240,900,1261,938,1082,931,1078,953,1075,974,1072,998,1031,1049,1051,1053,1072,1057,1095,1056,1118,1054,961,957,983,940,1008,938,1031,957,1007,959,982,960,1139,960,1164,943,1190,947,1212,966,1188,967,1162,964,995,1138,1025,1109,1053,1094,1071,1099,1090,1096,1120,1113,1153,1143,1118,1151,1089,1150,1068,1151,1048,1149,1023,1147,1009,1133,1052,1120,1071,1121,1090,1121,1138,1138,1089,1126,1070,1125,1051,1124
1499,h,1,1,831,831,1277,1277,49.96666666666667,875,1002,877,1055,881,1108,887,1159,901,1205,927,1240,967,1262,1014,1276,1067,1283,1123,1278,1174,1267,1221,1247,1253,1215,1272,1168,1282,1116,1290,1062,1297,1006,911,921,931,885,968,868,1010,867,1047,882,1107,884,1146,872,1188,874,1228,890,1247,928,1074,928,1073,950,1071,971,1069,995,1026,1051,1048,1054,1070,1056,1093,1055,1116,1054,954,957,975,941,999,938,1022,953,1000,956,976,958,1134,954,1159,940,1184,944,1204,962,1182,962,1158,959,990,1141,1022,1108,1049,1091,1068,1096,1088,1093,1116,1112,1151,1144,1116,1150,1087,1149,1066,1149,1045,1147,1019,1147,1005,1135,1048,1119,1068,1121,1088,1121,1136,1138,1087,1123,1067,1122,1047,1121
1500,h,1,1,831,831,1277,1277,50.0,873,995,874,1048,877,1101,882,1152,896,1197,921,1233,962,1256,1009,1271,1063,1279,1119,1275,1171,1263,1218,1243,1252,1212,1272,1166,1282,1115,1290,1061,1298,1004,911,915,932,882,967,867,1008,868,1044,881,1109,882,1149,872,1191,873,1229,890,1249,927,1074,926,1072,948,1070,969,1068,993,1025,1049,1046,1052,1068,1055,1091,1054,1113,1052,951,955,972,940,996,938,1018,952,997,955,973,957,1133,953,1158,940,1183,943,1204,960,1181,961,1156,958,990,1138,1021,1106,1049,1090,1068,1095,1089,1092,1118,1110,1151,1140,1116,1149,1087,1149,1065,1149,1044,1147,1018,1146,1004,1133,1048,1116,1068,1118,1088,1119,1136,1136,1087,1122,1066,1121,1046,1120
1501,h,1,1,831,831,1277,1277,50.03333333333333,873,995,874,1048,877,1101,882,1152,896,1197,921,1233,962,1256,1009,1271,1063,1279,1119,1275,1171,1263,1218,1243,1252,1212,1272,1166,1282,1115,1290,1061,1298,1004,911,915,932,882,967,867,1008,868,1044,881,1109,882,1149,872,1191,873,1229,890,1249,927,1074,926,1072,948,1070,969,1068,993,1025,1049,1046,1052,1068,1055,1091,1054,1113,1052,951,955,972,940,996,938,1018,952,997,955,973,957,1133,953,1158,940,1183,943,1204,960,1181,961,1156,958,990,1138,1021,1106,1049,1090,1068,1095,1089,1092,1118,1110,1151,1140,1116,1149,1087,1149,1065,1149,1044,1147,1018,1146,1004,1133,1048,1116,1068,1118,1088,1119,1136,1136,1087,1122,1066,1121,1046,1120
1502,h,1,1,831,831,1277,1277,50.06666666666667,874,993,875,1048,879,1101,885,1152,899,1199,926,1236,969,1259,1016,1274,1069,1280,1124,1275,1176,1264,1223,1244,1254,1210,1274,1164,1284,1113,1292,1058,1298,1001,910,917,928,881,965,866,1006,867,1041,880,1104,878,1144,866,1187,867,1227,884,1248,922,1072,923,1070,945,1068,967,1066,991,1026,1047,1047,1050,1068,1052,1090,1051,1112,1049,951,954,973,940,997,937,1019,950,998,954,974,957,1130,950,1156,937,1181,940,1203,956,1180,958,1155,955,991,1138,1020,1105,1046,1089,1066,1094,1087,1091,1117,1109,1154,1139,1117,1146,1087,1145,1065,1145,1043,1144,1019,1144,1005,1133,1046,1115,1066,1117,1087,1117,1139,1135,1087,1121,1065,1120,1045,1119
1503,h,1,1,831,831,1277,1277,50.1,872,996,873,1051,877,1103,883,1154,898,1200,925,1236,967,1259,1014,1274,1069,1280,1126,1275,1179,1263,1226,1243,1258,1209,1277,1162,1287,1111,1294,1055,1301,998,905,920,923,882,961,865,1004,864,1042,878,1106,878,1148,866,1193,866,1234,884,1255,924,1072,923,1070,945,1068,967,1066,991,1025,1047,1046,1050,1068,1053,1091,1051,1114,1048,949,953,971,938,996,935,1020,949,997,953,972,955,1132,949,1158,936,1184,939,1206,956,1182,957,1157,954,990,1137,1018,1105,1045,1089,1066,1094,1088,1091,1119,1109,1154,1139,1119,1146,1089,1145,1066,1146,1043,1144,1017,1143,1004,1132,1045,1116,1066,1117,1088,1116,1139,1134,1088,1120,1066,1120,1044,1119
1504,h,1,1,831,831,1277,1277,50.13333333333333,875,996,876,1050,879,1102,885,1153,899,1199,925,1235,967,1257,1015,1271,1068,1277,1124,1271,1177,1259,1223,1239,1255,1207,1274,1162,1283,1112,1291,1058,1298,1002,910,920,930,883,968,867,1010,868,1046,881,1104,881,1145,870,1189,871,1230,889,1249,929,1074,927,1072,950,1070,971,1068,996,1025,1049,1046,1052,1068,1055,1092,1054,1115,1052,952,955,974,939,999,937,1021,953,999,956,974,958,1132,954,1157,939,1183,942,1204,960,1181,962,1155,960,994,1140,1022,1109,1049,1092,1067,1098,1087,1094,1117,1113,1151,1141,1116,1148,1087,1147,1066,1148,1046,1146,1021,1145,1007,1135,1048,1120,1067,1122,1087,1121,1136,1137,1087,1123,1066,1123,1048,1122
1505,h,1,1,831,831,1277,1277,50.166666666666664,875,996,876,1050,879,1102,885,1153,899,1199,925,1235,967,1257,1015,1271,1068,1277,1124,1271,1177,1259,1223,1239,1255,1207,1274,1162,1283,1112,1291,1058,1298,1002,910,920,930,883,968,867,1010,868,1046,881,1104,881,1145,870,1189,871,1230,889,1249,929,1074,927,1072,950,1070,971,1068,996,1025,1049,1046,1052,1068,1055,1092,1054,1115,1052,952,955,974,939,999,937,1021,953,999,956,974,958,1132,954,1157,939,1183,942,1204,960,1181,962,1155,960,994,1140,1022,1109,1049,1092,1067,1098,1087,1094,1117,1113,1151,1141,1116,1148,1087,1147,1066,1148,1046,1146,1021,1145,1007,1135,1048,1120,1067,1122,1087,1121,1136,1137,1087,1123,1066,1123,1048,1122
1506,h,1,1,831,831,1277,1277,50.2,874,1002,875,1056,878,1108,884,1158,898,1205,924,1240,964,1263,1011,1276,1065,1282,1122,1277,1174,1265,1220,1244,1253,1213,1272,1168,1281,1116,1287,1063,1293,1008,912,926,931,888,968,871,1010,871,1046,885,1107,885,1145,872,1188,874,1226,892,1244,931,1073,934,1071,955,1069,975,1067,998,1024,1054,1046,1057,1068,1060,1092,1058,1115,1056,953,960,975,944,999,942,1022,958,1000,962,975,963,1129,959,1154,944,1180,947,1201,965,1179,966,1153,964,990,1144,1021,1112,1049,1095,1067,1101,1087,1098,1117,1115,1151,1146,1115,1152,1086,1151,1065,1151,1045,1150,1019,1150,1004,1139,1048,1122,1067,1124,1087,1124,1136,1141,1085,1127,1065,1127,1046,1126
1507,h,1,1,831,831,1277,1277,50.233333333333334,872,995,874,1049,876,1102,882,1153,896,1200,922,1236,964,1259,1011,1274,1067,1280,1124,1275,1175,1262,1221,1241,1253,1208,1271,1162,1281,1112,1288,1058,1295,1003,911,927,929,888,967,870,1009,870,1046,884,1104,883,1145,871,1189,873,1229,891,1248,931,1073,930,1072,952,1070,973,1068,998,1025,1052,1047,1056,1069,1059,1093,1056,1116,1055,953,958,974,942,998,940,1021,955,1000,959,975,961,1131,955,1156,940,1181,943,1202,961,1180,962,1155,960,994,1142,1023,1112,1050,1096,1068,1101,1088,1097,1118,1115,1151,1144,1117,1151,1087,1150,1066,1151,1046,1149,1021,1149,1007,1138,1049,1122,1068,1123,1088,1123,1137,1139,1087,1126,1067,1126,1048,1125
1508,h,1,1,831,831,1277,1277,50.266666666666666,872,995,874,1049,876,1102,882,1153,896,1200,922,1236,964,1259,1011,1274,1067,1280,1124,1275,1175,1262,1221,1241,1253,1208,1271,1162,1281,1112,1288,1058,1295,1003,911,927,929,888,967,870,1009,870,1046,884,1104,883,1145,871,1189,873,1229,891,1248,931,1073,930,1072,952,1070,973,1068,998,1025,1052,1047,1056,1069,1059,1093,1056,1116,1055,953,958,974,942,998,940,1021,955,1000,959,975,961,1131,955,1156,940,1181,943,1202,961,1180,962,1155,960,994,1142,1023,1112,1050,1096,1068,1101,1088,1097,1118,1115,1151,1144,1117,1151,1087,1150,1066,1151,1046,1149,1021,1149,1007,1138,1049,1122,1068,1123,1088,1123,1137,1139,1087,1126,1067,1126,1048,1125
1509,h,1,1,831,831,1277,1277,50.3,870,1001,871,1054,875,1104,880,1153,893,1200,918,1237,960,1262,1008,1277,1062,1284,1119,1280,1171,1268,1217,1247,1249,1216,1269,1171,1279,1121,1287,1068,1294,1012,908,925,927,887,964,868,1006,866,1043,881,1100,880,1141,869,1185,872,1226,892,1246,933,1068,930,1066,952,1065,972,1062,996,1021,1051,1042,1055,1064,1058,1088,1055,1111,1053,950,959,970,941,995,939,1018,956,996,959,971,961,1127,958,1152,941,1178,944,1199,964,1176,965,1150,963,988,1143,1018,1111,1044,1094,1062,1099,1082,1095,1112,1114,1147,1144,1111,1150,1082,1150,1061,1150,1041,1148,1016,1149,1002,1138,1043,1122,1062,1123,1082,1123,1131,1139,1082,1125,1062,1125,1043,1124
1510,h,1,1,831,831,1277,1277,50.333333333333336,864,999,866,1052,870,1104,876,1154,889,1200,915,1236,958,1258,1007,1272,1064,1278,1122,1273,1176,1261,1222,1239,1250,1204,1266,1158,1273,1109,1280,1056,1286,1001,900,924,919,886,956,868,998,866,1035,881,1094,881,1134,869,1178,871,1219,889,1239,928,1064,927,1063,949,1062,970,1061,995,1017,1049,1039,1053,1062,1056,1085,1053,1109,1051,940,957,960,943,984,940,1007,953,986,957,962,959,1125,952,1150,939,1174,943,1196,959,1173,960,1148,957,984,1140,1014,1109,1041,1093,1060,1098,1080,1095,1110,1113,1144,1142,1109,1149,1080,1147,1059,1147,1037,1145,1013,1146,997,1135,1040,1121,1060,1122,1080,1122,1130,1137,1079,1123,1059,1123,1039,1122
1511,h,1,1,831,831,1277,1277,50.36666666666667,862,1009,865,1064,871,1116,880,1165,896,1209,924,1242,965,1262,1012,1275,1064,1280,1118,1275,1169,1266,1213,1246,1245,1214,1264,1169,1275,1117,1283,1063,1290,1006,895,926,913,887,950,869,993,867,1030,879,1097,878,1137,868,1180,869,1219,886,1240,923,1063,927,1062,948,1061,969,1060,992,1017,1046,1038,1050,1061,1053,1085,1051,1107,1048,938,959,961,941,987,938,1010,956,988,959,962,962,1121,954,1147,937,1173,939,1195,959,1173,960,1146,958,981,1140,1012,1107,1040,1090,1059,1095,1080,1092,1111,1109,1147,1140,1111,1149,1079,1149,1058,1149,1037,1148,1010,1147,996,1135,1040,1115,1060,1117,1080,1117,1132,1135,1079,1125,1058,1124,1038,1124
1512,h,1,1,831,831,1277,1277,50.4,862,1009,865,1064,871,1116,880,1165,896,1209,924,1242,965,1262,1012,1275,1064,1280,1118,1275,1169,1266,1213,1246,1245,1214,1264,1169,1275,1117,1283,1063,1290,1006,895,926,913,887,950,869,993,867,1030,879,1097,878,1137,868,1180,869,1219,886,1240,923,1063,927,1062,948,1061,969,1060,992,1017,1046,1038,1050,1061,1053,1085,1051,1107,1048,938,959,961,941,987,938,1010,956,988,959,962,962,1121,954,1147,937,1173,939,1195,959,1173,960,1146,958,981,1140,1012,1107,1040,1090,1059,1095,1080,1092,1111,1109,1147,1140,1111,1149,1079,1149,1058,1149,1037,1148,1010,1147,996,1135,1040,1115,1060,1117,1080,1117,1132,1135,1079,1125,1058,1124,1038,1124
1513,h,1,1,831,831,1277,1277,50.43333333333333,861,1008,864,1061,869,1113,877,1162,893,1206,921,1240,963,1261,1010,1275,1064,1281,1121,1275,1173,1262,1218,1241,1248,1206,1266,1160,1275,1110,1281,1056,1285,1002,894,925,913,887,950,869,993,866,1031,880,1095,879,1134,867,1177,868,1215,886,1236,923,1061,929,1060,950,1060,971,1059,994,1016,1050,1038,1053,1060,1056,1084,1054,1107,1051,940,959,961,943,984,939,1008,953,986,957,962,960,1122,952,1147,938,1172,941,1193,958,1170,958,1145,956,984,1141,1014,1109,1041,1092,1060,1096,1080,1093,1110,1111,1145,1141,1111,1147,1081,1146,1060,1146,1039,1145,1013,1145,997,1135,1041,1119,1061,1120,1081,1120,1131,1135,1080,1121,1060,1121,1040,1120
1514,h,1,1,831,831,1277,1277,50.46666666666667,865,996,867,1050,872,1102,877,1154,890,1202,916,1239,958,1263,1008,1278,1064,1284,1122,1279,1173,1267,1219,1244,1249,1209,1266,1163,1275,1112,1283,1057,1289,1001,903,928,922,890,961,873,1003,873,1040,889,1097,887,1136,873,1180,873,1220,890,1241,929,1066,928,1065,950,1063,972,1061,996,1019,1052,1041,1056,1063,1058,1087,1056,1110,1053,944,959,966,944,990,941,1013,955,991,959,967,961,1125,954,1150,940,1174,943,1195,959,1173,961,1149,958,986,1144,1016,1112,1042,1096,1062,1101,1083,1096,1112,1114,1147,1143,1113,1149,1085,1149,1062,1150,1040,1149,1015,1150,999,1139,1042,1123,1062,1124,1083,1123,1131,1138,1084,1126,1062,1126,1042,1125
1515,h,1,1,831,831,1277,1277,50.5,862,994,864,1049,868,1101,873,1153,888,1199,914,1236,956,1261,1007,1276,1064,1282,1124,1277,1176,1263,1222,1240,1250,1205,1267,1159,1274,1108,1280,1054,1285,999,901,927,920,890,957,873,999,872,1037,886,1097,885,1136,872,1180,873,1219,890,1240,928,1065,930,1064,952,1062,974,1061,998,1019,1054,1041,1057,1063,1059,1086,1057,1109,1055,942,960,964,945,987,942,1011,955,989,960,965,962,1125,955,1149,941,1173,943,1194,959,1172,961,1147,959,987,1146,1016,1114,1043,1097,1062,1101,1082,1097,1111,1115,1145,1144,1111,1150,1083,1150,1062,1151,1041,1150,1016,1150,1000,1141,1043,1124,1063,1125,1082,1124,1130,1140,1083,1127,1063,1127,1043,1126
1516,h,1,1,831,831,1277,1277,50.53333333333333,862,994,864,1049,868,1101,873,1153,888,1199,914,1236,956,1261,1007,1276,1064,1282,1124,1277,1176,1263,1222,1240,1250,1205,1267,1159,1274,1108,1280,1054,1285,999,901,927,920,890,957,873,999,872,1037,886,1097,885,1136,872,1180,873,1219,890,1240,928,1065,930,1064,952,1062,974,1061,998,1019,1054,1041,1057,1063,1059,1086,1057,1109,1055,942,960,964,945,987,942,1011,955,989,960,965,962,1125,955,1149,941,1173,943,1194,959,1172,961,1147,959,987,1146,1016,1114,1043,1097,1062,1101,1082,1097,1111,1115,1145,1144,1111,1150,1083,1150,1062,1151,1041,1150,1016,1150,1000,1141,1043,1124,1063,1125,1082,1124,1130,1140,1083,1127,1063,1127,1043,1126
1517,h,1,1,831,831,1277,1277,50.56666666666667,866,1006,869,1061,873,1113,880,1163,896,1209,923,1243,966,1265,1013,1277,1068,1282,1125,1275,1176,1260,1222,1238,1251,1205,1269,1159,1277,1109,1284,1055,1290,1001,905,929,923,890,960,873,1003,873,1038,888,1097,886,1135,872,1178,872,1218,888,1237,926,1067,930,1065,952,1064,973,1062,998,1019,1052,1042,1056,1064,1059,1088,1056,1111,1053,946,961,966,944,990,941,1013,955,992,960,968,962,1125,954,1150,939,1174,942,1196,959,1173,960,1148,958,988,1144,1018,1111,1044,1094,1062,1100,1083,1096,1112,1113,1146,1144,1112,1149,1084,1148,1063,1148,1042,1147,1017,1147,1001,1138,1044,1120,1063,1121,1083,1121,1132,1138,1083,1125,1062,1124,1043,1123
1518,h,1,1,831,831,1277,1277,50.6,863,1009,866,1064,869,1116,877,1166,895,1212,923,1246,966,1269,1015,1282,1071,1286,1127,1280,1178,1268,1223,1246,1253,1212,1271,1166,1279,1114,1285,1060,1290,1004,901,928,919,889,956,869,999,867,1036,882,1093,880,1134,867,1179,869,1220,888,1240,928,1064,926,1063,949,1062,971,1061,996,1018,1051,1040,1054,1063,1057,1086,1055,1109,1052,944,959,965,943,988,940,1011,954,990,957,966,960,1124,953,1148,940,1172,942,1194,959,1171,959,1147,957,987,1142,1016,1110,1043,1094,1063,1099,1083,1095,1112,1113,1147,1143,1113,1148,1084,1148,1062,1148,1041,1146,1016,1146,1001,1137,1043,1119,1063,1121,1083,1121,1132,1137,1083,1123,1062,1122,1043,1121
1519,h,1,1,831,831,1277,1277,50.63333333333333,859,1005,863,1057,870,1108,876,1157,892,1203,920,1238,962,1260,1012,1273,1069,1278,1126,1271,1179,1258,1225,1237,1253,1202,1269,1155,1275,1105,1280,1052,1284,998,896,927,914,888,951,870,993,869,1031,882,1094,882,1133,869,1177,869,1216,885,1236,923,1062,926,1062,948,1061,970,1060,994,1018,1049,1040,1052,1062,1055,1086,1052,1108,1049,940,958,960,943,983,940,1007,953,986,956,962,959,1123,950,1147,937,1170,940,1191,955,1169,956,1146,954,987,1140,1016,1109,1043,1092,1062,1096,1081,1092,1111,1110,1146,1139,1112,1145,1083,1144,1062,1145,1041,1143,1015,1144,1001,1135,1043,1118,1062,1120,1082,1119,1131,1134,1082,1120,1062,1120,1042,1119
1520,h,1,1,831,831,1277,1277,50.666666666666664,859,1005,863,1057,870,1108,876,1157,892,1203,920,1238,962,1260,1012,1273,1069,1278,1126,1271,1179,1258,1225,1237,1253,1202,1269,1155,1275,1105,1280,1052,1284,998,896,927,914,888,951,870,993,869,1031,882,1094,882,1133,869,1177,869,1216,885,1236,923,1062,926,1062,948,1061,970,1060,994,1018,1049,1040,1052,1062,1055,1086,1052,1108,1049,940,958,960,943,983,940,1007,953,986,956,962,959,1123,950,1147,937,1170,940,1191,955,1169,956,1146,954,987,1140,1016,1109,1043,1092,1062,1096,1081,1092,1111,1110,1146,1139,1112,1145,1083,1144,1062,1145,1041,1143,1015,1144,1001,1135,1043,1118,1062,1120,1082,1119,1131,1134,1082,1120,1062,1120,1042,1119
1521,h,1,1,831,831,1277,1277,50.7,856,994,861,1049,867,1102,874,1152,888,1199,914,1234,958,1257,1009,1271,1065,1277,1123,1271,1178,1260,1224,1238,1254,1202,1271,1155,1279,1103,1285,1049,1290,992,885,922,904,883,945,864,990,862,1030,877,1091,875,1133,862,1178,864,1219,882,1240,921,1061,925,1061,948,1060,969,1059,994,1016,1048,1039,1051,1061,1053,1085,1050,1108,1047,932,956,955,943,979,940,1004,951,981,956,956,959,1123,949,1147,938,1172,941,1194,955,1171,957,1146,955,984,1137,1015,1108,1042,1091,1061,1096,1082,1092,1111,1109,1146,1137,1112,1144,1082,1143,1060,1144,1039,1143,1014,1143,999,1132,1041,1116,1061,1118,1082,1117,1131,1132,1082,1119,1061,1119,1040,1118
1522,h,1,1,831,831,1277,1277,50.733333333333334,863,996,866,1050,870,1104,877,1154,891,1200,916,1237,958,1261,1007,1276,1061,1282,1119,1276,1172,1263,1219,1240,1250,1204,1267,1157,1275,1106,1281,1052,1286,997,898,923,917,887,955,870,997,869,1035,881,1096,882,1135,871,1177,871,1215,887,1235,923,1064,925,1063,947,1062,970,1061,995,1018,1050,1040,1053,1062,1055,1085,1053,1108,1049,941,957,963,943,986,939,1010,951,988,956,964,958,1123,950,1147,938,1171,941,1193,956,1170,957,1146,955,985,1139,1014,1109,1042,1092,1061,1096,1081,1092,1111,1110,1146,1139,1111,1145,1082,1144,1061,1145,1040,1143,1014,1145,998,1134,1041,1118,1061,1120,1081,1119,1132,1134,1081,1121,1061,1121,1041,1121
1523,h,1,1,831,831,1277,1277,50.766666666666666,863,996,866,1050,870,1104,877,1154,891,1200,916,1237,958,1261,1007,1276,1061,1282,1119,1276,1172,1263,1219,1240,1250,1204,1267,1157,1275,1106,1281,1052,1286,997,898,923,917,887,955,870,997,869,1035,881,1096,882,1135,871,1177,871,1215,887,1235,923,1064,925,1063,947,1062,970,1061,995,1018,1050,1040,1053,1062,1055,1085,1053,1108,1049,941,957,963,943,986,939,1010,951,988,956,964,958,1123,950,1147,938,1171,941,1193,956,1170,957,1146,955,985,1139,1014,1109,1042,1092,1061,1096,1081,1092,1111,1110,1146,1139,1111,1145,1082,1144,1061,1145,1040,1143,1014,1145,998,1134,1041,1118,1061,1120,1081,1119,1132,1134,1081,1121,1061,1121,1041,1121
1524,h,1,1,831,831,1277,1277,50.8,867,1006,870,1060,875,1112,882,1162,896,1209,923,1245,965,1268,1014,1283,1069,1288,1126,1281,1177,1269,1223,1248,1252,1215,1269,1171,1278,1121,1286,1068,1291,1013,904,935,922,893,960,873,1003,873,1041,887,1100,887,1139,873,1184,874,1225,894,1245,935,1068,929,1067,952,1065,974,1063,1000,1022,1053,1044,1057,1066,1059,1089,1057,1112,1054,947,963,968,946,992,943,1016,957,993,960,969,963,1129,956,1154,943,1179,946,1201,964,1177,964,1152,961,988,1145,1018,1113,1045,1096,1064,1101,1085,1097,1114,1114,1149,1144,1115,1151,1085,1151,1064,1152,1043,1150,1017,1150,1002,1139,1044,1122,1064,1123,1085,1123,1134,1140,1085,1127,1064,1127,1044,1125
1525,h,1,1,831,831,1277,1277,50.833333333333336,866,1005,868,1059,871,1112,878,1162,895,1207,923,1241,965,1262,1014,1275,1070,1279,1126,1272,1175,1259,1220,1241,1251,1209,1270,1164,1278,1115,1285,1063,1291,1009,902,929,922,891,960,871,1004,870,1042,884,1102,882,1142,871,1185,873,1224,892,1243,930,1070,930,1069,953,1068,974,1067,998,1024,1055,1046,1057,1068,1060,1091,1058,1114,1055,946,962,966,946,989,943,1012,956,992,960,968,962,1130,955,1154,942,1178,945,1199,961,1177,961,1153,959,989,1145,1020,1113,1048,1096,1067,1101,1086,1097,1115,1114,1148,1143,1115,1150,1086,1149,1066,1150,1045,1149,1019,1150,1003,1139,1048,1123,1067,1124,1087,1123,1134,1138,1086,1126,1066,1126,1047,1125
1526,h,1,1,831,831,1277,1277,50.86666666666667,866,1008,870,1063,875,1116,881,1165,897,1212,924,1247,966,1269,1014,1283,1068,1288,1125,1282,1176,1271,1221,1250,1251,1216,1268,1171,1277,1119,1283,1065,1288,1008,903,932,922,892,960,871,1004,870,1043,884,1101,884,1140,871,1184,873,1224,891,1243,932,1070,932,1069,954,1067,975,1065,999,1022,1054,1045,1058,1068,1061,1091,1059,1114,1056,948,964,969,947,993,943,1017,959,995,962,970,965,1128,958,1152,943,1177,946,1198,963,1176,964,1151,962,988,1145,1019,1112,1048,1095,1067,1100,1087,1096,1117,1114,1151,1145,1117,1153,1087,1153,1066,1154,1045,1153,1018,1151,1003,1140,1047,1122,1067,1123,1088,1123,1135,1141,1087,1129,1066,1129,1046,1128
1527,h,1,1,831,831,1277,1277,50.9,866,1008,870,1063,875,1116,881,1165,897,1212,924,1247,966,1269,1014,1283,1068,1288,1125,1282,1176,1271,1221,1250,1251,1216,1268,1171,1277,1119,1283,1065,1288,1008,903,932,922,892,960,871,1004,870,1043,884,1101,884,1140,871,1184,873,1224,891,1243,932,1070,932,1069,954,1067,975,1065,999,1022,1054,1045,1058,1068,1061,1091,1059,1114,1056,948,964,969,947,993,943,1017,959,995,962,970,965,1128,958,1152,943,1177,946,1198,963,1176,964,1151,962,988,1145,1019,1112,1048,1095,1067,1100,1087,1096,1117,1114,1151,1145,1117,1153,1087,1153,1066,1154,1045,1153,1018,1151,1003,1140,1047,1122,1067,1123,1088,1123,1135,1141,1087,1129,1066,1129,1046,1128
1528,h,1,1,831,831,1277,1277,50.93333333333333,866,1002,868,1055,873,1107,879,1156,894,1202,920,1237,962,1259,1010,1274,1064,1280,1120,1276,1171,1264,1217,1244,1247,1213,1265,1168,1274,1118,1282,1065,1287,1010,906,926,926,888,963,871,1006,871,1043,885,1100,883,1139,871,1183,873,1222,891,1242,929,1069,928,1068,950,1066,971,1065,996,1023,1050,1044,1053,1066,1057,1089,1055,1112,1053,949,958,970,942,993,940,1016,954,995,957,971,959,1128,954,1152,940,1177,943,1198,961,1175,961,1151,958,990,1140,1020,1109,1047,1092,1066,1097,1086,1093,1116,1112,1150,1141,1116,1149,1086,1149,1065,1149,1044,1147,1019,1147,1004,1135,1047,1119,1066,1120,1086,1120,1136,1137,1086,1123,1065,1123,1046,1122
1529,h,1,1,831,831,1277,1277,50.96666666666667,870,1005,873,1058,877,1109,883,1158,896,1203,923,1239,965,1261,1014,1275,1069,1280,1126,1274,1177,1261,1223,1241,1252,1208,1270,1163,1278,1113,1285,1059,1291,1004,902,927,920,889,956,869,999,866,1037,878,1100,876,1143,866,1187,869,1227,888,1246,929,1068,927,1067,948,1065,969,1064,993,1022,1048,1044,1051,1066,1054,1089,1052,1112,1050,948,959,969,942,992,939,1015,952,994,956,971,958,1128,952,1153,938,1178,941,1199,959,1176,959,1151,956,990,1140,1019,1106,1046,1089,1065,1093,1085,1090,1114,1109,1149,1140,1114,1146,1085,1146,1064,1147,1043,1145,1018,1145,1003,1134,1046,1117,1065,1118,1085,1118,1134,1135,1084,1121,1064,1121,1045,1120
1530,h,1,1,831,831,1277,1277,51.0,872,999,875,1054,879,1107,885,1158,900,1203,927,1237,970,1259,1018,1272,1073,1276,1129,1270,1179,1256,1225,1236,1255,1204,1273,1159,1281,1108,1287,1055,1292,1000,912,924,930,887,965,870,1005,869,1041,881,1105,879,1142,868,1183,870,1221,886,1242,922,1070,926,1069,949,1068,971,1067,995,1026,1049,1047,1052,1068,1054,1091,1052,1113,1051,953,958,973,942,996,939,1017,953,998,956,975,959,1131,952,1154,938,1178,941,1199,957,1177,957,1153,956,992,1140,1022,1107,1049,1089,1068,1094,1089,1090,1119,1109,1153,1139,1118,1146,1088,1146,1067,1147,1047,1146,1021,1145,1005,1135,1049,1118,1068,1118,1089,1118,1138,1134,1088,1121,1067,1120,1048,1120
1531,h,1,1,831,831,1277,1277,51.03333333333333,872,999,875,1054,879,1107,885,1158,900,1203,927,1237,970,1259,1018,1272,1073,1276,1129,1270,1179,1256,1225,1236,1255,1204,1273,1159,1281,1108,1287,1055,1292,1000,912,924,930,887,965,870,1005,869,1041,881,1105,879,1142,868,1183,870,1221,886,1242,922,1070,926,1069,949,1068,971,1067,995,1026,1049,1047,1052,1068,1054,1091,1052,1113,1051,953,958,973,942,996,939,1017,953,998,956,975,959,1131,952,1154,938,1178,941,1199,957,1177,957,1153,956,992,1140,1022,1107,1049,1089,1068,1094,1089,1090,1119,1109,1153,1139,1118,1146,1088,1146,1067,1147,1047,1146,1021,1145,1005,1135,1049,1118,1068,1118,1089,1118,1138,1134,1088,1121,1067,1120,1048,1120
1532,h,1,1,831,831,1277,1277,51.06666666666667,875,1004,875,1057,879,1109,884,1158,898,1203,924,1238,967,1259,1015,1272,1069,1279,1126,1276,1176,1265,1222,1246,1254,1214,1274,1169,1284,1118,1292,1064,1299,1009,915,924,934,887,970,871,1011,872,1047,885,1107,886,1146,874,1189,875,1228,891,1249,929,1076,928,1074,950,1072,972,1070,997,1029,1049,1050,1053,1071,1056,1094,1054,1116,1052,957,958,977,942,1000,940,1022,953,1001,957,978,959,1134,954,1158,940,1182,943,1203,961,1181,961,1157,959,996,1140,1025,1109,1051,1093,1071,1098,1093,1095,1120,1113,1152,1143,1119,1147,1092,1146,1069,1146,1048,1144,1023,1144,1009,1135,1050,1118,1071,1120,1092,1120,1138,1138,1091,1123,1069,1122,1049,1122
1533,h,1,1,899,858,1270,1229,51.1,875,997,875,1048,878,1098,883,1147,895,1194,920,1230,962,1254,1009,1271,1064,1277,1120,1274,1171,1262,1218,1244,1251,1214,1271,1172,1281,1122,1289,1071,1295,1017,918,930,936,893,973,875,1014,874,1050,888,1111,889,1150,878,1193,882,1231,900,1252,936,1080,934,1077,954,1074,974,1071,996,1031,1049,1050,1052,1071,1056,1094,1054,1117,1052,959,959,980,941,1005,939,1028,957,1005,960,980,961,1135,960,1159,942,1185,946,1206,965,1183,966,1158,963,997,1141,1024,1110,1052,1095,1071,1100,1092,1097,1122,1114,1155,1144,1121,1151,1091,1152,1070,1152,1049,1150,1023,1148,1011,1136,1051,1119,1071,1121,1092,1121,1140,1140,1091,1128,1071,1127,1051,1126
1534,h,1,1,831,831,1277,1277,51.13333333333333,872,1003,874,1058,877,1111,884,1162,900,1207,926,1240,967,1262,1014,1275,1067,1281,1123,1276,1174,1265,1221,1245,1254,1213,1273,1168,1282,1116,1289,1061,1295,1004,911,928,930,890,968,875,1011,875,1049,889,1104,887,1144,874,1187,875,1226,892,1246,930,1075,932,1073,954,1071,975,1070,999,1028,1053,1050,1057,1071,1060,1094,1057,1117,1055,955,960,977,944,1001,942,1023,957,1002,961,977,963,1131,957,1155,942,1180,944,1201,962,1180,963,1155,961,994,1143,1025,1111,1052,1094,1072,1099,1092,1096,1121,1114,1154,1145,1119,1150,1090,1149,1069,1150,1048,1149,1022,1149,1007,1138,1051,1121,1071,1122,1092,1122,1139,1140,1090,1125,1070,1125,1050,1124
1535,h,1,1,831,831,1277,1277,51.166666666666664,872,1003,874,1058,877,1111,884,1162,900,1207,926,1240,967,1262,1014,1275,1067,1281,1123,1276,1174,1265,1221,1245,1254,1213,1273,1168,1282,1116,1289,1061,1295,1004,911,928,930,890,968,875,1011,875,1049,889,1104,887,1144,874,1187,875,1226,892,1246,930,1075,932,1073,954,1071,975,1070,999,1028,1053,1050,1057,1071,1060,1094,1057,1117,1055,955,960,977,944,1001,942,1023,957,1002,961,977,963,1131,957,1155,942,1180,944,1201,962,1180,963,1155,961,994,1143,1025,1111,1052,1094,1072,1099,1092,1096,1121,1114,1154,1145,1119,1150,1090,1149,1069,1150,1048,1149,1022,1149,1007,1138,1051,1121,1071,1122,1092,1122,1139,1140,1090,1125,1070,1125,1050,1124
1536,h,1,1,831,831,1277,1277,51.2,872,1003,873,1056,878,1109,885,1159,900,1205,927,1239,969,1259,1015,1272,1069,1277,1124,1273,1176,1261,1222,1241,1253,1209,1271,1164,1280,1113,1287,1059,1292,1003,911,929,931,890,969,874,1012,875,1049,888,1104,888,1143,875,1186,874,1226,891,1246,929,1075,929,1073,951,1071,972,1069,996,1027,1050,1049,1053,1071,1056,1094,1054,1117,1051,954,959,975,942,999,940,1023,955,1001,959,976,961,1133,955,1157,941,1182,943,1202,961,1180,962,1156,960,993,1141,1024,1108,1052,1091,1071,1096,1091,1093,1121,1112,1154,1143,1120,1147,1091,1147,1069,1147,1049,1145,1024,1145,1007,1136,1051,1117,1070,1119,1091,1119,1140,1138,1090,1123,1069,1122,1050,1121
1537,h,1,1,831,831,1277,1277,51.233333333333334,866,999,868,1054,873,1106,880,1156,894,1202,920,1238,962,1260,1011,1273,1067,1281,1125,1275,1178,1264,1224,1242,1253,1207,1269,1161,1277,1109,1283,1055,1288,999,907,923,926,886,962,870,1004,869,1041,883,1098,883,1137,871,1180,874,1219,890,1240,927,1068,927,1068,948,1066,969,1065,993,1023,1049,1045,1052,1067,1055,1090,1053,1112,1050,951,957,971,941,994,939,1017,953,995,956,972,958,1127,952,1152,939,1176,942,1196,959,1174,959,1150,957,990,1138,1020,1106,1048,1089,1067,1094,1087,1091,1117,1110,1152,1142,1115,1146,1086,1144,1065,1143,1044,1142,1018,1142,1005,1132,1047,1115,1067,1117,1087,1117,1136,1136,1086,1121,1066,1119,1046,1119
1538,h,1,1,831,831,1277,1277,51.266666666666666,866,999,868,1054,873,1106,880,1156,894,1202,920,1238,962,1260,1011,1273,1067,1281,1125,1275,1178,1264,1224,1242,1253,1207,1269,1161,1277,1109,1283,1055,1288,999,907,923,926,886,962,870,1004,869,1041,883,1098,883,1137,871,1180,874,1219,890,1240,927,1068,927,1068,948,1066,969,1065,993,1023,1049,1045,1052,1067,1055,1090,1053,1112,1050,951,957,971,941,994,939,1017,953,995,956,972,958,1127,952,1152,939,1176,942,1196,959,1174,959,1150,957,990,1138,1020,1106,1048,1089,1067,1094,1087,1091,1117,1110,1152,1142,1115,1146,1086,1144,1065,1143,1044,1142,1018,1142,1005,1132,1047,1115,1067,1117,1087,1117,1136,1136,1086,1121,1066,1119,1046,1119
1539,h,1,1,831,831,1277,1277,51.3,872,992,874,1047,877,1100,883,1151,898,1198,925,1233,969,1255,1017,1268,1071,1274,1127,1267,1178,1252,1223,1232,1255,1200,1273,1155,1281,1104,1288,1050,1294,995,910,925,928,887,964,870,1006,870,1043,882,1106,881,1144,870,1186,871,1224,887,1244,923,1073,926,1071,948,1069,969,1067,993,1026,1046,1047,1050,1068,1052,1092,1050,1114,1048,953,956,974,941,997,938,1019,951,998,955,974,957,1131,950,1154,936,1177,939,1198,955,1176,956,1153,954,992,1138,1022,1105,1049,1088,1068,1092,1089,1089,1119,1107,1153,1139,1118,1144,1088,1144,1067,1144,1046,1143,1020,1142,1006,1133,1048,1114,1068,1115,1089,1115,1138,1134,1088,1120,1067,1119,1047,1119
1540,h,1,1,831,831,1277,1277,51.333333333333336,874,997,876,1052,880,1105,886,1156,900,1202,926,1239,967,1261,1015,1273,1069,1278,1125,1272,1176,1260,1222,1239,1254,1207,1273,1162,1281,1111,1289,1059,1296,1003,912,928,931,889,968,870,1011,869,1048,883,1106,883,1145,871,1189,872,1229,890,1248,931,1074,929,1072,950,1070,971,1068,994,1026,1050,1048,1053,1070,1055,1093,1053,1116,1051,956,958,977,940,1002,937,1024,955,1003,958,977,959,1130,955,1155,938,1181,940,1203,960,1180,961,1154,959,991,1139,1022,1106,1050,1089,1070,1095,1089,1091,1119,1108,1152,1139,1118,1144,1089,1145,1068,1146,1047,1144,1021,1143,1005,1133,1050,1117,1069,1118,1089,1117,1138,1134,1089,1121,1069,1121,1049,1120
1541,h,1,1,899,858,1270,1229,51.36666666666667,876,1002,877,1054,881,1106,887,1155,900,1201,928,1235,970,1256,1016,1270,1070,1276,1125,1271,1176,1258,1223,1240,1255,1210,1273,1166,1283,1116,1291,1065,1298,1011,916,929,936,892,973,874,1015,874,1053,887,1113,888,1151,876,1195,878,1234,896,1254,934,1080,933,1077,954,1075,975,1072,999,1030,1051,1051,1054,1073,1058,1097,1056,1120,1054,958,960,979,942,1005,940,1029,959,1005,961,979,963,1135,960,1161,942,1187,945,1209,964,1186,965,1159,963,994,1141,1024,1110,1052,1094,1072,1099,1091,1095,1121,1112,1154,1143,1121,1151,1091,1153,1071,1153,1049,1152,1022,1149,1008,1137,1052,1120,1072,1122,1091,1122,1140,1138,1090,1127,1071,1126,1051,1126
1542,h,1,1,899,858,1270,1229,51.4,876,1002,877,1054,881,1106,887,1155,900,1201,928,1235,970,1256,1016,1270,1070,1276,1125,1271,1176,1258,1223,1240,1255,1210,1273,1166,1283,1116,1291,1065,1298,1011,916,929,936,892,973,874,1015,874,1053,887,1113,888,1151,876,1195,878,1234,896,1254,934,1080,933,1077,954,1075,975,1072,999,1030,1051,1051,1054,1073,1058,1097,1056,1120,1054,958,960,979,942,1005,940,1029,959,1005,961,979,963,1135,960,1161,942,1187,945,1209,964,1186,965,1159,963,994,1141,1024,1110,1052,1094,1072,1099,1091,1095,1121,1112,1154,1143,1121,1151,1091,1153,1071,1153,1049,1152,1022,1149,1008,1137,1052,1120,1072,1122,1091,1122,1140,1138,1090,1127,1071,1126,1051,1126
1543,h,1,1,899,858,1270,1229,51.43333333333333,878,999,879,1051,882,1101,887,1151,900,1197,926,1231,968,1254,1015,1268,1069,1276,1126,1271,1179,1259,1225,1239,1257,1208,1276,1164,1284,1115,1291,1064,1296,1012,922,924,942,889,978,874,1019,874,1056,888,1114,888,1152,877,1195,877,1233,894,1253,931,1082,932,1080,954,1077,975,1074,999,1033,1051,1054,1055,1075,1058,1098,1056,1121,1054,961,957,982,940,1007,938,1031,956,1007,959,982,960,1138,958,1163,941,1188,943,1210,962,1188,964,1161,962,997,1142,1027,1111,1055,1095,1074,1100,1093,1096,1124,1114,1157,1144,1123,1151,1093,1152,1072,1152,1052,1150,1026,1148,1011,1137,1054,1122,1074,1123,1093,1123,1142,1139,1093,1126,1073,1126,1054,1125
1544,h,1,1,899,858,1270,1229,51.46666666666667,876,996,877,1048,881,1099,885,1148,898,1194,923,1231,966,1253,1013,1268,1069,1275,1127,1270,1179,1257,1225,1237,1256,1204,1273,1160,1282,1111,1289,1060,1296,1006,914,926,933,889,972,871,1015,872,1053,887,1112,887,1152,875,1196,876,1236,894,1256,934,1079,931,1077,953,1075,974,1072,998,1030,1050,1052,1053,1074,1056,1098,1054,1121,1052,957,956,978,940,1003,938,1026,954,1003,957,978,959,1138,956,1162,941,1188,944,1209,962,1186,963,1161,960,996,1141,1026,1110,1053,1094,1074,1099,1093,1095,1122,1113,1156,1143,1122,1149,1093,1150,1072,1150,1050,1148,1024,1146,1009,1135,1053,1120,1073,1121,1093,1121,1142,1138,1092,1126,1073,1125,1052,1124
1545,h,1,1,899,858,1270,1229,51.5,875,1003,876,1053,880,1103,885,1152,899,1197,926,1231,968,1253,1014,1267,1068,1274,1124,1270,1174,1258,1221,1238,1254,1208,1273,1164,1281,1115,1288,1065,1294,1012,915,930,934,892,971,874,1013,873,1051,887,1112,887,1152,876,1196,877,1235,896,1256,935,1079,931,1077,953,1074,973,1072,996,1032,1047,1052,1051,1074,1054,1097,1052,1119,1050,958,959,980,940,1005,938,1029,956,1005,959,979,961,1134,957,1159,940,1185,942,1207,962,1184,963,1158,961,997,1138,1027,1107,1055,1092,1074,1097,1093,1093,1122,1110,1156,1140,1122,1148,1092,1150,1072,1150,1051,1148,1025,1146,1011,1133,1054,1116,1074,1118,1093,1117,1142,1135,1092,1126,1073,1125,1053,1124
1546,h,1,1,899,858,1270,1229,51.53333333333333,875,1003,876,1053,880,1103,885,1152,899,1197,926,1231,968,1253,1014,1267,1068,1274,1124,1270,1174,1258,1221,1238,1254,1208,1273,1164,1281,1115,1288,1065,1294,1012,915,930,934,892,971,874,1013,873,1051,887,1112,887,1152,876,1196,877,1235,896,1256,935,1079,931,1077,953,1074,973,1072,996,1032,1047,1052,1051,1074,1054,1097,1052,1119,1050,958,959,980,940,1005,938,1029,956,1005,959,979,961,1134,957,1159,940,1185,942,1207,962,1184,963,1158,961,997,1138,1027,1107,1055,1092,1074,1097,1093,1093,1122,1110,1156,1140,1122,1148,1092,1150,1072,1150,1051,1148,1025,1146,1011,1133,1054,1116,1074,1118,1093,1117,1142,1135,1092,1126,1073,1125,1053,1124
1547,h,1,1,899,858,1270,1229,51.56666666666667,874,1003,875,1053,879,1103,885,1152,898,1198,924,1234,966,1256,1013,1269,1069,1274,1125,1271,1176,1259,1222,1240,1254,1209,1273,1164,1282,1115,1289,1062,1295,1009,915,927,934,890,971,873,1012,872,1049,885,1107,885,1146,874,1190,876,1228,893,1249,931,1076,926,1073,948,1071,968,1069,992,1029,1047,1050,1049,1072,1052,1095,1050,1117,1047,957,957,978,939,1002,936,1025,954,1002,957,977,959,1133,953,1157,936,1182,938,1204,957,1181,958,1156,956,996,1138,1025,1106,1053,1089,1072,1094,1091,1089,1120,1106,1154,1137,1120,1143,1091,1143,1072,1144,1051,1143,1025,1143,1009,1133,1052,1116,1072,1117,1091,1116,1140,1132,1091,1119,1072,1120,1052,1119
1548,h,1,1,899,858,1270,1229,51.6,874,1005,876,1054,880,1104,886,1152,899,1197,926,1232,968,1253,1016,1267,1073,1273,1130,1268,1181,1255,1226,1234,1258,1203,1275,1160,1283,1112,1289,1060,1294,1008,916,928,934,891,971,872,1012,871,1050,884,1110,884,1147,872,1189,873,1227,890,1247,927,1077,925,1076,948,1074,969,1071,994,1031,1045,1052,1049,1073,1052,1096,1049,1118,1046,959,957,979,938,1003,936,1026,952,1003,955,979,957,1135,951,1158,935,1182,937,1204,956,1181,957,1157,955,996,1137,1026,1106,1053,1089,1073,1094,1092,1089,1121,1107,1155,1137,1121,1144,1092,1144,1072,1145,1051,1143,1026,1142,1010,1132,1053,1115,1073,1116,1092,1115,1141,1132,1092,1119,1073,1119,1053,1118
1549,h,1,1,899,858,1270,1229,51.63333333333333,876,1002,877,1053,881,1104,887,1153,902,1198,930,1233,974,1255,1022,1269,1077,1275,1133,1269,1183,1255,1228,1235,1259,1204,1276,1161,1284,1112,1291,1061,1296,1009,918,929,938,891,975,873,1017,872,1054,885,1112,884,1152,873,1196,875,1235,895,1254,934,1082,928,1079,950,1077,972,1075,996,1033,1046,1054,1050,1076,1053,1099,1051,1122,1048,961,957,982,939,1006,937,1029,953,1006,956,982,958,1138,953,1162,937,1186,940,1208,958,1185,958,1160,956,1000,1136,1030,1106,1057,1090,1076,1095,1095,1091,1125,1108,1158,1137,1125,1145,1096,1145,1075,1146,1054,1144,1028,1142,1013,1131,1057,1116,1076,1117,1096,1117,1144,1133,1095,1121,1075,1120,1056,1120
1550,h,1,1,899,858,1270,1229,51.666666666666664,876,1002,877,1053,881,1104,887,1153,902,1198,930,1233,974,1255,1022,1269,1077,1275,1133,1269,1183,1255,1228,1235,1259,1204,1276,1161,1284,1112,1291,1061,1296,1009,918,929,938,891,975,873,1017,872,1054,885,1112,884,1152,873,1196,875,1235,895,1254,934,1082,928,1079,950,1077,972,1075,996,1033,1046,1054,1050,1076,1053,1099,1051,1122,1048,961,957,982,939,1006,937,1029,953,1006,956,982,958,1138,953,1162,937,1186,940,1208,958,1185,958,1160,956,1000,1136,1030,1106,1057,1090,1076,1095,1095,1091,1125,1108,1158,1137,1125,1145,1096,1145,1075,1146,1054,1144,1028,1142,1013,1131,1057,1116,1076,1117,1096,1117,1144,1133,1095,1121,1075,1120,1056,1120
1551,h,1,1,899,858,1270,1229,51.7,877,1005,878,1056,882,1107,888,1155,902,1200,929,1234,971,1255,1018,1269,1072,1275,1127,1269,1178,1256,1224,1237,1257,1206,1275,1163,1284,1114,1290,1062,1295,1010,918,930,937,893,973,875,1015,875,1053,889,1112,889,1149,875,1191,876,1230,893,1251,930,1080,932,1078,953,1076,974,1074,998,1033,1049,1054,1053,1076,1057,1098,1054,1120,1051,959,960,981,942,1006,940,1030,958,1006,961,981,963,1134,958,1160,940,1186,942,1208,961,1185,963,1158,962,996,1138,1027,1108,1056,1092,1076,1097,1094,1093,1124,1110,1158,1139,1123,1149,1093,1151,1074,1151,1053,1150,1026,1147,1010,1133,1056,1118,1076,1119,1094,1119,1143,1135,1093,1125,1074,1125,1055,1124
1552,h,1,1,899,858,1270,1229,51.733333333333334,874,1008,877,1059,882,1108,888,1157,902,1201,929,1235,971,1256,1018,1270,1072,1275,1127,1270,1176,1257,1222,1237,1254,1208,1273,1165,1282,1116,1288,1064,1293,1012,915,928,934,891,971,873,1013,873,1051,886,1112,888,1150,874,1192,875,1231,892,1251,931,1078,930,1077,952,1075,973,1074,997,1033,1051,1054,1054,1076,1057,1098,1055,1120,1052,956,960,978,942,1003,939,1027,958,1003,961,977,962,1134,957,1159,940,1185,941,1207,960,1185,962,1158,960,998,1139,1028,1109,1057,1092,1076,1097,1093,1093,1123,1109,1157,1138,1123,1146,1094,1148,1075,1149,1054,1148,1027,1146,1011,1134,1056,1119,1076,1120,1094,1120,1142,1135,1093,1122,1075,1122,1056,1122
1553,h,1,1,899,858,1270,1229,51.766666666666666,874,1008,877,1059,882,1108,888,1157,902,1201,929,1235,971,1256,1018,1270,1072,1275,1127,1270,1176,1257,1222,1237,1254,1208,1273,1165,1282,1116,1288,1064,1293,1012,915,928,934,891,971,873,1013,873,1051,886,1112,888,1150,874,1192,875,1231,892,1251,931,1078,930,1077,952,1075,973,1074,997,1033,1051,1054,1054,1076,1057,1098,1055,1120,1052,956,960,978,942,1003,939,1027,958,1003,961,977,962,1134,957,1159,940,1185,941,1207,960,1185,962,1158,960,998,1139,1028,1109,1057,1092,1076,1097,1093,1093,1123,1109,1157,1138,1123,1146,1094,1148,1075,1149,1054,1148,1027,1146,1011,1134,1056,1119,1076,1120,1094,1120,1142,1135,1093,1122,1075,1122,1056,1122
1554,h,1,1,899,858,1270,1229,51.8,876,1000,877,1051,880,1102,887,1152,900,1197,928,1231,970,1253,1017,1266,1072,1272,1127,1268,1177,1256,1223,1237,1255,1207,1274,1164,1283,1115,1291,1063,1297,1010,918,926,937,889,974,872,1016,871,1052,885,1113,885,1152,874,1196,877,1234,895,1254,934,1079,929,1077,950,1075,971,1072,994,1032,1048,1052,1051,1074,1054,1097,1052,1119,1051,959,957,981,938,1006,936,1031,955,1006,958,981,959,1134,957,1159,938,1185,941,1207,961,1184,962,1158,960,998,1137,1028,1105,1056,1089,1074,1094,1093,1090,1123,1108,1156,1139,1122,1146,1093,1147,1073,1147,1053,1146,1027,1144,1012,1132,1055,1116,1074,1118,1093,1118,1142,1134,1092,1121,1074,1120,1055,1119
1555,h,1,1,831,831,1277,1277,51.833333333333336,873,1011,875,1065,881,1116,888,1165,903,1208,929,1242,971,1261,1020,1271,1073,1275,1127,1269,1177,1260,1222,1241,1252,1210,1270,1167,1279,1117,1286,1065,1293,1010,908,925,928,887,966,871,1009,871,1046,884,1109,883,1150,872,1193,873,1232,891,1253,929,1077,929,1075,949,1073,969,1072,991,1030,1046,1052,1049,1074,1051,1097,1049,1119,1048,951,960,975,942,1001,940,1024,958,1002,961,975,963,1133,957,1160,940,1186,942,1207,962,1185,963,1159,961,994,1136,1027,1104,1055,1087,1074,1091,1095,1088,1125,1107,1158,1138,1123,1145,1093,1144,1072,1145,1051,1143,1024,1144,1009,1131,1055,1114,1074,1115,1094,1115,1142,1133,1093,1120,1072,1119,1053,1119
1556,h,1,1,831,831,1277,1277,51.86666666666667,871,1006,874,1060,880,1111,887,1160,900,1204,926,1238,968,1258,1016,1270,1070,1275,1125,1270,1176,1258,1223,1238,1254,1207,1272,1162,1279,1112,1286,1059,1292,1005,908,926,927,887,964,870,1007,870,1045,882,1104,882,1145,871,1189,871,1229,889,1249,928,1073,924,1071,946,1070,967,1069,991,1028,1045,1049,1049,1071,1051,1094,1048,1117,1045,953,957,974,939,999,936,1022,953,1000,956,975,959,1130,952,1155,936,1180,938,1201,958,1180,958,1154,956,993,1135,1024,1102,1052,1085,1071,1089,1090,1085,1120,1103,1153,1133,1119,1140,1089,1140,1069,1141,1049,1140,1023,1141,1007,1130,1051,1112,1071,1113,1090,1113,1138,1129,1089,1116,1070,1116,1050,1116
1557,h,1,1,831,831,1277,1277,51.9,871,1006,874,1060,880,1111,887,1160,900,1204,926,1238,968,1258,1016,1270,1070,1275,1125,1270,1176,1258,1223,1238,1254,1207,1272,1162,1279,1112,1286,1059,1292,1005,908,926,927,887,964,870,1007,870,1045,882,1104,882,1145,871,1189,871,1229,889,1249,928,1073,924,1071,946,1070,967,1069,991,1028,1045,1049,1049,1071,1051,1094,1048,1117,1045,953,957,974,939,999,936,1022,953,1000,956,975,959,1130,952,1155,936,1180,938,1201,958,1180,958,1154,956,993,1135,1024,1102,1052,1085,1071,1089,1090,1085,1120,1103,1153,1133,1119,1140,1089,1140,1069,1141,1049,1140,1023,1141,1007,1130,1051,1112,1071,1113,1090,1113,1138,1129,1089,1116,1070,1116,1050,1116
1558,h,1,1,831,831,1277,1277,51.93333333333333,875,1001,876,1055,880,1107,887,1156,902,1200,928,1234,970,1255,1016,1266,1069,1271,1122,1266,1173,1255,1219,1238,1252,1208,1272,1165,1283,1116,1291,1064,1298,1008,914,925,933,886,970,869,1012,868,1050,881,1108,882,1148,871,1192,872,1232,889,1253,928,1077,926,1075,948,1073,969,1071,993,1029,1045,1051,1049,1072,1052,1096,1049,1119,1046,956,956,978,938,1004,936,1027,953,1004,957,978,958,1134,954,1159,937,1185,940,1206,958,1184,960,1158,958,996,1136,1027,1103,1054,1087,1072,1091,1092,1087,1122,1105,1154,1136,1120,1141,1090,1142,1069,1142,1049,1141,1024,1142,1009,1130,1053,1113,1072,1114,1092,1114,1139,1131,1091,1117,1070,1117,1051,1117
1559,h,1,1,899,858,1270,1229,51.96666666666667,876,1003,877,1055,880,1106,886,1154,900,1198,927,1233,969,1254,1016,1268,1071,1274,1127,1269,1177,1256,1223,1237,1255,1207,1273,1165,1282,1117,1290,1066,1296,1014,915,927,934,889,972,871,1015,871,1053,886,1112,888,1152,875,1196,876,1237,895,1257,936,1080,928,1078,950,1075,971,1073,995,1031,1048,1052,1052,1074,1055,1097,1053,1120,1050,958,955,979,937,1004,935,1029,953,1004,955,979,957,1136,955,1161,938,1187,941,1210,960,1186,961,1160,958,995,1138,1026,1107,1054,1091,1073,1097,1093,1092,1122,1109,1155,1139,1121,1146,1093,1147,1072,1148,1051,1147,1025,1145,1009,1133,1053,1117,1073,1119,1093,1118,1140,1134,1092,1122,1073,1122,1053,1121
1560,h,1,1,899,858,1270,1229,52.0,873,999,874,1051,877,1101,883,1151,896,1197,923,1233,966,1255,1014,1270,1069,1276,1125,1272,1175,1258,1221,1238,1253,1206,1272,1162,1281,1113,1289,1061,1295,1008,917,925,936,888,974,870,1016,870,1054,885,1111,887,1151,874,1195,875,1236,894,1255,935,1080,929,1078,950,1076,971,1074,994,1032,1048,1052,1051,1074,1054,1097,1052,1120,1050,959,954,980,937,1004,935,1028,953,1004,955,980,956,1137,954,1161,938,1186,941,1207,959,1184,960,1159,957,996,1139,1026,1108,1054,1092,1073,1096,1092,1092,1122,1109,1155,1139,1122,1146,1093,1148,1073,1149,1051,1147,1025,1146,1011,1134,1053,1118,1073,1119,1093,1118,1141,1135,1092,1123,1073,1123,1053,1123
1561,h,1,1,899,858,1270,1229,52.03333333333333,873,999,874,1051,877,1101,883,1151,896,1197,923,1233,966,1255,1014,1270,1069,1276,1125,1272,1175,1258,1221,1238,1253,1206,1272,1162,1281,1113,1289,1061,1295,1008,917,925,936,888,974,870,1016,870,1054,885,1111,887,1151,874,1195,875,1236,894,1255,935,1080,929,1078,950,1076,971,1074,994,1032,1048,1052,1051,1074,1054,1097,1052,1120,1050,959,954,980,937,1004,935,1028,953,1004,955,980,956,1137,954,1161,938,1186,941,1207,959,1184,960,1159,957,996,1139,1026,1108,1054,1092,1073,1096,1092,1092,1122,1109,1155,1139,1122,1146,1093,1148,1073,1149,1051,1147,1025,1146,1011,1134,1053,1118,1073,1119,1093,1118,1141,1135,1092,1123,1073,1123,1053,1123
1562,h,1,1,831,831,1277,1277,52.06666666666667,872,1006,873,1058,877,1110,884,1160,899,1205,926,1240,969,1259,1018,1272,1072,1278,1127,1274,1177,1264,1222,1244,1252,1213,1271,1169,1280,1120,1287,1068,1292,1014,910,919,931,883,968,867,1009,868,1046,883,1109,883,1148,871,1189,871,1228,888,1248,925,1076,924,1075,947,1075,970,1074,995,1031,1047,1053,1051,1074,1054,1096,1052,1117,1051,952,953,973,936,996,934,1018,948,997,951,974,953,1136,950,1160,936,1184,940,1204,957,1182,956,1159,954,993,1138,1024,1106,1052,1091,1071,1096,1092,1092,1121,1111,1154,1140,1121,1145,1092,1144,1070,1144,1049,1142,1022,1142,1006,1133,1051,1117,1071,1119,1092,1118,1140,1135,1091,1121,1070,1120,1050,1119
1563,h,1,1,831,831,1277,1277,52.1,866,992,868,1047,873,1101,880,1152,894,1200,920,1236,962,1259,1012,1272,1068,1279,1126,1275,1178,1263,1224,1241,1255,1206,1272,1159,1280,1108,1287,1054,1292,999,906,919,925,882,963,864,1006,863,1043,878,1106,878,1147,866,1191,867,1231,888,1249,931,1073,925,1072,947,1071,969,1070,994,1028,1047,1050,1050,1072,1053,1094,1051,1116,1048,951,952,971,935,995,933,1017,949,996,951,972,953,1132,950,1155,935,1180,938,1200,956,1179,956,1155,954,990,1138,1022,1105,1050,1088,1070,1093,1090,1089,1119,1108,1154,1139,1119,1145,1089,1145,1068,1145,1046,1144,1019,1143,1004,1133,1050,1116,1070,1117,1090,1118,1139,1134,1089,1121,1068,1119,1048,1119
1564,h,1,1,831,831,1277,1277,52.13333333333333,865,993,869,1050,875,1104,882,1155,896,1202,924,1238,968,1260,1018,1275,1073,1282,1130,1275,1182,1262,1228,1241,1259,1207,1275,1161,1282,1110,1288,1056,1294,1000,903,924,922,886,960,868,1004,867,1044,881,1104,881,1145,870,1189,872,1229,891,1249,930,1072,926,1071,948,1070,968,1069,992,1026,1047,1049,1050,1070,1053,1093,1051,1116,1049,950,954,971,937,995,935,1019,951,996,954,972,956,1131,952,1154,936,1179,938,1200,956,1178,957,1153,955,990,1137,1021,1105,1049,1088,1069,1093,1090,1089,1120,1108,1156,1138,1120,1146,1090,1146,1068,1147,1046,1145,1019,1145,1005,1132,1049,1115,1069,1116,1090,1116,1140,1134,1089,1122,1068,1121,1048,1120
1565,h,1,1,831,831,1277,1277,52.166666666666664,865,993,869,1050,875,1104,882,1155,896,1202,924,1238,968,1260,1018,1275,1073,1282,1130,1275,1182,1262,1228,1241,1259,1207,1275,1161,1282,1110,1288,1056,1294,1000,903,924,922,886,960,868,1004,867,1044,881,1104,881,1145,870,1189,872,1229,891,1249,930,1072,926,1071,948,1070,968,1069,992,1026,1047,1049,1050,1070,1053,1093,1051,1116,1049,950,954,971,937,995,935,1019,951,996,954,972,956,1131,952,1154,936,1179,938,1200,956,1178,957,1153,955,990,1137,1021,1105,1049,1088,1069,1093,1090,1089,1120,1108,1156,1138,1120,1146,1090,1146,1068,1147,1046,1145,1019,1145,1005,1132,1049,1115,1069,1116,1090,1116,1140,1134,1089,1122,1068,1121,1048,1120
1566,h,1,1,831,831,1277,1277,52.2,868,997,871,1050,876,1103,883,1154,897,1200,923,1235,966,1256,1016,1270,1070,1275,1126,1270,1178,1259,1225,1238,1255,1205,1272,1160,1280,1111,1288,1058,1294,1002,896,916,919,880,958,864,1002,865,1041,879,1107,879,1149,868,1194,868,1234,888,1252,930,1074,924,1073,945,1072,967,1071,991,1029,1047,1050,1049,1072,1051,1095,1049,1117,1047,942,949,966,935,992,933,1016,948,993,952,966,953,1131,950,1157,935,1182,939,1204,956,1181,957,1155,955,993,1137,1024,1105,1052,1087,1072,1093,1093,1089,1123,1108,1156,1137,1122,1143,1091,1142,1069,1143,1049,1142,1022,1142,1007,1133,1052,1115,1072,1116,1092,1116,1141,1132,1091,1119,1070,1119,1050,1118
1567,h,1,1,831,831,1277,1277,52.233333333333334,873,1001,874,1053,878,1103,884,1152,896,1198,922,1233,965,1254,1014,1268,1069,1274,1126,1268,1178,1257,1224,1237,1255,1205,1272,1160,1281,1109,1288,1057,1294,1003,908,919,928,884,965,868,1006,868,1043,882,1110,882,1149,870,1191,870,1229,887,1249,923,1076,927,1075,948,1074,968,1073,990,1030,1044,1051,1049,1073,1052,1096,1049,1118,1046,949,958,972,939,999,937,1022,956,999,961,972,963,1131,955,1157,936,1184,938,1206,958,1183,961,1157,959,990,1138,1025,1105,1053,1088,1072,1092,1092,1089,1121,1107,1156,1138,1121,1144,1091,1143,1070,1144,1050,1143,1022,1144,1006,1133,1053,1115,1071,1116,1092,1115,1140,1133,1091,1119,1070,1119,1052,1119
1568,h,1,1,831,831,1277,1277,52.266666666666666,873,1001,874,1053,878,1103,884,1152,896,1198,922,1233,965,1254,1014,1268,1069,1274,1126,1268,1178,1257,1224,1237,1255,1205,1272,1160,1281,1109,1288,1057,1294,1003,908,919,928,884,965,868,1006,868,1043,882,1110,882,1149,870,1191,870,1229,887,1249,923,1076,927,1075,948,1074,968,1073,990,1030,1044,1051,1049,1073,1052,1096,1049,1118,1046,949,958,972,939,999,937,1022,956,999,961,972,963,1131,955,1157,936,1184,938,1206,958,1183,961,1157,959,990,1138,1025,1105,1053,1088,1072,1092,1092,1089,1121,1107,1156,1138,1121,1144,1091,1143,1070,1144,1050,1143,1022,1144,1006,1133,1053,1115,1071,1116,1092,1115,1140,1133,1091,1119,1070,1119,1052,1119
1569,h,1,1,899,858,1270,1229,52.3,871,999,873,1051,877,1102,883,1151,896,1197,922,1232,965,1254,1012,1269,1067,1276,1124,1272,1175,1260,1221,1240,1254,1209,1272,1166,1282,1117,1290,1065,1297,1011,914,925,933,889,971,871,1013,870,1050,884,1111,885,1151,874,1195,875,1234,894,1255,933,1079,928,1077,949,1076,970,1074,993,1031,1046,1052,1050,1075,1053,1098,1051,1120,1048,955,954,976,936,1002,934,1026,952,1001,955,976,956,1136,954,1160,937,1186,940,1208,959,1185,960,1159,958,995,1137,1025,1106,1055,1090,1074,1096,1093,1092,1123,1109,1156,1140,1123,1148,1093,1149,1072,1149,1051,1147,1024,1145,1009,1132,1054,1116,1074,1118,1093,1118,1142,1135,1093,1124,1073,1123,1053,1122
1570,h,1,1,899,858,1270,1229,52.333333333333336,875,993,876,1045,880,1096,885,1147,898,1193,925,1229,967,1252,1015,1267,1071,1273,1128,1267,1178,1252,1223,1231,1256,1200,1274,1157,1281,1108,1288,1057,1294,1006,916,922,937,887,974,872,1015,872,1052,887,1113,886,1150,874,1192,874,1230,891,1250,927,1081,931,1080,952,1078,972,1076,996,1034,1050,1054,1053,1076,1056,1098,1054,1120,1051,957,956,979,939,1004,937,1027,954,1003,958,978,959,1136,955,1159,938,1185,940,1207,958,1184,961,1158,959,998,1141,1028,1110,1056,1093,1075,1099,1093,1094,1122,1112,1156,1140,1122,1148,1093,1149,1074,1150,1054,1149,1027,1147,1012,1136,1056,1121,1075,1122,1093,1122,1141,1137,1093,1124,1074,1124,1055,1123
1571,h,1,1,899,858,1270,1229,52.36666666666667,873,985,875,1038,879,1089,883,1141,895,1189,921,1226,963,1252,1013,1269,1072,1275,1131,1269,1183,1253,1229,1231,1260,1197,1275,1152,1283,1102,1290,1051,1296,998,917,923,937,888,974,872,1016,872,1054,887,1112,888,1151,875,1194,876,1233,894,1253,932,1080,930,1079,952,1077,973,1075,997,1034,1049,1054,1052,1077,1055,1099,1053,1122,1050,958,954,978,938,1002,936,1026,951,1003,955,978,956,1139,953,1161,938,1186,941,1207,958,1185,959,1160,957,1001,1140,1030,1110,1057,1094,1076,1099,1094,1094,1123,1111,1156,1140,1123,1147,1095,1148,1075,1149,1054,1148,1029,1147,1014,1135,1056,1121,1076,1122,1095,1121,1142,1136,1094,1124,1075,1124,1056,1123
1572,h,1,1,899,858,1270,1229,52.4,873,985,875,1038,879,1089,883,1141,895,1189,921,1226,963,1252,1013,1269,1072,1275,1131,1269,1183,1253,1229,1231,1260,1197,1275,1152,1283,1102,1290,1051,1296,998,917,923,937,888,974,872,1016,872,1054,887,1112,888,1151,875,1194,876,1233,894,1253,932,1080,930,1079,952,1077,973,1075,997,1034,1049,1054,1052,1077,1055,1099,1053,1122,1050,958,954,978,938,1002,936,1026,951,1003,955,978,956,1139,953,1161,938,1186,941,1207,958,1185,959,1160,957,1001,1140,1030,1110,1057,1094,1076,1099,1094,1094,1123,1111,1156,1140,1123,1147,1095,1148,1075,1149,1054,1148,1029,1147,1014,1135,1056,1121,1076,1122,1095,1121,1142,1136,1094,1124,1075,1124,1056,1123
1573,h,1,1,899,858,1270,1229,52.43333333333333,871,998,873,1051,878,1101,884,1151,897,1197,923,1233,966,1256,1013,1271,1069,1277,1126,1274,1177,1262,1223,1242,1254,1210,1272,1166,1282,1117,1290,1065,1296,1011,912,926,932,889,970,871,1013,871,1051,886,1111,886,1151,875,1195,877,1236,896,1257,935,1080,929,1078,951,1077,971,1075,996,1033,1048,1053,1052,1075,1056,1098,1054,1121,1051,956,955,977,938,1002,936,1026,953,1002,956,977,957,1137,955,1161,939,1187,943,1210,962,1186,963,1160,960,997,1141,1026,1109,1054,1093,1074,1099,1094,1094,1124,1112,1157,1142,1124,1151,1095,1151,1074,1151,1052,1149,1025,1148,1011,1136,1054,1120,1074,1121,1094,1121,1142,1138,1095,1125,1074,1124,1054,1124
1574,h,1,1,899,858,1270,1229,52.46666666666667,873,1000,875,1052,879,1102,886,1151,900,1196,928,1231,971,1253,1017,1267,1073,1273,1129,1268,1179,1256,1225,1236,1257,1205,1274,1160,1283,1111,1290,1059,1295,1005,913,927,931,888,969,870,1011,870,1049,884,1107,884,1148,873,1191,875,1231,894,1251,933,1078,928,1077,950,1075,971,1074,994,1031,1047,1052,1051,1075,1054,1098,1051,1121,1048,955,953,977,935,1002,934,1026,952,1002,955,976,956,1134,954,1158,936,1184,938,1207,957,1183,959,1157,957,997,1139,1028,1107,1057,1091,1076,1096,1094,1091,1124,1109,1156,1140,1124,1147,1095,1148,1074,1148,1054,1147,1026,1145,1011,1134,1056,1118,1075,1119,1094,1118,1142,1134,1094,1121,1075,1121,1056,1121
1575,h,1,1,831,831,1277,1277,52.5,870,998,872,1053,878,1107,885,1158,901,1204,927,1240,968,1262,1017,1274,1071,1280,1126,1275,1176,1264,1222,1243,1254,1210,1272,1165,1280,1114,1286,1059,1291,1002,902,920,923,883,962,864,1006,863,1044,878,1108,877,1148,865,1191,867,1230,887,1249,926,1076,925,1076,947,1075,969,1074,994,1029,1048,1052,1051,1074,1054,1097,1051,1120,1049,951,953,973,938,998,936,1021,950,999,954,974,956,1132,952,1156,937,1181,940,1203,957,1181,958,1156,956,994,1141,1025,1106,1054,1089,1074,1094,1095,1090,1125,1109,1158,1140,1124,1147,1094,1147,1072,1148,1051,1146,1023,1147,1008,1135,1054,1117,1074,1118,1095,1118,1143,1135,1094,1122,1073,1122,1053,1121
1576,h,1,1,831,831,1277,1277,52.53333333333333,870,998,872,1053,878,1107,885,1158,901,1204,927,1240,968,1262,1017,1274,1071,1280,1126,1275,1176,1264,1222,1243,1254,1210,1272,1165,1280,1114,1286,1059,1291,1002,902,920,923,883,962,864,1006,863,1044,878,1108,877,1148,865,1191,867,1230,887,1249,926,1076,925,1076,947,1075,969,1074,994,1029,1048,1052,1051,1074,1054,1097,1051,1120,1049,951,953,973,938,998,936,1021,950,999,954,974,956,1132,952,1156,937,1181,940,1203,957,1181,958,1156,956,994,1141,1025,1106,1054,1089,1074,1094,1095,1090,1125,1109,1158,1140,1124,1147,1094,1147,1072,1148,1051,1146,1023,1147,1008,1135,1054,1117,1074,1118,1095,1118,1143,1135,1094,1122,1073,1122,1053,1121
1577,h,1,1,831,831,1277,1277,52.56666666666667,874,994,875,1050,879,1104,886,1156,902,1201,929,1236,972,1257,1020,1271,1077,1276,1133,1269,1183,1256,1229,1234,1259,1201,1276,1155,1284,1105,1290,1052,1295,997,911,918,933,881,971,866,1014,867,1051,882,1109,882,1149,870,1191,870,1230,887,1249,925,1078,925,1077,948,1076,970,1075,995,1031,1047,1053,1052,1076,1055,1099,1052,1121,1049,954,952,975,936,998,934,1020,948,999,950,976,952,1137,948,1160,934,1183,937,1203,953,1182,952,1159,951,998,1140,1028,1107,1056,1091,1075,1096,1094,1093,1124,1110,1158,1140,1123,1145,1095,1144,1074,1145,1054,1144,1027,1144,1012,1134,1056,1119,1075,1120,1095,1120,1144,1134,1095,1120,1075,1120,1055,1119
1578,h,1,1,899,858,1270,1229,52.6,875,992,876,1043,879,1094,884,1145,897,1192,923,1228,965,1252,1013,1269,1069,1276,1125,1271,1175,1258,1221,1238,1255,1208,1274,1165,1283,1115,1291,1063,1297,1010,918,922,938,887,974,871,1015,871,1052,886,1116,887,1155,875,1197,877,1236,894,1257,931,1082,932,1080,953,1078,974,1075,997,1034,1048,1055,1052,1076,1056,1099,1053,1121,1051,959,953,980,934,1006,934,1030,953,1005,956,979,956,1138,955,1161,936,1188,939,1210,959,1187,961,1161,959,999,1139,1028,1109,1057,1093,1076,1098,1095,1094,1125,1111,1159,1140,1126,1150,1096,1151,1075,1152,1054,1150,1027,1148,1013,1135,1056,1120,1076,1121,1095,1121,1144,1136,1095,1126,1076,1126,1056,1125
1579,h,1,1,899,858,1270,1229,52.63333333333333,874,1001,875,1053,879,1103,885,1153,899,1198,927,1233,969,1256,1016,1270,1071,1277,1127,1272,1178,1258,1223,1237,1256,1205,1274,1162,1282,1113,1289,1062,1293,1009,913,924,933,888,970,871,1011,870,1050,883,1110,884,1149,873,1192,873,1232,891,1252,930,1078,928,1077,951,1075,973,1074,998,1033,1050,1054,1053,1075,1056,1098,1054,1121,1051,955,953,976,936,1000,934,1024,951,1001,954,976,956,1135,952,1159,936,1184,938,1206,956,1183,958,1158,955,998,1141,1027,1111,1056,1094,1075,1099,1093,1095,1122,1111,1156,1140,1123,1148,1095,1150,1075,1152,1054,1151,1027,1149,1011,1136,1056,1121,1075,1121,1094,1121,1142,1136,1094,1125,1075,1126,1056,1125
1580,h,1,1,899,858,1270,1229,52.666666666666664,874,1001,875,1053,879,1103,885,1153,899,1198,927,1233,969,1256,1016,1270,1071,1277,1127,1272,1178,1258,1223,1237,1256,1205,1274,1162,1282,1113,1289,1062,1293,1009,913,924,933,888,970,871,1011,870,1050,883,1110,884,1149,873,1192,873,1232,891,1252,930,1078,928,1077,951,1075,973,1074,998,1033,1050,1054,1053,1075,1056,1098,1054,1121,1051,955,953,976,936,1000,934,1024,951,1001,954,976,956,1135,952,1159,936,1184,938,1206,956,1183,958,1158,955,998,1141,1027,1111,1056,1094,1075,1099,1093,1095,1122,1111,1156,1140,1123,1148,1095,1150,1075,1152,1054,1151,1027,1149,1011,1136,1056,1121,1075,1121,1094,1121,1142,1136,1094,1125,1075,1126,1056,1125
1581,h,1,1,831,831,1277,1277,52.7,865,996,867,1052,872,1106,879,1158,897,1204,924,1240,967,1264,1019,1279,1074,1285,1130,1279,1181,1267,1225,1245,1255,1210,1272,1164,1281,1112,1288,1057,1292,1000,903,917,926,883,965,868,1007,870,1044,884,1106,885,1145,873,1188,872,1227,888,1247,926,1074,926,1074,950,1073,973,1072,999,1029,1052,1051,1055,1074,1059,1097,1056,1119,1052,950,951,970,936,994,935,1017,948,995,951,971,953,1133,950,1156,935,1181,938,1202,955,1180,955,1156,953,996,1142,1026,1110,1054,1093,1074,1099,1094,1094,1124,1112,1157,1142,1124,1149,1096,1149,1074,1150,1052,1149,1026,1148,1010,1137,1054,1120,1074,1121,1095,1121,1143,1138,1095,1124,1073,1124,1053,1123
1582,h,1,1,831,831,1277,1277,52.733333333333334,863,997,867,1051,873,1103,879,1154,893,1200,919,1236,961,1258,1011,1273,1064,1279,1120,1274,1171,1263,1217,1243,1249,1211,1267,1167,1276,1116,1283,1062,1289,1005,905,922,924,886,961,869,1002,868,1040,882,1104,882,1144,871,1187,871,1227,888,1247,928,1071,927,1070,949,1069,971,1068,995,1026,1050,1048,1054,1071,1056,1093,1053,1115,1050,948,956,970,938,996,936,1019,953,996,956,971,958,1129,954,1154,937,1180,940,1201,958,1179,959,1153,957,991,1143,1023,1109,1051,1091,1070,1096,1090,1092,1120,1111,1154,1141,1120,1148,1091,1148,1070,1149,1049,1148,1022,1149,1005,1137,1051,1120,1071,1120,1090,1120,1139,1136,1090,1124,1070,1123,1050,1123
1583,h,1,1,831,831,1277,1277,52.766666666666666,863,997,867,1051,873,1103,879,1154,893,1200,919,1236,961,1258,1011,1273,1064,1279,1120,1274,1171,1263,1217,1243,1249,1211,1267,1167,1276,1116,1283,1062,1289,1005,905,922,924,886,961,869,1002,868,1040,882,1104,882,1144,871,1187,871,1227,888,1247,928,1071,927,1070,949,1069,971,1068,995,1026,1050,1048,1054,1071,1056,1093,1053,1115,1050,948,956,970,938,996,936,1019,953,996,956,971,958,1129,954,1154,937,1180,940,1201,958,1179,959,1153,957,991,1143,1023,1109,1051,1091,1070,1096,1090,1092,1120,1111,1154,1141,1120,1148,1091,1148,1070,1149,1049,1148,1022,1149,1005,1137,1051,1120,1071,1120,1090,1120,1139,1136,1090,1124,1070,1123,1050,1123
1584,h,1,1,831,831,1277,1277,52.8,865,1002,869,1057,875,1110,882,1162,898,1208,924,1244,966,1268,1016,1282,1071,1288,1128,1283,1180,1271,1226,1247,1256,1212,1272,1165,1279,1114,1285,1058,1291,1001,901,922,920,884,957,866,999,864,1036,877,1104,877,1144,866,1188,868,1226,886,1246,925,1070,923,1069,946,1068,970,1068,996,1026,1049,1048,1052,1070,1055,1093,1052,1115,1049,947,953,968,936,992,933,1015,948,993,951,969,954,1129,948,1154,933,1179,936,1200,955,1177,955,1152,952,990,1143,1021,1108,1050,1090,1069,1094,1088,1090,1119,1109,1154,1141,1119,1149,1089,1150,1068,1151,1047,1150,1020,1150,1004,1138,1049,1118,1069,1118,1089,1118,1139,1136,1088,1126,1068,1125,1048,1125
1585,h,1,1,831,831,1277,1277,52.833333333333336,860,996,864,1053,870,1107,878,1158,895,1206,922,1241,965,1263,1016,1277,1071,1283,1127,1279,1178,1266,1222,1242,1251,1208,1269,1161,1279,1110,1286,1054,1290,997,897,918,918,881,956,864,998,863,1036,876,1105,875,1145,865,1188,866,1227,885,1245,924,1071,924,1070,947,1070,970,1069,995,1027,1049,1049,1053,1071,1055,1094,1053,1116,1050,945,950,967,934,991,932,1013,946,992,949,968,951,1131,947,1154,933,1179,936,1200,953,1178,953,1154,951,990,1142,1022,1108,1050,1091,1070,1096,1091,1092,1121,1110,1156,1141,1121,1147,1091,1146,1069,1148,1048,1146,1021,1147,1004,1136,1050,1118,1070,1119,1092,1119,1141,1136,1090,1122,1069,1121,1049,1121
1586,h,1,1,831,831,1277,1277,52.86666666666667,867,1011,870,1065,876,1117,882,1167,898,1212,928,1246,972,1266,1022,1279,1077,1285,1132,1279,1183,1267,1227,1244,1256,1211,1271,1163,1279,1112,1286,1057,1291,1001,905,926,923,888,960,870,1001,870,1038,882,1104,882,1144,870,1187,871,1225,889,1245,927,1072,928,1071,950,1070,972,1069,996,1028,1051,1049,1055,1071,1057,1094,1055,1116,1052,947,958,969,938,995,937,1018,956,996,959,969,961,1127,954,1153,936,1179,938,1201,957,1179,959,1152,957,994,1142,1024,1109,1053,1092,1071,1097,1091,1093,1121,1111,1156,1141,1122,1151,1092,1151,1071,1152,1051,1150,1024,1149,1009,1137,1052,1119,1071,1120,1091,1120,1141,1137,1091,1126,1071,1125,1051,1125
1587,h,1,1,831,831,1277,1277,52.9,867,1011,870,1065,876,1117,882,1167,898,1212,928,1246,972,1266,1022,1279,1077,1285,1132,1279,1183,1267,1227,1244,1256,1211,1271,1163,1279,1112,1286,1057,1291,1001,905,926,923,888,960,870,1001,870,1038,882,1104,882,1144,870,1187,871,1225,889,1245,927,1072,928,1071,950,1070,972,1069,996,1028,1051,1049,1055,1071,1057,1094,1055,1116,1052,947,958,969,938,995,937,1018,956,996,959,969,961,1127,954,1153,936,1179,938,1201,957,1179,959,1152,957,994,1142,1024,1109,1053,1092,1071,1097,1091,1093,1121,1111,1156,1141,1122,1151,1092,1151,1071,1152,1051,1150,1024,1149,1009,1137,1052,1119,1071,1120,1091,1120,1141,1137,1091,1126,1071,1125,1051,1125
1588,h,1,1,831,831,1277,1277,52.93333333333333,862,1000,864,1057,870,1110,878,1162,895,1208,924,1241,968,1260,1018,1271,1072,1276,1128,1270,1179,1258,1225,1237,1253,1203,1268,1157,1276,1106,1282,1052,1287,995,901,920,925,884,964,870,1008,871,1046,885,1104,885,1142,874,1184,874,1223,890,1243,926,1073,929,1074,951,1074,973,1073,997,1028,1053,1051,1056,1074,1058,1097,1056,1119,1053,947,955,969,939,994,937,1018,953,995,956,970,957,1131,952,1154,937,1179,939,1201,956,1178,957,1154,955,993,1144,1025,1112,1053,1094,1073,1099,1093,1095,1122,1113,1155,1143,1122,1149,1094,1148,1072,1150,1050,1148,1024,1148,1007,1139,1053,1122,1073,1123,1094,1122,1141,1138,1094,1125,1072,1125,1052,1125
1589,h,1,1,831,831,1277,1277,52.96666666666667,863,1003,867,1058,872,1109,879,1160,894,1206,923,1240,968,1260,1019,1272,1074,1277,1131,1272,1182,1258,1227,1237,1255,1203,1270,1157,1276,1106,1282,1054,1286,999,903,926,924,888,963,872,1006,871,1045,886,1101,887,1140,873,1184,873,1225,890,1245,929,1071,930,1072,952,1072,974,1072,998,1029,1053,1051,1056,1073,1058,1095,1056,1117,1053,948,956,969,941,992,938,1016,953,994,956,970,958,1130,952,1153,938,1177,940,1199,956,1177,957,1153,955,994,1143,1025,1111,1054,1094,1073,1100,1094,1095,1123,1113,1156,1141,1123,1148,1095,1148,1073,1149,1051,1148,1024,1148,1008,1138,1053,1121,1073,1123,1094,1122,1141,1137,1094,1125,1073,1124,1052,1123
1590,h,1,1,831,831,1277,1277,53.0,865,999,867,1054,873,1107,879,1158,894,1205,922,1240,965,1260,1014,1273,1069,1278,1125,1273,1176,1260,1221,1239,1252,1205,1269,1158,1276,1106,1283,1052,1288,997,908,928,927,889,963,872,1005,871,1042,885,1103,885,1142,872,1184,871,1223,888,1243,928,1072,929,1071,950,1070,971,1069,995,1027,1049,1048,1053,1071,1056,1094,1053,1116,1050,951,961,972,947,996,944,1019,956,997,961,973,963,1130,954,1154,943,1178,946,1198,960,1176,961,1152,959,993,1142,1025,1108,1052,1091,1072,1096,1092,1092,1120,1110,1154,1141,1120,1148,1091,1148,1070,1149,1049,1148,1022,1148,1008,1136,1052,1119,1071,1119,1092,1119,1139,1136,1091,1122,1070,1122,1050,1121
1591,h,1,1,831,831,1277,1277,53.03333333333333,865,999,867,1054,873,1107,879,1158,894,1205,922,1240,965,1260,1014,1273,1069,1278,1125,1273,1176,1260,1221,1239,1252,1205,1269,1158,1276,1106,1283,1052,1288,997,908,928,927,889,963,872,1005,871,1042,885,1103,885,1142,872,1184,871,1223,888,1243,928,1072,929,1071,950,1070,971,1069,995,1027,1049,1048,1053,1071,1056,1094,1053,1116,1050,951,961,972,947,996,944,1019,956,997,961,973,963,1130,954,1154,943,1178,946,1198,960,1176,961,1152,959,993,1142,1025,1108,1052,1091,1072,1096,1092,1092,1120,1110,1154,1141,1120,1148,1091,1148,1070,1149,1049,1148,1022,1148,1008,1136,1052,1119,1071,1119,1092,1119,1139,1136,1091,1122,1070,1122,1050,1121
1592,h,1,1,831,831,1277,1277,53.06666666666667,863,995,866,1051,871,1104,879,1157,895,1205,925,1242,970,1263,1020,1276,1074,1281,1130,1274,1181,1260,1227,1237,1256,1202,1271,1154,1278,1102,1284,1046,1289,989,906,922,926,886,963,870,1005,871,1043,884,1103,882,1143,871,1186,871,1224,887,1245,924,1073,927,1072,949,1071,969,1070,993,1028,1048,1049,1051,1071,1054,1094,1051,1116,1048,950,958,972,948,994,945,1018,952,997,957,974,959,1129,951,1154,943,1177,948,1198,959,1175,959,1152,956,995,1138,1025,1105,1052,1089,1072,1093,1093,1090,1121,1107,1155,1136,1122,1145,1094,1145,1072,1146,1051,1145,1024,1144,1009,1133,1052,1115,1072,1116,1093,1115,1141,1132,1092,1121,1071,1120,1052,1120
1593,h,1,1,831,831,1277,1277,53.1,870,996,872,1050,876,1104,882,1156,898,1203,927,1239,970,1261,1020,1273,1074,1277,1129,1271,1178,1258,1223,1236,1254,1203,1273,1158,1281,1106,1288,1051,1293,996,912,922,931,886,967,869,1008,869,1045,882,1107,881,1145,869,1186,870,1224,886,1244,920,1074,927,1073,949,1071,970,1070,994,1028,1049,1050,1052,1072,1054,1095,1052,1118,1049,952,958,975,945,998,942,1021,953,1000,957,976,959,1130,952,1154,941,1178,944,1200,958,1177,958,1153,956,995,1138,1027,1105,1054,1089,1073,1093,1094,1090,1123,1107,1158,1137,1123,1144,1093,1144,1071,1146,1051,1144,1025,1144,1009,1133,1053,1116,1073,1117,1093,1117,1143,1132,1093,1120,1072,1120,1052,1120
1594,h,1,1,831,831,1277,1277,53.13333333333333,867,994,869,1049,874,1103,881,1155,896,1202,924,1238,968,1259,1018,1272,1072,1276,1127,1270,1176,1260,1221,1240,1252,1208,1270,1162,1280,1111,1288,1058,1294,1001,911,924,930,886,967,869,1009,869,1047,883,1108,883,1146,871,1189,871,1228,888,1248,926,1075,929,1073,950,1071,971,1070,994,1028,1049,1050,1052,1072,1055,1095,1052,1118,1048,953,960,975,945,998,942,1022,956,1000,959,976,962,1132,956,1156,941,1181,944,1203,960,1180,961,1155,960,994,1140,1025,1106,1052,1090,1072,1094,1094,1090,1124,1107,1158,1137,1124,1145,1094,1145,1071,1147,1049,1145,1023,1146,1008,1134,1052,1117,1072,1117,1094,1117,1142,1133,1093,1121,1071,1121,1050,1121
1595,h,1,1,831,831,1277,1277,53.166666666666664,867,994,869,1049,874,1103,881,1155,896,1202,924,1238,968,1259,1018,1272,1072,1276,1127,1270,1176,1260,1221,1240,1252,1208,1270,1162,1280,1111,1288,1058,1294,1001,911,924,930,886,967,869,1009,869,1047,883,1108,883,1146,871,1189,871,1228,888,1248,926,1075,929,1073,950,1071,971,1070,994,1028,1049,1050,1052,1072,1055,1095,1052,1118,1048,953,960,975,945,998,942,1022,956,1000,959,976,962,1132,956,1156,941,1181,944,1203,960,1180,961,1155,960,994,1140,1025,1106,1052,1090,1072,1094,1094,1090,1124,1107,1158,1137,1124,1145,1094,1145,1071,1147,1049,1145,1023,1146,1008,1134,1052,1117,1072,1117,1094,1117,1142,1133,1093,1121,1071,1121,1050,1121
1596,h,1,1,831,831,1277,1277,53.2,868,1003,870,1056,875,1109,881,1160,895,1207,924,1241,968,1262,1018,1274,1073,1278,1129,1274,1179,1262,1225,1241,1255,1208,1272,1162,1279,1112,1286,1058,1291,1003,910,925,929,887,967,870,1010,870,1047,884,1104,880,1144,869,1187,870,1225,888,1244,926,1074,927,1073,949,1072,970,1070,994,1028,1049,1050,1053,1072,1055,1095,1053,1117,1050,952,959,973,946,995,942,1019,953,997,957,974,960,1132,952,1157,941,1180,944,1201,959,1179,959,1155,957,994,1140,1025,1108,1053,1091,1072,1096,1093,1092,1123,1109,1157,1139,1123,1146,1094,1145,1072,1147,1051,1145,1024,1146,1008,1135,1052,1118,1072,1119,1093,1118,1142,1134,1093,1122,1072,1121,1052,1121
1597,h,1,1,831,831,1277,1277,53.233333333333334,862,1011,866,1064,871,1116,879,1166,896,1210,923,1245,966,1267,1016,1279,1070,1285,1126,1281,1177,1270,1222,1249,1251,1214,1269,1168,1277,1118,1283,1064,1287,1008,904,926,923,887,962,868,1005,866,1043,880,1105,879,1144,867,1187,869,1225,887,1244,927,1073,925,1073,948,1072,969,1072,994,1028,1049,1050,1053,1072,1055,1096,1053,1118,1049,949,960,971,945,994,942,1018,953,996,957,972,960,1129,953,1155,941,1179,945,1200,961,1177,960,1153,957,990,1142,1023,1109,1052,1091,1072,1095,1094,1092,1123,1109,1157,1139,1123,1146,1094,1146,1071,1147,1049,1146,1022,1147,1005,1137,1051,1118,1072,1119,1094,1118,1142,1135,1094,1123,1071,1122,1050,1123
1598,h,1,1,831,831,1277,1277,53.266666666666666,862,1011,866,1064,871,1116,879,1166,896,1210,923,1245,966,1267,1016,1279,1070,1285,1126,1281,1177,1270,1222,1249,1251,1214,1269,1168,1277,1118,1283,1064,1287,1008,904,926,923,887,962,868,1005,866,1043,880,1105,879,1144,867,1187,869,1225,887,1244,927,1073,925,1073,948,1072,969,1072,994,1028,1049,1050,1053,1072,1055,1096,1053,1118,1049,949,960,971,945,994,942,1018,953,996,957,972,960,1129,953,1155,941,1179,945,1200,961,1177,960,1153,957,990,1142,1023,1109,1052,1091,1072,1095,1094,1092,1123,1109,1157,1139,1123,1146,1094,1146,1071,1147,1049,1146,1022,1147,1005,1137,1051,1118,1072,1119,1094,1118,1142,1135,1094,1123,1071,1122,1050,1123
1599,h,1,1,831,831,1277,1277,53.3,867,1003,869,1057,874,1110,880,1161,896,1208,925,1242,969,1263,1018,1276,1072,1281,1128,1275,1178,1263,1225,1241,1255,1207,1272,1162,1281,1111,1288,1057,1292,1001,909,925,928,888,965,870,1007,870,1045,883,1105,880,1145,869,1187,869,1226,886,1246,924,1074,928,1073,949,1071,970,1069,993,1028,1048,1050,1052,1071,1054,1094,1052,1116,1048,951,958,973,944,996,941,1020,953,998,957,974,959,1132,951,1157,939,1181,942,1202,957,1179,957,1155,955,992,1141,1023,1107,1051,1090,1071,1094,1093,1090,1123,1106,1156,1138,1124,1145,1094,1146,1071,1147,1050,1146,1023,1147,1006,1135,1051,1116,1071,1116,1093,1115,1142,1133,1094,1122,1071,1122,1051,1123
1600,h,1,1,831,831,1277,1277,53.333333333333336,864,993,868,1048,873,1101,878,1152,892,1199,919,1234,962,1255,1010,1268,1064,1273,1120,1268,1172,1256,1220,1236,1253,1204,1271,1159,1278,1108,1284,1054,1290,998,908,926,925,888,962,870,1004,869,1042,882,1105,883,1144,870,1186,870,1225,886,1244,926,1072,928,1070,949,1069,969,1067,993,1027,1049,1048,1051,1070,1053,1093,1050,1116,1048,951,958,973,941,998,938,1021,954,999,958,974,960,1127,953,1151,936,1177,938,1198,956,1176,958,1151,956,993,1138,1023,1107,1051,1089,1070,1093,1091,1089,1120,1106,1153,1135,1119,1143,1090,1143,1069,1144,1049,1143,1022,1144,1007,1133,1051,1115,1070,1115,1090,1115,1137,1131,1090,1119,1070,1119,1050,1119
1601,h,1,1,831,831,1277,1277,53.36666666666667,863,1011,867,1063,872,1114,879,1164,894,1207,921,1240,964,1260,1014,1272,1068,1278,1124,1274,1176,1264,1221,1244,1251,1211,1269,1167,1278,1117,1284,1063,1290,1008,904,925,923,887,960,868,1003,867,1041,879,1106,878,1146,867,1190,868,1229,887,1248,928,1072,926,1071,946,1070,966,1069,989,1028,1046,1049,1049,1071,1051,1094,1049,1117,1047,948,958,970,941,994,938,1017,953,995,956,971,959,1131,951,1155,937,1179,940,1200,957,1178,957,1154,955,993,1139,1024,1105,1051,1088,1072,1092,1093,1088,1122,1106,1154,1137,1121,1142,1093,1141,1071,1142,1049,1141,1023,1142,1007,1133,1051,1115,1072,1115,1093,1115,1140,1132,1092,1118,1071,1118,1050,1118
1602,h,1,1,831,831,1277,1277,53.4,863,1011,867,1063,872,1114,879,1164,894,1207,921,1240,964,1260,1014,1272,1068,1278,1124,1274,1176,1264,1221,1244,1251,1211,1269,1167,1278,1117,1284,1063,1290,1008,904,925,923,887,960,868,1003,867,1041,879,1106,878,1146,867,1190,868,1229,887,1248,928,1072,926,1071,946,1070,966,1069,989,1028,1046,1049,1049,1071,1051,1094,1049,1117,1047,948,958,970,941,994,938,1017,953,995,956,971,959,1131,951,1155,937,1179,940,1200,957,1178,957,1154,955,993,1139,1024,1105,1051,1088,1072,1092,1093,1088,1122,1106,1154,1137,1121,1142,1093,1141,1071,1142,1049,1141,1023,1142,1007,1133,1051,1115,1072,1115,1093,1115,1140,1132,1092,1118,1071,1118,1050,1118
1603,h,1,1,831,831,1277,1277,53.43333333333333,869,1004,872,1057,878,1108,885,1158,900,1202,927,1236,970,1256,1018,1268,1072,1273,1126,1267,1177,1256,1222,1235,1253,1203,1271,1159,1279,1110,1285,1058,1291,1005,906,924,926,888,963,870,1005,868,1044,881,1106,880,1146,869,1189,869,1228,886,1248,925,1074,928,1073,949,1071,969,1071,992,1030,1047,1051,1050,1073,1053,1096,1050,1118,1047,951,960,973,942,998,939,1022,955,999,960,974,963,1131,954,1156,937,1182,940,1203,958,1181,961,1155,959,994,1138,1026,1106,1054,1089,1073,1093,1094,1088,1123,1105,1157,1135,1124,1142,1095,1143,1073,1145,1052,1144,1025,1145,1009,1132,1054,1115,1073,1115,1094,1114,1141,1130,1094,1119,1073,1119,1053,1119
1604,h,1,1,899,858,1270,1229,53.46666666666667,873,1002,875,1051,878,1101,885,1149,900,1193,929,1226,969,1249,1015,1265,1069,1272,1125,1268,1175,1257,1221,1237,1255,1206,1272,1161,1282,1111,1289,1060,1293,1006,917,925,936,888,972,871,1013,872,1051,885,1111,884,1149,872,1191,873,1230,890,1250,927,1078,930,1076,950,1074,969,1072,992,1032,1047,1052,1051,1074,1053,1097,1050,1120,1048,956,958,978,940,1004,938,1028,956,1004,959,978,960,1134,955,1158,938,1185,940,1207,959,1184,961,1158,959,996,1136,1027,1105,1055,1089,1074,1093,1093,1089,1124,1106,1159,1135,1125,1145,1094,1147,1074,1149,1053,1147,1027,1145,1011,1131,1055,1114,1074,1115,1093,1115,1144,1131,1093,1122,1074,1122,1055,1122
1605,h,1,1,899,858,1270,1229,53.5,878,1003,879,1054,882,1104,888,1153,902,1197,930,1230,972,1251,1018,1266,1072,1272,1128,1268,1179,1256,1225,1236,1257,1205,1275,1162,1284,1113,1290,1062,1295,1011,920,925,941,890,978,873,1019,874,1056,887,1108,888,1147,875,1190,877,1230,894,1252,931,1081,932,1079,952,1078,971,1076,994,1034,1049,1055,1052,1077,1055,1100,1053,1123,1051,961,961,983,946,1007,944,1031,959,1008,962,983,964,1134,959,1160,945,1184,948,1206,964,1183,965,1158,963,998,1138,1028,1108,1056,1091,1076,1096,1096,1092,1126,1110,1160,1138,1127,1147,1097,1148,1076,1149,1054,1147,1028,1146,1012,1133,1056,1117,1076,1118,1096,1117,1145,1134,1096,1122,1076,1122,1056,1121
1606,h,1,1,899,858,1270,1229,53.53333333333333,878,1003,879,1054,882,1104,888,1153,902,1197,930,1230,972,1251,1018,1266,1072,1272,1128,1268,1179,1256,1225,1236,1257,1205,1275,1162,1284,1113,1290,1062,1295,1011,920,925,941,890,978,873,1019,874,1056,887,1108,888,1147,875,1190,877,1230,894,1252,931,1081,932,1079,952,1078,971,1076,994,1034,1049,1055,1052,1077,1055,1100,1053,1123,1051,961,961,983,946,1007,944,1031,959,1008,962,983,964,1134,959,1160,945,1184,948,1206,964,1183,965,1158,963,998,1138,1028,1108,1056,1091,1076,1096,1096,1092,1126,1110,1160,1138,1127,1147,1097,1148,1076,1149,1054,1147,1028,1146,1012,1133,1056,1117,1076,1118,1096,1117,1145,1134,1096,1122,1076,1122,1056,1121
1607,h,1,1,881,831,1327,1277,53.56666666666667,876,995,878,1049,881,1101,887,1152,901,1198,929,1234,971,1256,1018,1271,1071,1279,1126,1274,1175,1261,1220,1240,1254,1209,1274,1165,1283,1115,1291,1062,1296,1007,921,924,941,887,977,870,1018,871,1055,885,1117,885,1155,872,1197,873,1236,890,1256,930,1085,931,1082,953,1079,973,1076,997,1036,1050,1056,1053,1078,1056,1101,1054,1123,1052,965,962,986,950,1010,947,1033,958,1010,962,986,964,1139,960,1163,950,1188,953,1210,966,1186,968,1161,965,1001,1140,1029,1110,1057,1094,1078,1099,1096,1094,1126,1111,1159,1139,1128,1151,1098,1153,1078,1154,1056,1151,1029,1150,1015,1136,1057,1117,1078,1118,1097,1117,1144,1135,1097,1129,1078,1129,1057,1128
1608,h,1,1,899,858,1270,1229,53.6,877,999,878,1049,881,1100,886,1149,901,1193,931,1228,973,1252,1019,1270,1073,1277,1128,1272,1177,1258,1221,1239,1254,1210,1272,1168,1281,1119,1288,1070,1294,1018,925,926,945,890,981,873,1022,873,1057,887,1118,887,1154,876,1195,879,1231,898,1250,932,1087,933,1085,954,1082,974,1080,996,1036,1048,1057,1052,1080,1056,1103,1053,1125,1051,965,961,987,946,1012,945,1036,959,1012,962,987,963,1139,961,1163,947,1187,950,1209,966,1186,967,1162,965,1000,1137,1030,1107,1059,1092,1078,1097,1097,1092,1128,1109,1161,1138,1128,1149,1098,1152,1077,1152,1057,1151,1029,1148,1014,1133,1059,1118,1078,1119,1097,1118,1146,1134,1097,1126,1078,1127,1059,1126
1609,h,1,1,899,858,1270,1229,53.63333333333333,874,1003,876,1054,880,1104,886,1152,902,1196,931,1229,972,1252,1019,1268,1073,1275,1128,1271,1179,1257,1224,1236,1256,1204,1273,1160,1281,1111,1288,1060,1293,1008,921,925,940,890,976,872,1016,872,1052,885,1112,886,1150,874,1191,874,1228,891,1249,928,1080,930,1079,951,1078,972,1076,995,1035,1048,1056,1052,1078,1055,1101,1053,1123,1049,962,960,983,945,1007,942,1031,957,1008,960,983,962,1135,957,1158,942,1183,945,1205,961,1182,962,1157,960,1001,1138,1032,1108,1060,1092,1078,1097,1096,1092,1125,1108,1157,1137,1124,1145,1096,1147,1077,1148,1057,1146,1030,1145,1015,1133,1060,1118,1078,1119,1096,1118,1142,1133,1095,1122,1077,1121,1059,1121
1610,h,1,1,899,858,1270,1229,53.666666666666664,874,1003,876,1054,880,1104,886,1152,902,1196,931,1229,972,1252,1019,1268,1073,1275,1128,1271,1179,1257,1224,1236,1256,1204,1273,1160,1281,1111,1288,1060,1293,1008,921,925,940,890,976,872,1016,872,1052,885,1112,886,1150,874,1191,874,1228,891,1249,928,1080,930,1079,951,1078,972,1076,995,1035,1048,1056,1052,1078,1055,1101,1053,1123,1049,962,960,983,945,1007,942,1031,957,1008,960,983,962,1135,957,1158,942,1183,945,1205,961,1182,962,1157,960,1001,1138,1032,1108,1060,1092,1078,1097,1096,1092,1125,1108,1157,1137,1124,1145,1096,1147,1077,1148,1057,1146,1030,1145,1015,1133,1060,1118,1078,1119,1096,1118,1142,1133,1095,1122,1077,1121,1059,1121
1611,h,1,1,899,858,1270,1229,53.7,876,1000,878,1051,882,1102,887,1151,902,1195,932,1228,974,1252,1021,1268,1074,1275,1129,1270,1179,1257,1224,1236,1256,1205,1273,1162,1282,1113,1289,1060,1295,1007,919,925,938,889,975,872,1015,871,1052,884,1115,884,1153,872,1196,875,1233,893,1253,930,1082,928,1080,949,1079,969,1077,992,1035,1046,1056,1049,1078,1053,1101,1050,1123,1047,960,959,981,942,1007,940,1031,956,1007,960,981,961,1136,956,1161,940,1186,943,1208,960,1185,962,1159,960,1000,1137,1031,1106,1058,1091,1078,1096,1097,1091,1127,1108,1161,1137,1127,1146,1097,1148,1077,1148,1056,1147,1030,1145,1014,1132,1058,1116,1077,1117,1097,1116,1146,1132,1096,1122,1077,1121,1058,1121
1612,h,1,1,899,858,1270,1229,53.733333333333334,876,1000,878,1050,882,1099,888,1147,903,1191,933,1224,975,1247,1022,1262,1077,1268,1132,1263,1183,1250,1228,1229,1261,1196,1278,1152,1285,1103,1291,1051,1295,1000,920,923,940,888,976,872,1017,872,1053,885,1110,885,1147,873,1187,872,1225,886,1247,921,1080,926,1079,948,1078,970,1077,994,1036,1046,1057,1050,1079,1052,1102,1050,1124,1047,962,956,983,940,1007,937,1030,953,1007,956,983,957,1136,952,1159,936,1184,938,1205,955,1183,956,1159,955,1005,1135,1034,1104,1061,1088,1079,1093,1097,1089,1128,1105,1161,1135,1128,1142,1099,1143,1079,1144,1060,1142,1034,1141,1019,1130,1061,1115,1079,1116,1098,1115,1147,1130,1097,1118,1079,1119,1060,1118
1613,h,1,1,899,858,1270,1229,53.766666666666666,876,1000,878,1050,882,1099,888,1147,903,1191,933,1224,975,1247,1022,1262,1077,1268,1132,1263,1183,1250,1228,1229,1261,1196,1278,1152,1285,1103,1291,1051,1295,1000,920,923,940,888,976,872,1017,872,1053,885,1110,885,1147,873,1187,872,1225,886,1247,921,1080,926,1079,948,1078,970,1077,994,1036,1046,1057,1050,1079,1052,1102,1050,1124,1047,962,956,983,940,1007,937,1030,953,1007,956,983,957,1136,952,1159,936,1184,938,1205,955,1183,956,1159,955,1005,1135,1034,1104,1061,1088,1079,1093,1097,1089,1128,1105,1161,1135,1128,1142,1099,1143,1079,1144,1060,1142,1034,1141,1019,1130,1061,1115,1079,1116,1098,1115,1147,1130,1097,1118,1079,1119,1060,1118
1614,h,1,1,899,858,1270,1229,53.8,875,1003,877,1054,882,1104,889,1153,903,1197,933,1230,976,1252,1025,1266,1079,1271,1134,1266,1184,1252,1228,1231,1259,1199,1276,1155,1284,1106,1289,1055,1293,1003,920,923,941,889,977,873,1018,873,1055,886,1113,885,1149,873,1190,873,1227,888,1247,924,1082,928,1081,950,1080,971,1079,994,1038,1047,1059,1051,1080,1053,1103,1051,1125,1048,962,957,984,940,1008,937,1031,954,1008,957,984,959,1136,955,1160,938,1185,940,1207,958,1185,959,1159,958,1004,1135,1035,1105,1063,1089,1081,1094,1098,1089,1127,1107,1160,1135,1127,1144,1098,1145,1079,1146,1060,1144,1034,1143,1017,1131,1063,1116,1081,1118,1098,1117,1146,1131,1097,1119,1079,1119,1062,1118
1615,h,1,1,881,831,1327,1277,53.833333333333336,875,997,878,1051,883,1103,888,1154,903,1199,933,1233,978,1254,1026,1269,1080,1275,1136,1270,1186,1257,1231,1236,1261,1203,1278,1158,1285,1108,1292,1055,1297,1000,917,922,936,884,973,869,1015,869,1053,882,1113,881,1153,870,1196,870,1235,886,1255,925,1084,927,1082,949,1080,971,1079,994,1037,1046,1059,1050,1081,1053,1103,1051,1126,1049,960,955,982,939,1006,936,1029,951,1006,954,982,956,1140,952,1164,938,1188,940,1210,957,1187,957,1162,955,1001,1137,1032,1105,1060,1089,1080,1093,1099,1090,1130,1108,1164,1138,1130,1147,1100,1146,1080,1146,1058,1144,1031,1144,1014,1132,1060,1114,1080,1115,1099,1115,1149,1133,1099,1123,1080,1122,1059,1122
1616,h,1,1,899,858,1270,1229,53.86666666666667,873,996,875,1047,880,1097,886,1146,900,1192,930,1225,974,1249,1022,1265,1077,1271,1133,1265,1183,1248,1227,1225,1260,1193,1275,1149,1282,1100,1288,1049,1292,997,916,924,936,889,973,872,1014,873,1051,887,1110,887,1147,874,1188,873,1226,888,1247,924,1079,929,1079,951,1078,972,1078,996,1037,1049,1057,1052,1078,1054,1100,1052,1122,1049,958,957,980,940,1005,938,1028,955,1005,959,980,960,1134,955,1157,938,1183,940,1206,958,1183,961,1157,959,1004,1137,1034,1107,1062,1090,1080,1095,1097,1091,1126,1108,1160,1136,1126,1146,1098,1147,1079,1148,1059,1146,1033,1144,1018,1133,1062,1117,1080,1118,1098,1118,1145,1133,1097,1121,1079,1121,1060,1120
1617,h,1,1,899,858,1270,1229,53.9,873,996,875,1047,880,1097,886,1146,900,1192,930,1225,974,1249,1022,1265,1077,1271,1133,1265,1183,1248,1227,1225,1260,1193,1275,1149,1282,1100,1288,1049,1292,997,916,924,936,889,973,872,1014,873,1051,887,1110,887,1147,874,1188,873,1226,888,1247,924,1079,929,1079,951,1078,972,1078,996,1037,1049,1057,1052,1078,1054,1100,1052,1122,1049,958,957,980,940,1005,938,1028,955,1005,959,980,960,1134,955,1157,938,1183,940,1206,958,1183,961,1157,959,1004,1137,1034,1107,1062,1090,1080,1095,1097,1091,1126,1108,1160,1136,1126,1146,1098,1147,1079,1148,1059,1146,1033,1144,1018,1133,1062,1117,1080,1118,1098,1118,1145,1133,1097,1121,1079,1121,1060,1120
1618,h,1,1,899,858,1270,1229,53.93333333333333,875,997,877,1048,880,1098,886,1147,900,1192,928,1226,971,1248,1019,1264,1073,1271,1128,1266,1179,1251,1225,1230,1257,1199,1274,1156,1282,1107,1288,1055,1293,1003,918,923,938,889,974,873,1014,872,1051,885,1110,886,1147,874,1188,875,1226,890,1246,926,1079,929,1077,950,1076,972,1075,995,1034,1047,1054,1051,1076,1054,1099,1051,1121,1048,959,956,981,939,1005,936,1028,954,1005,957,981,958,1134,954,1156,937,1181,939,1203,956,1181,958,1156,957,1002,1137,1032,1107,1059,1090,1078,1094,1097,1090,1125,1107,1158,1135,1125,1146,1097,1147,1077,1148,1057,1147,1031,1145,1016,1132,1059,1115,1078,1116,1097,1116,1144,1132,1096,1122,1078,1122,1059,1122
1619,h,1,1,899,858,1270,1229,53.96666666666667,871,1001,874,1051,879,1101,886,1149,902,1192,932,1225,973,1248,1021,1263,1075,1270,1130,1266,1181,1253,1226,1232,1257,1201,1273,1157,1280,1108,1286,1056,1291,1003,915,925,934,891,970,874,1011,874,1048,887,1109,888,1147,876,1188,876,1225,892,1246,927,1076,930,1076,951,1075,972,1073,995,1034,1049,1054,1052,1075,1055,1098,1053,1120,1050,958,958,979,940,1004,938,1027,956,1004,959,978,961,1132,956,1155,937,1181,939,1203,958,1180,960,1154,959,1001,1136,1031,1106,1058,1090,1077,1095,1095,1090,1125,1107,1158,1136,1125,1146,1096,1147,1077,1148,1057,1146,1030,1144,1015,1132,1058,1117,1077,1118,1095,1118,1143,1133,1095,1121,1077,1121,1058,1121
1620,h,1,1,831,831,1277,1277,54.0,871,1006,873,1058,878,1109,886,1159,900,1204,926,1238,970,1258,1020,1271,1073,1276,1127,1270,1179,1260,1225,1240,1255,1208,1272,1164,1281,1114,1288,1062,1293,1008,912,927,929,888,965,870,1007,869,1044,881,1108,881,1149,870,1192,871,1231,890,1251,929,1075,928,1074,949,1073,970,1072,993,1032,1046,1053,1050,1074,1053,1097,1050,1118,1047,954,959,976,941,1001,938,1023,955,1001,958,977,960,1134,955,1159,939,1184,942,1205,960,1183,961,1158,959,997,1139,1028,1104,1056,1088,1075,1093,1096,1089,1125,1107,1158,1137,1125,1144,1095,1144,1074,1145,1053,1144,1027,1144,1011,1133,1055,1115,1075,1116,1096,1116,1143,1133,1095,1121,1074,1121,1054,1120
1621,h,1,1,831,831,1277,1277,54.03333333333333,871,1006,873,1058,878,1109,886,1159,900,1204,926,1238,970,1258,1020,1271,1073,1276,1127,1270,1179,1260,1225,1240,1255,1208,1272,1164,1281,1114,1288,1062,1293,1008,912,927,929,888,965,870,1007,869,1044,881,1108,881,1149,870,1192,871,1231,890,1251,929,1075,928,1074,949,1073,970,1072,993,1032,1046,1053,1050,1074,1053,1097,1050,1118,1047,954,959,976,941,1001,938,1023,955,1001,958,977,960,1134,955,1159,939,1184,942,1205,960,1183,961,1158,959,997,1139,1028,1104,1056,1088,1075,1093,1096,1089,1125,1107,1158,1137,1125,1144,1095,1144,1074,1145,1053,1144,1027,1144,1011,1133,1055,1115,1075,1116,1096,1116,1143,1133,1095,1121,1074,1121,1054,1120
1622,h,1,1,831,831,1277,1277,54.06666666666667,866,1010,870,1063,876,1114,883,1161,898,1206,926,1240,970,1259,1018,1271,1071,1275,1125,1268,1174,1256,1220,1238,1253,1207,1271,1162,1280,1111,1286,1057,1290,1003,906,930,924,892,962,873,1005,872,1042,886,1099,882,1139,868,1183,868,1223,886,1243,927,1070,930,1069,951,1069,970,1068,992,1025,1049,1047,1051,1070,1053,1093,1051,1115,1049,948,963,970,946,995,942,1018,958,996,962,971,964,1125,956,1150,939,1175,940,1197,957,1175,959,1150,958,992,1140,1025,1107,1053,1089,1070,1093,1089,1089,1120,1106,1155,1135,1120,1141,1091,1142,1071,1144,1051,1143,1024,1144,1007,1134,1053,1116,1071,1116,1090,1115,1139,1131,1089,1119,1070,1120,1052,1120
1623,h,1,1,831,831,1277,1277,54.1,861,1003,865,1058,871,1111,880,1161,898,1206,927,1239,973,1257,1021,1268,1075,1271,1129,1265,1179,1253,1225,1232,1256,1200,1272,1154,1278,1102,1283,1048,1287,992,901,929,921,891,959,873,1001,872,1040,884,1097,883,1136,870,1178,869,1218,884,1238,922,1067,928,1067,948,1066,968,1066,991,1024,1048,1046,1050,1068,1052,1091,1049,1114,1047,946,962,967,946,990,942,1013,956,991,960,968,963,1126,952,1149,938,1173,939,1194,953,1173,956,1149,955,992,1141,1023,1106,1049,1087,1069,1092,1089,1087,1119,1105,1153,1136,1121,1141,1092,1141,1071,1143,1049,1142,1023,1144,1007,1135,1050,1115,1070,1116,1090,1115,1138,1131,1090,1118,1070,1118,1050,1118
1624,h,1,1,831,831,1277,1277,54.13333333333333,863,995,867,1050,872,1104,878,1156,894,1203,923,1238,967,1259,1018,1271,1073,1275,1129,1269,1180,1256,1225,1234,1255,1200,1271,1154,1278,1104,1285,1051,1290,996,901,923,921,886,960,869,1003,869,1041,883,1099,882,1140,869,1184,869,1226,886,1246,926,1069,927,1068,948,1067,969,1066,992,1025,1048,1047,1051,1068,1053,1091,1051,1113,1048,947,957,969,941,992,938,1015,953,993,957,969,959,1129,951,1152,936,1177,939,1198,956,1176,957,1151,955,992,1142,1022,1107,1048,1088,1069,1093,1089,1088,1119,1106,1153,1138,1120,1143,1092,1142,1070,1143,1048,1142,1022,1144,1006,1135,1048,1117,1069,1117,1090,1116,1138,1133,1091,1119,1069,1119,1048,1118
1625,h,1,1,831,831,1277,1277,54.166666666666664,863,995,867,1050,872,1104,878,1156,894,1203,923,1238,967,1259,1018,1271,1073,1275,1129,1269,1180,1256,1225,1234,1255,1200,1271,1154,1278,1104,1285,1051,1290,996,901,923,921,886,960,869,1003,869,1041,883,1099,882,1140,869,1184,869,1226,886,1246,926,1069,927,1068,948,1067,969,1066,992,1025,1048,1047,1051,1068,1053,1091,1051,1113,1048,947,957,969,941,992,938,1015,953,993,957,969,959,1129,951,1152,936,1177,939,1198,956,1176,957,1151,955,992,1142,1022,1107,1048,1088,1069,1093,1089,1088,1119,1106,1153,1138,1120,1143,1092,1142,1070,1143,1048,1142,1022,1144,1006,1135,1048,1117,1069,1117,1090,1116,1138,1133,1091,1119,1069,1119,1048,1118
1626,h,1,1,831,831,1277,1277,54.2,865,1000,868,1054,874,1109,882,1160,899,1205,928,1238,970,1258,1017,1270,1070,1275,1124,1270,1174,1258,1219,1238,1251,1207,1270,1162,1279,1111,1285,1057,1291,1002,904,920,925,885,963,869,1006,869,1044,883,1102,881,1142,869,1185,869,1224,886,1244,924,1072,928,1070,950,1069,970,1068,994,1026,1049,1047,1052,1070,1055,1093,1052,1115,1050,947,958,970,941,995,939,1018,954,996,959,970,961,1129,954,1153,938,1179,940,1200,957,1178,959,1153,958,994,1141,1025,1107,1052,1090,1071,1094,1090,1090,1120,1109,1155,1140,1121,1146,1091,1145,1071,1146,1050,1145,1024,1145,1008,1135,1052,1118,1071,1119,1090,1118,1140,1135,1090,1121,1071,1121,1052,1120
1627,h,1,1,831,831,1277,1277,54.233333333333334,870,1001,873,1055,878,1107,885,1157,901,1203,929,1237,971,1258,1019,1272,1071,1276,1125,1270,1175,1258,1222,1238,1254,1207,1273,1163,1282,1114,1290,1059,1296,1005,909,924,928,887,965,871,1007,871,1044,884,1104,883,1144,870,1188,870,1227,887,1249,925,1073,930,1072,951,1070,970,1068,993,1027,1048,1048,1052,1069,1055,1093,1052,1115,1049,951,959,974,940,1000,938,1022,957,1000,960,974,962,1130,956,1156,938,1181,940,1203,959,1181,961,1155,960,994,1141,1025,1107,1053,1090,1070,1095,1090,1091,1120,1109,1155,1140,1120,1148,1090,1148,1069,1148,1050,1147,1023,1147,1008,1135,1053,1118,1071,1119,1090,1118,1140,1135,1089,1123,1070,1122,1051,1122
1628,h,1,1,831,831,1277,1277,54.266666666666666,870,1001,873,1055,878,1107,885,1157,901,1203,929,1237,971,1258,1019,1272,1071,1276,1125,1270,1175,1258,1222,1238,1254,1207,1273,1163,1282,1114,1290,1059,1296,1005,909,924,928,887,965,871,1007,871,1044,884,1104,883,1144,870,1188,870,1227,887,1249,925,1073,930,1072,951,1070,970,1068,993,1027,1048,1048,1052,1069,1055,1093,1052,1115,1049,951,959,974,940,1000,938,1022,957,1000,960,974,962,1130,956,1156,938,1181,940,1203,959,1181,961,1155,960,994,1141,1025,1107,1053,1090,1070,1095,1090,1091,1120,1109,1155,1140,1120,1148,1090,1148,1069,1148,1050,1147,1023,1147,1008,1135,1053,1118,1071,1119,1090,1118,1140,1135,1089,1123,1070,1122,1051,1122
1629,h,1,1,831,831,1277,1277,54.3,865,997,867,1051,872,1104,880,1155,896,1202,923,1237,967,1259,1018,1271,1072,1275,1128,1269,1180,1257,1227,1236,1256,1202,1272,1156,1280,1105,1287,1052,1292,997,906,920,927,886,964,870,1006,870,1043,882,1101,883,1140,870,1183,870,1223,886,1243,923,1070,927,1069,949,1068,970,1067,994,1025,1049,1047,1052,1069,1054,1092,1052,1115,1050,947,957,968,944,991,940,1013,952,992,956,969,959,1132,951,1155,939,1179,942,1200,956,1178,957,1154,955,995,1140,1023,1107,1051,1089,1070,1094,1090,1090,1120,1109,1154,1139,1120,1146,1091,1145,1069,1146,1048,1144,1023,1144,1008,1135,1050,1118,1070,1119,1090,1119,1140,1135,1090,1120,1069,1120,1050,1120
1630,h,1,1,831,831,1277,1277,54.333333333333336,864,1010,867,1066,873,1119,882,1170,899,1214,926,1248,970,1267,1019,1278,1072,1282,1127,1275,1179,1264,1226,1244,1257,1212,1275,1166,1283,1116,1290,1062,1295,1006,904,932,922,890,961,869,1005,868,1044,881,1101,880,1142,868,1187,869,1229,888,1249,929,1070,929,1069,949,1067,969,1066,992,1025,1049,1047,1052,1069,1054,1093,1051,1116,1049,948,961,970,943,994,940,1018,956,996,960,971,962,1130,953,1155,938,1181,940,1202,959,1180,959,1154,958,993,1143,1024,1109,1051,1090,1070,1094,1091,1090,1120,1108,1155,1140,1121,1147,1092,1147,1070,1148,1049,1147,1023,1148,1008,1137,1051,1118,1070,1118,1091,1117,1140,1135,1091,1122,1070,1122,1050,1122
1631,h,1,1,831,831,1277,1277,54.36666666666667,860,1000,863,1054,868,1107,876,1158,893,1204,922,1239,967,1260,1018,1273,1074,1278,1130,1273,1182,1261,1228,1239,1257,1205,1273,1158,1279,1106,1283,1052,1287,997,900,923,919,886,957,869,1000,868,1038,882,1098,881,1138,868,1181,868,1221,885,1241,922,1067,928,1068,948,1067,968,1068,991,1025,1049,1047,1051,1069,1052,1092,1050,1114,1048,945,957,966,941,990,939,1012,953,991,957,967,959,1126,951,1150,937,1175,939,1196,955,1174,957,1150,955,993,1138,1023,1105,1050,1088,1070,1093,1090,1089,1120,1106,1154,1137,1122,1144,1092,1143,1071,1144,1049,1142,1023,1143,1008,1133,1050,1115,1070,1116,1091,1115,1140,1132,1091,1119,1070,1118,1050,1118
1632,h,1,1,831,831,1277,1277,54.4,860,1000,863,1054,868,1107,876,1158,893,1204,922,1239,967,1260,1018,1273,1074,1278,1130,1273,1182,1261,1228,1239,1257,1205,1273,1158,1279,1106,1283,1052,1287,997,900,923,919,886,957,869,1000,868,1038,882,1098,881,1138,868,1181,868,1221,885,1241,922,1067,928,1068,948,1067,968,1068,991,1025,1049,1047,1051,1069,1052,1092,1050,1114,1048,945,957,966,941,990,939,1012,953,991,957,967,959,1126,951,1150,937,1175,939,1196,955,1174,957,1150,955,993,1138,1023,1105,1050,1088,1070,1093,1090,1089,1120,1106,1154,1137,1122,1144,1092,1143,1071,1144,1049,1142,1023,1143,1008,1133,1050,1115,1070,1116,1091,1115,1140,1132,1091,1119,1070,1118,1050,1118
1633,h,1,1,831,831,1277,1277,54.43333333333333,860,1007,864,1061,869,1113,876,1162,893,1206,922,1240,966,1259,1016,1271,1071,1276,1127,1270,1179,1258,1225,1237,1255,1203,1271,1157,1278,1106,1283,1053,1287,999,899,929,916,888,954,869,997,868,1036,880,1102,880,1141,868,1183,868,1223,885,1242,924,1068,927,1067,948,1066,967,1065,990,1025,1045,1046,1049,1068,1051,1091,1048,1113,1046,944,959,966,942,989,939,1012,954,991,958,967,960,1129,951,1153,936,1177,938,1197,955,1176,956,1152,955,992,1138,1022,1106,1050,1088,1068,1092,1089,1089,1118,1106,1152,1136,1119,1143,1090,1142,1069,1143,1048,1142,1022,1143,1006,1132,1049,1114,1069,1115,1090,1114,1137,1131,1089,1119,1068,1118,1049,1118
1634,h,1,1,831,831,1277,1277,54.46666666666667,867,1017,871,1070,877,1120,885,1169,902,1213,929,1246,973,1265,1021,1276,1073,1280,1127,1272,1175,1261,1220,1243,1249,1211,1267,1167,1275,1118,1281,1067,1286,1014,903,933,922,892,961,873,1005,873,1044,887,1101,886,1141,872,1186,872,1227,889,1248,928,1071,928,1070,949,1069,968,1068,991,1026,1049,1048,1051,1070,1052,1094,1050,1116,1047,947,965,969,945,994,942,1018,960,996,964,970,966,1128,957,1153,939,1179,941,1201,960,1179,961,1152,960,989,1141,1021,1107,1050,1089,1069,1092,1090,1088,1122,1106,1157,1137,1123,1147,1092,1148,1070,1150,1049,1149,1021,1150,1004,1135,1050,1115,1070,1114,1090,1114,1142,1133,1091,1127,1070,1127,1050,1128
1635,h,1,1,831,831,1277,1277,54.5,863,997,866,1051,871,1104,878,1154,893,1201,920,1236,965,1259,1016,1273,1072,1278,1130,1271,1182,1259,1227,1237,1256,1202,1271,1155,1278,1104,1285,1051,1291,995,899,921,919,883,957,866,1000,866,1039,880,1099,880,1139,867,1184,867,1224,884,1244,924,1068,925,1068,947,1068,968,1067,993,1025,1048,1047,1050,1069,1053,1092,1050,1115,1047,944,956,965,942,988,938,1012,950,990,955,966,957,1130,950,1154,937,1178,940,1199,955,1177,956,1153,954,992,1139,1022,1107,1050,1090,1070,1094,1091,1090,1120,1108,1154,1138,1121,1145,1092,1144,1070,1145,1048,1143,1021,1144,1007,1134,1049,1116,1070,1117,1091,1117,1139,1133,1091,1120,1070,1120,1049,1120
1636,h,1,1,831,831,1277,1277,54.53333333333333,863,997,866,1051,871,1104,878,1154,893,1201,920,1236,965,1259,1016,1273,1072,1278,1130,1271,1182,1259,1227,1237,1256,1202,1271,1155,1278,1104,1285,1051,1291,995,899,921,919,883,957,866,1000,866,1039,880,1099,880,1139,867,1184,867,1224,884,1244,924,1068,925,1068,947,1068,968,1067,993,1025,1048,1047,1050,1069,1053,1092,1050,1115,1047,944,956,965,942,988,938,1012,950,990,955,966,957,1130,950,1154,937,1178,940,1199,955,1177,956,1153,954,992,1139,1022,1107,1050,1090,1070,1094,1091,1090,1120,1108,1154,1138,1121,1145,1092,1144,1070,1145,1048,1143,1021,1144,1007,1134,1049,1116,1070,1117,1091,1117,1139,1133,1091,1120,1070,1120,1049,1120
1637,h,1,1,831,831,1277,1277,54.56666666666667,865,997,868,1050,874,1104,882,1155,898,1201,926,1235,969,1256,1018,1269,1073,1275,1130,1270,1181,1258,1227,1237,1255,1202,1270,1156,1277,1105,1284,1051,1289,996,907,920,928,887,964,873,1005,873,1040,886,1100,884,1138,872,1180,871,1219,886,1240,921,1069,926,1069,948,1069,970,1068,994,1027,1049,1049,1052,1070,1054,1093,1052,1115,1049,947,958,969,942,993,939,1016,953,994,958,970,960,1127,952,1151,937,1176,939,1197,955,1176,958,1151,956,996,1140,1025,1108,1051,1091,1071,1096,1091,1091,1120,1108,1154,1138,1121,1146,1093,1146,1072,1147,1051,1145,1026,1145,1010,1136,1051,1118,1071,1119,1091,1118,1140,1133,1092,1121,1072,1121,1052,1121
1638,h,1,1,831,831,1277,1277,54.6,861,1007,865,1063,872,1116,881,1167,898,1212,927,1246,970,1266,1020,1278,1074,1283,1129,1278,1180,1267,1226,1246,1255,1212,1271,1166,1279,1115,1286,1061,1291,1005,902,931,921,891,959,871,1003,870,1041,882,1098,880,1138,867,1183,868,1225,887,1244,929,1069,926,1069,948,1068,969,1068,992,1026,1048,1048,1051,1070,1054,1094,1051,1116,1048,945,963,967,946,991,942,1015,956,993,959,969,962,1128,953,1153,939,1178,942,1199,959,1177,959,1152,957,991,1144,1022,1109,1049,1091,1069,1095,1090,1091,1121,1109,1154,1140,1122,1147,1093,1146,1070,1147,1048,1146,1022,1146,1006,1137,1049,1117,1069,1118,1091,1117,1140,1135,1092,1122,1070,1122,1049,1122
1639,h,1,1,831,831,1277,1277,54.63333333333333,863,1014,868,1067,874,1119,882,1167,899,1210,927,1244,971,1262,1018,1274,1070,1278,1125,1273,1175,1263,1220,1244,1251,1212,1270,1167,1279,1115,1285,1061,1289,1006,900,931,920,891,958,872,1002,871,1041,883,1099,880,1140,868,1184,869,1225,886,1245,927,1069,927,1069,947,1068,966,1067,989,1025,1046,1047,1049,1070,1051,1093,1048,1115,1046,945,963,968,946,991,942,1015,957,993,960,969,963,1127,954,1152,938,1177,940,1198,957,1176,958,1151,956,992,1143,1021,1107,1048,1088,1069,1092,1091,1088,1120,1106,1155,1137,1122,1144,1093,1143,1070,1145,1048,1144,1021,1146,1005,1136,1048,1115,1069,1115,1091,1114,1140,1132,1092,1121,1069,1121,1048,1121
1640,h,1,1,831,831,1277,1277,54.666666666666664,863,1014,868,1067,874,1119,882,1167,899,1210,927,1244,971,1262,1018,1274,1070,1278,1125,1273,1175,1263,1220,1244,1251,1212,1270,1167,1279,1115,1285,1061,1289,1006,900,931,920,891,958,872,1002,871,1041,883,1099,880,1140,868,1184,869,1225,886,1245,927,1069,927,1069,947,1068,966,1067,989,1025,1046,1047,1049,1070,1051,1093,1048,1115,1046,945,963,968,946,991,942,1015,957,993,960,969,963,1127,954,1152,938,1177,940,1198,957,1176,958,1151,956,992,1143,1021,1107,1048,1088,1069,1092,1091,1088,1120,1106,1155,1137,1122,1144,1093,1143,1070,1145,1048,1144,1021,1146,1005,1136,1048,1115,1069,1115,1091,1114,1140,1132,1092,1121,1069,1121,1048,1121
1641,h,1,1,831,831,1277,1277,54.7,863,997,868,1052,875,1107,882,1158,897,1205,926,1240,968,1261,1016,1273,1069,1278,1124,1271,1174,1260,1220,1240,1251,1207,1270,1162,1280,1112,1288,1058,1295,1001,901,929,919,888,957,870,1001,869,1040,882,1105,880,1146,869,1190,869,1231,887,1251,927,1071,924,1069,945,1068,965,1066,988,1026,1045,1047,1048,1069,1049,1092,1047,1115,1045,948,960,970,941,995,938,1018,953,997,958,971,960,1129,951,1154,935,1180,938,1202,955,1180,957,1153,955,991,1139,1022,1106,1050,1088,1070,1091,1091,1087,1122,1104,1155,1134,1122,1143,1092,1144,1070,1146,1049,1145,1021,1146,1005,1133,1050,1112,1070,1112,1092,1111,1140,1129,1092,1121,1070,1122,1049,1122
1642,h,1,1,831,831,1277,1277,54.733333333333334,868,998,872,1052,877,1105,883,1156,898,1201,928,1236,972,1256,1022,1267,1074,1270,1127,1263,1177,1252,1222,1233,1253,1203,1271,1159,1279,1110,1287,1057,1293,1002,908,927,927,888,964,870,1006,869,1045,882,1108,879,1148,869,1192,870,1232,887,1253,927,1074,928,1072,948,1071,968,1070,991,1028,1048,1050,1049,1071,1051,1094,1049,1116,1047,951,960,973,942,999,940,1023,957,1000,961,974,963,1131,956,1157,938,1183,940,1205,958,1183,961,1156,959,993,1139,1025,1106,1054,1087,1072,1092,1091,1087,1122,1104,1156,1133,1123,1141,1093,1142,1072,1144,1053,1144,1025,1145,1008,1133,1054,1116,1072,1116,1092,1114,1140,1129,1092,1118,1072,1119,1053,1119
1643,h,1,1,831,831,1277,1277,54.766666666666666,868,998,872,1052,877,1105,883,1156,898,1201,928,1236,972,1256,1022,1267,1074,1270,1127,1263,1177,1252,1222,1233,1253,1203,1271,1159,1279,1110,1287,1057,1293,1002,908,927,927,888,964,870,1006,869,1045,882,1108,879,1148,869,1192,870,1232,887,1253,927,1074,928,1072,948,1071,968,1070,991,1028,1048,1050,1049,1071,1051,1094,1049,1116,1047,951,960,973,942,999,940,1023,957,1000,961,974,963,1131,956,1157,938,1183,940,1205,958,1183,961,1156,959,993,1139,1025,1106,1054,1087,1072,1092,1091,1087,1122,1104,1156,1133,1123,1141,1093,1142,1072,1144,1053,1144,1025,1145,1008,1133,1054,1116,1072,1116,1092,1114,1140,1129,1092,1118,1072,1119,1053,1119
1644,h,1,1,831,831,1277,1277,54.8,872,1007,875,1061,879,1113,886,1161,901,1205,929,1239,972,1259,1019,1272,1071,1276,1124,1270,1172,1258,1217,1239,1251,1210,1271,1165,1281,1115,1289,1062,1294,1008,908,931,927,891,965,873,1009,873,1047,887,1106,885,1147,872,1191,872,1231,890,1251,930,1074,929,1073,950,1072,969,1071,992,1029,1048,1051,1051,1072,1053,1095,1051,1118,1049,951,962,974,944,999,942,1023,958,1000,963,974,965,1130,956,1155,940,1181,942,1203,960,1181,962,1155,960,994,1141,1025,1108,1054,1089,1073,1094,1093,1089,1123,1107,1156,1138,1123,1145,1093,1145,1071,1147,1050,1146,1023,1147,1007,1135,1053,1116,1073,1117,1093,1116,1141,1134,1092,1120,1071,1120,1052,1121
1645,h,1,1,831,831,1277,1277,54.833333333333336,870,1002,873,1058,878,1110,885,1160,901,1205,929,1239,973,1259,1022,1272,1076,1276,1131,1270,1181,1257,1226,1236,1255,1203,1272,1158,1281,1109,1288,1057,1294,1002,908,930,927,890,966,872,1009,872,1047,885,1104,883,1144,870,1189,871,1230,889,1250,929,1074,927,1073,949,1072,971,1071,996,1030,1047,1051,1052,1073,1055,1096,1052,1117,1049,953,959,974,943,998,940,1021,954,1000,959,975,961,1133,952,1157,938,1182,940,1203,957,1181,958,1157,956,997,1141,1027,1109,1054,1091,1073,1096,1093,1092,1122,1109,1155,1138,1122,1146,1094,1146,1073,1147,1052,1146,1026,1146,1010,1136,1054,1117,1073,1118,1094,1117,1141,1134,1093,1122,1073,1122,1053,1122
1646,h,1,1,831,831,1277,1277,54.86666666666667,861,1012,866,1067,873,1119,881,1168,898,1212,927,1245,971,1264,1020,1274,1075,1278,1129,1272,1180,1261,1225,1242,1254,1209,1270,1165,1278,1115,1284,1062,1288,1008,901,930,921,890,959,871,1004,868,1043,881,1101,879,1143,868,1187,869,1227,887,1245,929,1070,930,1069,950,1069,969,1068,992,1026,1050,1048,1053,1070,1055,1093,1053,1116,1050,947,964,969,945,994,942,1019,958,995,962,970,964,1127,956,1153,939,1179,942,1200,960,1178,961,1152,959,995,1142,1025,1109,1053,1090,1072,1094,1092,1090,1122,1108,1156,1139,1123,1147,1093,1145,1072,1147,1051,1145,1025,1146,1009,1136,1053,1118,1072,1118,1092,1118,1142,1135,1092,1122,1072,1121,1052,1121
1647,h,1,1,831,831,1277,1277,54.9,861,1012,866,1067,873,1119,881,1168,898,1212,927,1245,971,1264,1020,1274,1075,1278,1129,1272,1180,1261,1225,1242,1254,1209,1270,1165,1278,1115,1284,1062,1288,1008,901,930,921,890,959,871,1004,868,1043,881,1101,879,1143,868,1187,869,1227,887,1245,929,1070,930,1069,950,1069,969,1068,992,1026,1050,1048,1053,1070,1055,1093,1053,1116,1050,947,964,969,945,994,942,1019,958,995,962,970,964,1127,956,1153,939,1179,942,1200,960,1178,961,1152,959,995,1142,1025,1109,1053,1090,1072,1094,1092,1090,1122,1108,1156,1139,1123,1147,1093,1145,1072,1147,1051,1145,1025,1146,1009,1136,1053,1118,1072,1118,1092,1118,1142,1135,1092,1122,1072,1121,1052,1121
1648,h,1,1,831,831,1277,1277,54.93333333333333,866,1002,869,1056,873,1109,881,1160,896,1205,924,1240,969,1260,1017,1273,1073,1278,1129,1271,1180,1258,1225,1237,1255,1204,1272,1159,1280,1109,1286,1055,1291,999,904,929,923,888,961,870,1004,868,1041,881,1100,878,1142,867,1186,867,1226,886,1246,927,1071,926,1069,947,1068,967,1066,990,1024,1046,1046,1050,1068,1053,1092,1050,1115,1047,949,959,971,943,995,939,1019,953,997,958,972,960,1128,951,1153,936,1177,939,1199,956,1176,957,1152,955,995,1141,1024,1108,1051,1090,1069,1094,1089,1090,1119,1107,1153,1137,1119,1143,1091,1143,1070,1145,1050,1144,1025,1145,1008,1134,1052,1117,1070,1117,1090,1116,1138,1132,1090,1119,1070,1120,1051,1119
1649,h,1,1,831,831,1277,1277,54.96666666666667,858,1012,864,1067,872,1119,882,1169,901,1212,930,1245,973,1264,1021,1274,1074,1276,1129,1269,1177,1259,1220,1239,1250,1206,1267,1162,1275,1110,1280,1057,1284,1003,892,931,911,891,949,872,993,869,1033,881,1097,877,1137,866,1181,868,1220,886,1240,924,1064,926,1064,948,1064,968,1064,992,1022,1049,1045,1051,1067,1052,1090,1050,1113,1047,939,965,962,946,987,942,1012,957,989,962,963,965,1121,953,1147,937,1173,940,1195,957,1172,958,1146,957,991,1139,1022,1106,1050,1088,1069,1091,1087,1087,1118,1104,1153,1134,1120,1141,1090,1141,1070,1142,1049,1142,1022,1143,1006,1133,1050,1114,1069,1114,1088,1113,1137,1130,1088,1117,1069,1117,1049,1117
1650,h,1,1,831,831,1277,1277,55.0,860,1014,864,1067,871,1118,879,1167,896,1211,925,1244,969,1262,1018,1272,1073,1275,1129,1268,1180,1257,1225,1236,1255,1203,1271,1157,1278,1106,1283,1054,1287,1000,894,928,912,887,950,866,993,863,1032,875,1095,871,1136,859,1181,860,1223,879,1243,921,1064,922,1064,944,1063,965,1063,989,1023,1045,1044,1048,1066,1050,1089,1047,1111,1044,940,959,962,942,986,938,1010,951,987,957,963,960,1124,947,1148,933,1172,934,1194,950,1172,952,1148,951,991,1140,1020,1105,1047,1087,1066,1091,1086,1087,1116,1103,1151,1134,1118,1139,1090,1139,1068,1140,1047,1140,1021,1142,1004,1133,1047,1114,1067,1114,1087,1113,1137,1129,1088,1115,1068,1116,1047,1116
1651,h,1,1,831,831,1277,1277,55.03333333333333,860,1014,864,1067,871,1118,879,1167,896,1211,925,1244,969,1262,1018,1272,1073,1275,1129,1268,1180,1257,1225,1236,1255,1203,1271,1157,1278,1106,1283,1054,1287,1000,894,928,912,887,950,866,993,863,1032,875,1095,871,1136,859,1181,860,1223,879,1243,921,1064,922,1064,944,1063,965,1063,989,1023,1045,1044,1048,1066,1050,1089,1047,1111,1044,940,959,962,942,986,938,1010,951,987,957,963,960,1124,947,1148,933,1172,934,1194,950,1172,952,1148,951,991,1140,1020,1105,1047,1087,1066,1091,1086,1087,1116,1103,1151,1134,1118,1139,1090,1139,1068,1140,1047,1140,1021,1142,1004,1133,1047,1114,1067,1114,1087,1113,1137,1129,1088,1115,1068,1116,1047,1116
1652,h,1,1,831,831,1277,1277,55.06666666666667,864,1005,870,1060,876,1113,884,1162,900,1208,928,1242,972,1261,1023,1271,1078,1274,1135,1269,1187,1259,1231,1238,1259,1204,1275,1158,1282,1108,1288,1055,1293,999,900,928,917,889,954,870,997,868,1035,880,1101,878,1142,867,1186,868,1227,885,1248,924,1069,926,1067,948,1066,969,1065,993,1024,1048,1046,1051,1068,1053,1092,1051,1115,1047,944,959,965,943,989,940,1013,953,991,957,966,960,1130,951,1154,937,1179,939,1201,955,1179,956,1154,955,992,1141,1023,1108,1049,1090,1069,1094,1090,1091,1119,1108,1154,1136,1121,1143,1092,1143,1070,1144,1049,1143,1023,1144,1006,1135,1049,1117,1069,1118,1091,1117,1139,1132,1091,1120,1069,1120,1049,1119
1653,h,1,1,831,831,1277,1277,55.1,865,992,868,1048,873,1102,880,1153,895,1200,921,1236,964,1258,1013,1271,1068,1277,1124,1272,1175,1259,1222,1237,1253,1203,1271,1156,1278,1104,1286,1050,1292,993,898,919,920,884,958,867,1002,866,1040,881,1106,881,1146,868,1190,868,1230,886,1250,924,1073,927,1072,950,1071,972,1070,996,1028,1052,1050,1055,1072,1057,1094,1054,1116,1051,943,957,966,944,991,941,1016,952,993,959,967,961,1131,952,1156,940,1182,944,1203,958,1181,961,1156,958,994,1143,1026,1110,1053,1092,1072,1096,1093,1093,1121,1110,1154,1139,1121,1146,1093,1147,1072,1148,1051,1147,1025,1148,1008,1138,1053,1119,1072,1120,1093,1120,1139,1135,1093,1122,1072,1123,1052,1122
1654,h,1,1,831,831,1277,1277,55.13333333333333,867,1009,870,1064,877,1116,884,1166,900,1211,929,1245,972,1265,1020,1276,1073,1281,1127,1275,1177,1262,1222,1242,1253,1210,1271,1166,1280,1115,1287,1061,1292,1006,911,928,930,891,967,872,1009,870,1046,882,1105,880,1145,869,1188,870,1227,887,1247,926,1073,927,1073,949,1072,970,1071,995,1029,1051,1051,1055,1073,1057,1096,1054,1119,1050,953,964,974,946,998,942,1022,957,1000,962,975,965,1131,954,1155,939,1179,941,1200,958,1179,959,1154,958,997,1145,1028,1110,1055,1092,1074,1096,1093,1092,1122,1109,1157,1140,1123,1147,1094,1148,1073,1149,1053,1148,1027,1150,1011,1139,1055,1119,1074,1120,1093,1119,1142,1135,1093,1123,1073,1123,1054,1123
1655,h,1,1,831,831,1277,1277,55.166666666666664,867,1009,870,1064,877,1116,884,1166,900,1211,929,1245,972,1265,1020,1276,1073,1281,1127,1275,1177,1262,1222,1242,1253,1210,1271,1166,1280,1115,1287,1061,1292,1006,911,928,930,891,967,872,1009,870,1046,882,1105,880,1145,869,1188,870,1227,887,1247,926,1073,927,1073,949,1072,970,1071,995,1029,1051,1051,1055,1073,1057,1096,1054,1119,1050,953,964,974,946,998,942,1022,957,1000,962,975,965,1131,954,1155,939,1179,941,1200,958,1179,959,1154,958,997,1145,1028,1110,1055,1092,1074,1096,1093,1092,1122,1109,1157,1140,1123,1147,1094,1148,1073,1149,1053,1148,1027,1150,1011,1139,1055,1119,1074,1120,1093,1119,1142,1135,1093,1123,1073,1123,1054,1123
1656,h,1,1,899,858,1270,1229,55.2,868,1011,872,1062,878,1112,886,1160,900,1204,929,1238,973,1258,1020,1271,1075,1275,1131,1270,1180,1257,1225,1237,1256,1205,1273,1161,1280,1110,1285,1058,1289,1006,908,929,927,893,964,874,1005,872,1043,884,1103,883,1140,870,1182,872,1221,888,1243,923,1072,928,1071,951,1070,972,1069,996,1029,1050,1050,1053,1072,1056,1095,1053,1117,1050,951,963,972,944,997,940,1022,958,998,962,973,964,1128,955,1152,938,1178,939,1200,958,1177,959,1152,958,999,1141,1028,1109,1055,1091,1075,1095,1093,1091,1123,1107,1157,1137,1124,1145,1095,1147,1075,1148,1054,1147,1028,1147,1013,1136,1055,1118,1075,1119,1093,1118,1142,1133,1094,1121,1075,1121,1055,1121
1657,h,1,1,831,831,1277,1277,55.233333333333334,865,1001,869,1055,875,1108,882,1158,897,1203,925,1237,969,1256,1018,1268,1071,1272,1125,1266,1176,1255,1222,1236,1253,1205,1270,1160,1279,1109,1286,1055,1292,1000,907,928,926,890,962,873,1004,871,1041,883,1103,881,1142,869,1186,871,1225,888,1246,925,1072,927,1070,948,1069,967,1068,990,1028,1045,1049,1048,1070,1051,1094,1048,1116,1045,948,961,970,943,995,939,1019,955,997,959,971,962,1129,953,1153,936,1178,939,1200,956,1178,958,1153,956,995,1139,1026,1105,1052,1087,1070,1091,1089,1087,1119,1104,1153,1135,1120,1142,1091,1143,1070,1144,1051,1143,1025,1145,1010,1133,1052,1113,1070,1114,1090,1113,1137,1130,1090,1120,1070,1120,1052,1120
1658,h,1,1,831,831,1277,1277,55.266666666666666,865,1001,869,1055,875,1108,882,1158,897,1203,925,1237,969,1256,1018,1268,1071,1272,1125,1266,1176,1255,1222,1236,1253,1205,1270,1160,1279,1109,1286,1055,1292,1000,907,928,926,890,962,873,1004,871,1041,883,1103,881,1142,869,1186,871,1225,888,1246,925,1072,927,1070,948,1069,967,1068,990,1028,1045,1049,1048,1070,1051,1094,1048,1116,1045,948,961,970,943,995,939,1019,955,997,959,971,962,1129,953,1153,936,1178,939,1200,956,1178,958,1153,956,995,1139,1026,1105,1052,1087,1070,1091,1089,1087,1119,1104,1153,1135,1120,1142,1091,1143,1070,1144,1051,1143,1025,1145,1010,1133,1052,1113,1070,1114,1090,1113,1137,1130,1090,1120,1070,1120,1052,1120
1659,h,1,1,831,831,1277,1277,55.3,862,1006,867,1060,874,1112,881,1160,897,1204,925,1237,969,1255,1018,1265,1072,1268,1127,1261,1178,1251,1225,1234,1255,1204,1271,1160,1279,1109,1286,1057,1293,1002,903,930,921,890,957,871,1000,868,1038,881,1100,878,1140,864,1185,866,1225,883,1247,922,1068,927,1067,947,1066,966,1064,988,1025,1046,1047,1047,1069,1049,1092,1046,1115,1044,947,963,967,945,992,941,1016,957,994,961,969,964,1127,953,1151,936,1176,938,1198,955,1176,956,1150,955,994,1139,1024,1103,1051,1084,1070,1088,1089,1084,1119,1101,1154,1132,1120,1139,1091,1138,1071,1139,1051,1139,1024,1141,1008,1132,1051,1112,1070,1112,1089,1111,1138,1127,1090,1115,1070,1115,1051,1115
1660,h,1,1,831,831,1277,1277,55.333333333333336,868,1004,872,1056,878,1108,886,1157,903,1201,933,1234,976,1254,1024,1267,1077,1271,1129,1263,1178,1251,1223,1232,1255,1202,1273,1157,1281,1106,1287,1053,1291,998,909,927,928,891,963,874,1002,873,1038,884,1103,880,1139,868,1181,868,1218,883,1240,917,1070,928,1069,949,1068,968,1067,991,1026,1046,1048,1048,1071,1050,1094,1047,1116,1044,951,963,972,946,996,943,1020,957,998,961,973,964,1127,953,1150,937,1175,939,1197,955,1175,956,1150,955,997,1137,1027,1103,1054,1085,1072,1090,1091,1085,1121,1102,1156,1131,1123,1140,1094,1141,1073,1142,1054,1142,1027,1143,1012,1132,1054,1114,1072,1114,1092,1113,1140,1128,1092,1116,1072,1116,1054,1117
1661,h,1,1,831,831,1277,1277,55.36666666666667,871,1004,874,1057,880,1109,887,1159,902,1204,931,1239,974,1261,1022,1273,1075,1278,1129,1271,1180,1259,1226,1238,1257,1206,1275,1161,1283,1109,1288,1055,1293,1000,911,930,930,893,966,874,1008,873,1046,886,1104,884,1142,870,1185,870,1225,886,1247,923,1074,929,1073,949,1071,969,1070,992,1028,1048,1050,1052,1072,1054,1096,1051,1119,1049,955,965,977,951,1000,947,1023,958,1002,962,979,965,1131,955,1155,944,1179,947,1201,960,1178,960,1154,958,996,1141,1026,1107,1052,1089,1072,1093,1092,1089,1121,1105,1156,1136,1123,1143,1094,1144,1073,1146,1052,1145,1025,1146,1010,1135,1053,1117,1072,1116,1092,1115,1141,1131,1093,1121,1072,1121,1052,1121
1662,h,1,1,831,831,1277,1277,55.4,871,1004,874,1057,880,1109,887,1159,902,1204,931,1239,974,1261,1022,1273,1075,1278,1129,1271,1180,1259,1226,1238,1257,1206,1275,1161,1283,1109,1288,1055,1293,1000,911,930,930,893,966,874,1008,873,1046,886,1104,884,1142,870,1185,870,1225,886,1247,923,1074,929,1073,949,1071,969,1070,992,1028,1048,1050,1052,1072,1054,1096,1051,1119,1049,955,965,977,951,1000,947,1023,958,1002,962,979,965,1131,955,1155,944,1179,947,1201,960,1178,960,1154,958,996,1141,1026,1107,1052,1089,1072,1093,1092,1089,1121,1105,1156,1136,1123,1143,1094,1144,1073,1146,1052,1145,1025,1146,1010,1135,1053,1117,1072,1116,1092,1115,1141,1131,1093,1121,1072,1121,1052,1121
1663,h,1,1,899,858,1270,1229,55.43333333333333,875,999,877,1047,881,1097,886,1147,902,1191,931,1226,973,1250,1020,1268,1074,1274,1131,1268,1180,1252,1226,1231,1259,1200,1276,1157,1283,1108,1289,1058,1294,1006,919,931,937,896,973,877,1013,875,1051,888,1106,889,1142,876,1183,878,1221,894,1244,928,1075,933,1074,954,1072,974,1070,997,1032,1050,1052,1054,1074,1057,1097,1053,1119,1049,960,964,981,951,1004,947,1028,959,1005,964,981,966,1132,958,1155,946,1180,948,1202,963,1178,964,1153,962,1000,1139,1029,1109,1056,1092,1075,1097,1092,1092,1122,1107,1157,1136,1124,1146,1095,1149,1076,1150,1055,1149,1029,1148,1014,1134,1056,1119,1075,1119,1093,1118,1142,1132,1093,1123,1076,1123,1056,1123
1664,h,1,1,881,831,1327,1277,55.46666666666667,875,1007,878,1058,883,1109,889,1157,904,1202,935,1235,980,1257,1027,1270,1080,1278,1136,1272,1185,1259,1231,1240,1262,1210,1280,1167,1289,1118,1297,1066,1303,1012,917,928,936,891,972,873,1014,871,1051,882,1111,881,1152,871,1196,874,1237,891,1260,929,1081,929,1078,951,1075,971,1072,994,1036,1047,1055,1050,1076,1053,1099,1051,1122,1049,962,962,983,947,1007,944,1030,957,1007,961,984,962,1141,956,1164,943,1189,946,1212,962,1188,963,1163,960,1003,1139,1030,1107,1058,1090,1078,1095,1097,1092,1129,1109,1164,1140,1131,1149,1099,1150,1079,1151,1058,1148,1030,1146,1017,1133,1059,1113,1079,1115,1098,1115,1149,1135,1098,1128,1079,1127,1058,1126
1665,h,1,1,831,831,1277,1277,55.5,871,1006,875,1060,880,1111,888,1161,904,1206,934,1239,979,1260,1029,1272,1084,1276,1141,1268,1192,1255,1237,1234,1265,1200,1278,1154,1283,1102,1289,1049,1293,994,910,930,928,891,965,874,1008,873,1045,886,1105,882,1144,869,1187,870,1226,886,1246,924,1075,928,1075,950,1074,970,1073,994,1033,1048,1054,1051,1076,1054,1099,1051,1121,1048,954,963,975,947,1000,944,1024,957,1002,961,977,964,1133,953,1157,940,1181,942,1202,958,1181,959,1157,958,1001,1141,1032,1107,1058,1089,1076,1093,1096,1089,1125,1108,1159,1138,1126,1144,1098,1143,1077,1144,1057,1143,1032,1144,1015,1135,1058,1118,1077,1118,1096,1117,1145,1133,1096,1120,1076,1119,1058,1119
1666,h,1,1,831,831,1277,1277,55.53333333333333,871,1006,875,1060,880,1111,888,1161,904,1206,934,1239,979,1260,1029,1272,1084,1276,1141,1268,1192,1255,1237,1234,1265,1200,1278,1154,1283,1102,1289,1049,1293,994,910,930,928,891,965,874,1008,873,1045,886,1105,882,1144,869,1187,870,1226,886,1246,924,1075,928,1075,950,1074,970,1073,994,1033,1048,1054,1051,1076,1054,1099,1051,1121,1048,954,963,975,947,1000,944,1024,957,1002,961,977,964,1133,953,1157,940,1181,942,1202,958,1181,959,1157,958,1001,1141,1032,1107,1058,1089,1076,1093,1096,1089,1125,1108,1159,1138,1126,1144,1098,1143,1077,1144,1057,1143,1032,1144,1015,1135,1058,1118,1077,1118,1096,1117,1145,1133,1096,1120,1076,1119,1058,1119
1667,h,1,1,831,831,1277,1277,55.56666666666667,865,1004,870,1057,877,1110,885,1159,900,1204,929,1238,973,1257,1021,1269,1076,1274,1131,1268,1182,1257,1226,1237,1255,1204,1271,1158,1279,1108,1284,1056,1289,1001,903,930,923,892,960,874,1003,872,1041,884,1100,882,1141,869,1186,871,1226,888,1248,927,1071,926,1070,947,1069,967,1069,990,1026,1047,1049,1050,1072,1051,1096,1048,1118,1045,948,962,970,946,994,942,1018,955,996,960,971,963,1128,952,1152,938,1177,941,1199,956,1177,957,1152,955,997,1139,1027,1105,1054,1087,1074,1091,1094,1086,1124,1103,1159,1133,1126,1140,1097,1139,1075,1141,1054,1141,1027,1143,1012,1134,1055,1115,1075,1114,1095,1113,1144,1128,1095,1116,1075,1116,1055,1116
1668,h,1,1,831,831,1277,1277,55.6,867,1011,872,1064,879,1115,887,1163,903,1206,932,1239,975,1257,1025,1267,1080,1271,1134,1263,1184,1252,1229,1232,1258,1200,1274,1154,1281,1104,1286,1050,1290,996,903,933,920,891,957,869,1001,865,1040,878,1098,875,1139,861,1185,862,1226,881,1246,923,1070,924,1069,944,1069,964,1068,987,1027,1045,1049,1047,1071,1048,1095,1045,1118,1043,949,962,970,945,994,941,1018,955,996,959,972,963,1128,951,1152,935,1177,937,1199,953,1177,955,1152,954,997,1137,1026,1103,1053,1084,1073,1088,1093,1084,1124,1100,1158,1131,1125,1137,1096,1137,1075,1138,1054,1138,1027,1140,1010,1130,1053,1111,1073,1111,1094,1110,1143,1126,1094,1114,1074,1114,1054,1115
1669,h,1,1,831,831,1277,1277,55.63333333333333,867,1002,872,1056,878,1109,885,1158,899,1203,927,1236,971,1256,1021,1266,1077,1270,1133,1262,1185,1250,1231,1230,1260,1197,1275,1151,1282,1100,1287,1048,1291,993,904,931,924,892,961,872,1004,870,1043,880,1101,878,1142,866,1186,867,1226,884,1247,923,1071,924,1070,945,1069,965,1069,988,1027,1044,1050,1047,1072,1048,1096,1045,1118,1042,950,962,972,944,996,940,1020,955,998,959,974,962,1128,950,1153,935,1178,937,1200,953,1178,954,1152,953,995,1136,1025,1102,1052,1085,1072,1088,1093,1084,1122,1100,1157,1130,1123,1137,1095,1136,1073,1138,1052,1138,1025,1141,1010,1130,1052,1111,1073,1112,1094,1110,1142,1125,1094,1113,1073,1114,1052,1114
1670,h,1,1,831,831,1277,1277,55.666666666666664,867,1002,872,1056,878,1109,885,1158,899,1203,927,1236,971,1256,1021,1266,1077,1270,1133,1262,1185,1250,1231,1230,1260,1197,1275,1151,1282,1100,1287,1048,1291,993,904,931,924,892,961,872,1004,870,1043,880,1101,878,1142,866,1186,867,1226,884,1247,923,1071,924,1070,945,1069,965,1069,988,1027,1044,1050,1047,1072,1048,1096,1045,1118,1042,950,962,972,944,996,940,1020,955,998,959,974,962,1128,950,1153,935,1178,937,1200,953,1178,954,1152,953,995,1136,1025,1102,1052,1085,1072,1088,1093,1084,1122,1100,1157,1130,1123,1137,1095,1136,1073,1138,1052,1138,1025,1141,1010,1130,1052,1111,1073,1112,1094,1110,1142,1125,1094,1113,1073,1114,1052,1114
1671,h,1,1,831,831,1277,1277,55.7,870,1002,873,1056,878,1108,886,1157,902,1203,929,1237,972,1256,1020,1269,1073,1273,1127,1267,1176,1255,1223,1237,1256,1206,1273,1161,1281,1108,1287,1055,1293,999,908,928,926,889,962,872,1004,872,1042,884,1107,881,1144,867,1186,866,1225,882,1246,920,1074,928,1072,949,1071,968,1069,990,1029,1047,1051,1050,1072,1052,1095,1048,1117,1045,950,964,973,946,999,942,1021,958,1000,963,974,966,1131,954,1155,937,1181,938,1202,956,1181,958,1155,957,997,1140,1028,1105,1055,1087,1074,1091,1093,1087,1124,1103,1159,1133,1125,1140,1095,1140,1074,1142,1054,1142,1028,1143,1012,1134,1055,1114,1074,1115,1094,1114,1144,1129,1094,1116,1074,1117,1055,1117
1672,h,1,1,831,831,1277,1277,55.733333333333334,869,1006,874,1059,879,1110,886,1159,902,1203,930,1238,974,1257,1024,1268,1080,1273,1135,1267,1187,1256,1232,1236,1260,1203,1276,1158,1282,1108,1287,1056,1291,1001,905,929,923,890,960,872,1003,871,1041,883,1102,879,1142,867,1186,868,1227,885,1247,925,1071,924,1071,946,1070,968,1070,992,1029,1046,1051,1049,1072,1051,1095,1048,1117,1046,950,959,971,945,993,942,1016,952,995,956,972,960,1133,949,1157,938,1181,941,1201,955,1180,955,1156,953,999,1139,1027,1105,1053,1087,1072,1091,1093,1087,1123,1105,1157,1135,1125,1142,1096,1140,1073,1141,1052,1140,1027,1142,1012,1133,1053,1114,1072,1114,1094,1114,1142,1131,1094,1117,1073,1116,1053,1116
1673,h,1,1,831,831,1277,1277,55.766666666666666,869,1006,874,1059,879,1110,886,1159,902,1203,930,1238,974,1257,1024,1268,1080,1273,1135,1267,1187,1256,1232,1236,1260,1203,1276,1158,1282,1108,1287,1056,1291,1001,905,929,923,890,960,872,1003,871,1041,883,1102,879,1142,867,1186,868,1227,885,1247,925,1071,924,1071,946,1070,968,1070,992,1029,1046,1051,1049,1072,1051,1095,1048,1117,1046,950,959,971,945,993,942,1016,952,995,956,972,960,1133,949,1157,938,1181,941,1201,955,1180,955,1156,953,999,1139,1027,1105,1053,1087,1072,1091,1093,1087,1123,1105,1157,1135,1125,1142,1096,1140,1073,1141,1052,1140,1027,1142,1012,1133,1053,1114,1072,1114,1094,1114,1142,1131,1094,1117,1073,1116,1053,1116
1674,h,1,1,831,831,1277,1277,55.8,865,1006,868,1060,874,1112,882,1162,898,1208,927,1241,972,1260,1022,1271,1078,1276,1135,1269,1185,1258,1231,1238,1260,1205,1276,1159,1283,1108,1288,1054,1292,997,901,929,919,889,957,870,1001,868,1041,880,1102,877,1143,865,1187,865,1228,883,1248,923,1070,925,1070,947,1070,968,1069,992,1028,1049,1050,1051,1072,1052,1095,1050,1118,1047,946,960,968,946,992,942,1016,953,994,958,970,961,1132,949,1156,937,1180,940,1202,954,1180,955,1156,953,996,1141,1026,1107,1053,1089,1073,1093,1094,1089,1124,1106,1159,1136,1125,1142,1096,1142,1074,1144,1052,1143,1026,1145,1010,1135,1053,1117,1073,1117,1095,1116,1145,1132,1095,1118,1073,1119,1053,1118
1675,h,1,1,831,831,1277,1277,55.833333333333336,863,1003,867,1057,874,1109,881,1158,898,1203,926,1237,970,1258,1021,1270,1076,1273,1133,1267,1184,1255,1228,1234,1257,1201,1273,1156,1279,1107,1286,1054,1291,999,896,925,917,887,956,869,1000,867,1041,879,1099,877,1142,866,1188,868,1230,886,1252,926,1068,925,1069,947,1069,968,1069,992,1029,1047,1050,1050,1071,1052,1094,1049,1117,1046,942,959,964,945,988,941,1012,951,990,957,965,960,1132,949,1156,938,1181,941,1203,956,1180,956,1155,954,996,1140,1026,1107,1052,1089,1072,1093,1092,1089,1122,1106,1156,1135,1124,1141,1094,1141,1072,1143,1050,1142,1025,1143,1010,1134,1052,1117,1072,1117,1093,1116,1142,1131,1092,1118,1072,1118,1051,1118
1676,h,1,1,831,831,1277,1277,55.86666666666667,864,1005,867,1057,874,1108,881,1157,897,1202,926,1235,970,1256,1018,1269,1071,1274,1125,1267,1174,1255,1220,1236,1251,1205,1269,1160,1277,1109,1283,1056,1287,1002,902,932,921,894,959,875,1002,874,1041,886,1098,883,1137,871,1181,871,1220,887,1241,925,1068,927,1067,948,1065,968,1064,990,1024,1048,1045,1050,1068,1052,1091,1049,1114,1046,947,960,969,943,993,940,1017,955,995,959,970,962,1125,952,1149,935,1174,937,1197,954,1174,956,1149,955,994,1139,1023,1105,1051,1087,1069,1092,1088,1087,1120,1104,1155,1134,1121,1142,1091,1143,1070,1144,1051,1144,1024,1145,1008,1133,1051,1116,1070,1116,1089,1115,1140,1130,1089,1118,1070,1118,1051,1118
1677,h,1,1,831,831,1277,1277,55.9,864,1005,867,1057,874,1108,881,1157,897,1202,926,1235,970,1256,1018,1269,1071,1274,1125,1267,1174,1255,1220,1236,1251,1205,1269,1160,1277,1109,1283,1056,1287,1002,902,932,921,894,959,875,1002,874,1041,886,1098,883,1137,871,1181,871,1220,887,1241,925,1068,927,1067,948,1065,968,1064,990,1024,1048,1045,1050,1068,1052,1091,1049,1114,1046,947,960,969,943,993,940,1017,955,995,959,970,962,1125,952,1149,935,1174,937,1197,954,1174,956,1149,955,994,1139,1023,1105,1051,1087,1069,1092,1088,1087,1120,1104,1155,1134,1121,1142,1091,1143,1070,1144,1051,1144,1024,1145,1008,1133,1051,1116,1070,1116,1089,1115,1140,1130,1089,1118,1070,1118,1051,1118
1678,h,1,1,831,831,1277,1277,55.93333333333333,862,1002,868,1055,876,1106,883,1155,898,1199,924,1234,966,1255,1015,1268,1071,1273,1127,1267,1178,1257,1223,1236,1254,1204,1270,1159,1278,1108,1284,1053,1289,997,898,931,915,891,953,871,996,868,1036,879,1096,877,1137,864,1183,864,1225,882,1248,924,1065,924,1064,946,1064,967,1063,990,1021,1046,1043,1048,1066,1050,1090,1047,1113,1044,943,960,965,943,988,939,1012,953,990,958,966,961,1125,949,1150,934,1175,937,1197,953,1174,954,1149,953,992,1139,1021,1105,1048,1086,1067,1090,1088,1086,1118,1103,1153,1133,1120,1139,1091,1139,1069,1141,1048,1140,1022,1142,1007,1133,1048,1113,1067,1113,1088,1113,1138,1128,1089,1116,1069,1116,1049,1116
1679,h,1,1,831,831,1277,1277,55.96666666666667,860,994,865,1049,871,1102,878,1153,895,1200,923,1235,970,1257,1022,1269,1079,1274,1137,1266,1190,1253,1236,1230,1263,1195,1276,1147,1282,1096,1287,1042,1291,986,889,923,910,885,949,867,994,866,1034,879,1095,874,1137,862,1182,862,1224,879,1245,918,1065,923,1065,944,1065,965,1066,988,1024,1045,1046,1047,1068,1049,1092,1046,1115,1042,939,958,960,944,984,940,1009,950,987,956,962,960,1128,945,1151,934,1176,937,1198,950,1176,952,1151,950,995,1138,1024,1105,1051,1087,1071,1091,1090,1086,1121,1103,1156,1132,1123,1139,1094,1139,1073,1140,1052,1140,1026,1141,1010,1132,1051,1113,1071,1113,1091,1112,1141,1127,1092,1116,1072,1116,1052,1116
1680,h,1,1,831,831,1277,1277,56.0,871,1001,874,1055,880,1106,887,1156,901,1202,927,1237,970,1258,1019,1271,1074,1275,1129,1267,1180,1255,1227,1236,1258,1205,1276,1161,1283,1110,1290,1057,1295,1003,908,927,928,891,964,874,1006,873,1043,884,1104,881,1144,870,1187,870,1227,885,1250,922,1073,927,1072,949,1070,969,1069,993,1028,1049,1049,1052,1072,1054,1096,1051,1119,1047,950,962,972,946,997,943,1021,956,999,961,974,963,1131,953,1157,938,1182,941,1204,957,1181,958,1156,956,995,1143,1025,1107,1052,1088,1071,1093,1091,1088,1123,1105,1157,1136,1123,1143,1093,1144,1071,1146,1051,1146,1024,1148,1009,1137,1052,1118,1072,1118,1092,1116,1141,1132,1092,1119,1071,1120,1052,1120
1681,h,1,1,831,831,1277,1277,56.03333333333333,871,1001,874,1055,880,1106,887,1156,901,1202,927,1237,970,1258,1019,1271,1074,1275,1129,1267,1180,1255,1227,1236,1258,1205,1276,1161,1283,1110,1290,1057,1295,1003,908,927,928,891,964,874,1006,873,1043,884,1104,881,1144,870,1187,870,1227,885,1250,922,1073,927,1072,949,1070,969,1069,993,1028,1049,1049,1052,1072,1054,1096,1051,1119,1047,950,962,972,946,997,943,1021,956,999,961,974,963,1131,953,1157,938,1182,941,1204,957,1181,958,1156,956,995,1143,1025,1107,1052,1088,1071,1093,1091,1088,1123,1105,1157,1136,1123,1143,1093,1144,1071,1146,1051,1146,1024,1148,1009,1137,1052,1118,1072,1118,1092,1116,1141,1132,1092,1119,1071,1120,1052,1120
1682,h,1,1,899,858,1270,1229,56.06666666666667,873,1009,876,1059,880,1108,887,1156,902,1201,931,1234,975,1257,1022,1271,1076,1277,1131,1271,1181,1257,1226,1236,1259,1204,1276,1161,1285,1112,1293,1062,1299,1010,912,933,932,894,969,875,1012,873,1052,886,1111,885,1153,873,1198,875,1239,894,1260,934,1080,931,1078,952,1076,971,1074,994,1035,1049,1055,1052,1076,1055,1099,1052,1122,1050,956,961,978,942,1004,940,1029,956,1004,959,978,962,1137,956,1162,939,1188,942,1211,961,1187,962,1160,960,1002,1138,1031,1108,1059,1092,1078,1097,1097,1093,1127,1110,1160,1138,1127,1147,1098,1149,1077,1149,1057,1148,1031,1146,1016,1133,1059,1117,1078,1118,1097,1118,1146,1134,1097,1125,1077,1124,1058,1123
1683,h,1,1,899,858,1270,1229,56.1,876,1002,877,1052,881,1102,887,1151,902,1195,932,1229,975,1252,1024,1266,1078,1271,1133,1266,1183,1251,1228,1231,1260,1200,1278,1155,1286,1105,1293,1053,1299,1001,919,930,937,895,974,878,1014,877,1051,889,1109,888,1147,876,1189,878,1227,893,1249,927,1079,929,1077,950,1076,971,1075,994,1036,1048,1055,1051,1077,1054,1099,1051,1121,1048,959,960,980,942,1005,939,1030,956,1006,959,981,962,1134,955,1159,938,1184,940,1207,958,1184,961,1158,959,1004,1138,1033,1106,1060,1090,1079,1095,1098,1090,1129,1107,1162,1137,1129,1145,1098,1146,1078,1147,1058,1146,1032,1145,1019,1133,1060,1116,1079,1117,1098,1117,1147,1132,1098,1120,1079,1120,1060,1120
1684,h,1,1,899,858,1270,1229,56.13333333333333,871,1002,873,1053,878,1103,885,1152,899,1196,928,1230,972,1253,1021,1267,1077,1272,1134,1266,1185,1251,1230,1231,1261,1198,1278,1154,1285,1105,1292,1053,1296,998,908,931,928,893,966,874,1009,872,1049,885,1105,883,1146,871,1191,871,1232,888,1254,926,1076,927,1075,948,1074,969,1073,992,1032,1047,1054,1050,1076,1052,1099,1049,1122,1047,952,959,974,943,998,939,1023,952,999,957,975,959,1134,950,1158,935,1183,938,1206,953,1183,955,1157,953,1002,1137,1031,1107,1059,1091,1078,1095,1096,1091,1126,1107,1160,1136,1127,1144,1098,1145,1077,1146,1057,1145,1030,1144,1015,1132,1059,1116,1078,1117,1097,1116,1146,1131,1097,1119,1077,1120,1058,1119
1685,h,1,1,899,858,1270,1229,56.166666666666664,871,1002,873,1053,878,1103,885,1152,899,1196,928,1230,972,1253,1021,1267,1077,1272,1134,1266,1185,1251,1230,1231,1261,1198,1278,1154,1285,1105,1292,1053,1296,998,908,931,928,893,966,874,1009,872,1049,885,1105,883,1146,871,1191,871,1232,888,1254,926,1076,927,1075,948,1074,969,1073,992,1032,1047,1054,1050,1076,1052,1099,1049,1122,1047,952,959,974,943,998,939,1023,952,999,957,975,959,1134,950,1158,935,1183,938,1206,953,1183,955,1157,953,1002,1137,1031,1107,1059,1091,1078,1095,1096,1091,1126,1107,1160,1136,1127,1144,1098,1145,1077,1146,1057,1145,1030,1144,1015,1132,1059,1116,1078,1117,1097,1116,1146,1131,1097,1119,1077,1120,1058,1119
1686,h,1,1,899,858,1270,1229,56.2,871,1000,875,1051,880,1101,887,1150,903,1194,934,1227,976,1249,1023,1264,1078,1269,1133,1264,1182,1249,1228,1229,1261,1198,1278,1154,1286,1105,1293,1053,1299,1000,910,932,928,894,965,875,1007,873,1046,884,1106,883,1146,872,1191,873,1231,890,1255,927,1075,927,1074,949,1073,969,1071,992,1033,1047,1053,1049,1074,1051,1097,1049,1119,1046,954,960,976,941,1001,938,1025,955,1002,959,977,961,1132,954,1156,936,1182,938,1205,956,1182,958,1156,957,1004,1137,1032,1106,1058,1089,1076,1093,1095,1089,1125,1105,1159,1135,1126,1142,1096,1144,1077,1145,1058,1143,1032,1143,1018,1132,1058,1115,1077,1116,1095,1115,1144,1130,1095,1119,1077,1118,1058,1118
1687,h,1,1,831,831,1277,1277,56.233333333333334,865,1008,870,1060,878,1111,886,1161,902,1206,930,1240,974,1260,1023,1273,1077,1277,1133,1269,1183,1256,1228,1235,1259,1203,1276,1158,1283,1106,1288,1052,1293,996,903,930,922,892,960,874,1003,873,1041,885,1100,883,1139,871,1183,872,1222,887,1244,924,1070,928,1071,949,1071,969,1072,992,1028,1049,1051,1051,1074,1053,1098,1050,1120,1046,948,961,971,945,995,941,1019,956,997,959,972,962,1129,953,1154,938,1179,940,1200,957,1178,957,1153,955,997,1140,1030,1106,1058,1088,1078,1091,1099,1087,1128,1104,1160,1133,1128,1140,1100,1142,1077,1144,1056,1143,1029,1145,1011,1135,1058,1115,1078,1115,1099,1114,1146,1129,1098,1119,1077,1119,1057,1120
1688,h,1,1,831,831,1277,1277,56.266666666666666,865,1008,870,1060,878,1111,886,1161,902,1206,930,1240,974,1260,1023,1273,1077,1277,1133,1269,1183,1256,1228,1235,1259,1203,1276,1158,1283,1106,1288,1052,1293,996,903,930,922,892,960,874,1003,873,1041,885,1100,883,1139,871,1183,872,1222,887,1244,924,1070,928,1071,949,1071,969,1072,992,1028,1049,1051,1051,1074,1053,1098,1050,1120,1046,948,961,971,945,995,941,1019,956,997,959,972,962,1129,953,1154,938,1179,940,1200,957,1178,957,1153,955,997,1140,1030,1106,1058,1088,1078,1091,1099,1087,1128,1104,1160,1133,1128,1140,1100,1142,1077,1144,1056,1143,1029,1145,1011,1135,1058,1115,1078,1115,1099,1114,1146,1129,1098,1119,1077,1119,1057,1120
1689,h,1,1,899,858,1270,1229,56.3,876,1011,879,1060,884,1107,891,1154,904,1197,932,1230,974,1251,1024,1265,1078,1271,1135,1264,1186,1250,1232,1229,1263,1197,1280,1153,1287,1104,1294,1053,1298,1000,915,929,934,894,969,875,1009,873,1047,885,1106,883,1144,871,1186,872,1225,888,1248,923,1077,927,1076,950,1074,970,1072,994,1034,1048,1054,1051,1076,1053,1099,1050,1121,1047,958,959,979,941,1004,938,1028,955,1005,958,980,961,1132,953,1156,935,1182,936,1205,955,1182,956,1156,955,1003,1136,1032,1104,1059,1088,1078,1093,1096,1088,1127,1104,1162,1133,1128,1142,1098,1143,1078,1143,1058,1142,1032,1142,1017,1131,1059,1115,1078,1116,1097,1115,1147,1130,1096,1118,1078,1118,1058,1118
1690,h,1,1,899,858,1270,1229,56.333333333333336,876,1013,880,1063,886,1111,893,1158,907,1202,935,1235,979,1256,1027,1269,1082,1274,1138,1268,1188,1254,1233,1232,1264,1199,1281,1156,1288,1106,1294,1055,1298,1002,914,938,932,900,968,878,1011,874,1050,885,1108,883,1148,872,1192,874,1232,893,1254,930,1080,927,1079,949,1077,970,1076,994,1037,1047,1057,1051,1079,1054,1102,1050,1124,1047,961,960,981,942,1006,939,1030,954,1007,957,982,960,1137,951,1161,936,1187,938,1209,955,1186,956,1161,954,1006,1138,1034,1107,1061,1091,1080,1095,1100,1091,1130,1107,1164,1136,1130,1144,1101,1146,1080,1147,1060,1146,1034,1146,1018,1133,1061,1115,1080,1116,1100,1115,1150,1132,1100,1122,1080,1123,1060,1122
1691,h,1,1,899,858,1270,1229,56.36666666666667,878,1006,880,1057,886,1105,893,1153,907,1197,935,1230,979,1251,1028,1265,1084,1270,1139,1264,1189,1249,1235,1228,1265,1195,1282,1151,1289,1103,1296,1053,1301,1003,917,934,935,896,972,877,1014,875,1053,887,1113,886,1154,874,1198,875,1238,892,1259,930,1082,929,1081,951,1079,971,1078,995,1038,1047,1059,1051,1081,1054,1104,1051,1126,1047,960,960,982,942,1007,939,1031,955,1008,959,982,961,1140,954,1165,937,1191,939,1213,957,1190,959,1164,958,1007,1138,1035,1106,1062,1091,1082,1096,1102,1091,1133,1107,1166,1135,1133,1145,1103,1146,1082,1147,1061,1146,1035,1145,1021,1133,1063,1115,1082,1116,1102,1115,1152,1131,1102,1122,1082,1122,1062,1121
1692,h,1,1,899,858,1270,1229,56.4,878,1006,880,1057,886,1105,893,1153,907,1197,935,1230,979,1251,1028,1265,1084,1270,1139,1264,1189,1249,1235,1228,1265,1195,1282,1151,1289,1103,1296,1053,1301,1003,917,934,935,896,972,877,1014,875,1053,887,1113,886,1154,874,1198,875,1238,892,1259,930,1082,929,1081,951,1079,971,1078,995,1038,1047,1059,1051,1081,1054,1104,1051,1126,1047,960,960,982,942,1007,939,1031,955,1008,959,982,961,1140,954,1165,937,1191,939,1213,957,1190,959,1164,958,1007,1138,1035,1106,1062,1091,1082,1096,1102,1091,1133,1107,1166,1135,1133,1145,1103,1146,1082,1147,1061,1146,1035,1145,1021,1133,1063,1115,1082,1116,1102,1115,1152,1131,1102,1122,1082,1122,1062,1121
1693,h,1,1,899,858,1270,1229,56.43333333333333,880,1005,882,1054,887,1103,893,1151,907,1194,935,1227,978,1249,1025,1264,1080,1270,1136,1265,1187,1252,1232,1230,1264,1197,1281,1153,1289,1104,1295,1053,1299,1001,919,932,937,894,974,875,1015,873,1053,885,1110,884,1149,872,1191,873,1231,889,1253,926,1082,928,1080,950,1079,970,1078,993,1038,1046,1059,1050,1081,1053,1103,1050,1126,1047,961,961,982,943,1007,939,1031,955,1008,958,983,961,1137,953,1161,937,1186,939,1209,956,1186,958,1160,956,1006,1140,1035,1107,1062,1091,1081,1096,1100,1091,1130,1107,1164,1137,1131,1145,1102,1147,1081,1148,1061,1147,1035,1146,1020,1134,1062,1116,1081,1118,1101,1116,1149,1132,1101,1122,1080,1122,1062,1121
1694,h,1,1,881,831,1327,1277,56.46666666666667,875,1003,878,1055,884,1106,891,1155,907,1200,935,1234,979,1255,1027,1268,1081,1274,1136,1268,1186,1255,1232,1235,1263,1203,1281,1159,1288,1109,1294,1056,1298,1002,917,930,936,894,973,876,1015,876,1052,887,1110,885,1149,873,1192,874,1231,889,1254,925,1081,931,1080,951,1078,970,1075,991,1035,1046,1056,1049,1079,1052,1103,1049,1127,1046,961,962,982,944,1008,940,1033,957,1008,962,983,964,1137,954,1160,937,1186,939,1209,958,1186,960,1159,958,1006,1138,1034,1106,1062,1090,1082,1094,1101,1089,1131,1106,1164,1135,1132,1144,1103,1145,1083,1146,1062,1145,1034,1144,1020,1133,1063,1115,1082,1116,1101,1115,1150,1131,1102,1120,1082,1120,1063,1120
1695,h,1,1,899,858,1270,1229,56.5,872,1006,876,1057,882,1106,890,1154,905,1197,935,1229,978,1250,1027,1263,1082,1268,1139,1261,1189,1246,1234,1224,1265,1191,1281,1147,1287,1097,1292,1045,1295,992,912,932,931,895,967,877,1008,875,1046,887,1105,884,1143,871,1183,872,1221,886,1244,920,1075,926,1074,948,1074,969,1073,992,1034,1045,1055,1048,1077,1050,1099,1047,1121,1043,955,961,975,943,1000,939,1024,955,1002,960,977,963,1131,952,1154,935,1179,936,1202,953,1180,955,1154,954,1004,1135,1033,1104,1061,1087,1079,1091,1096,1086,1126,1102,1161,1131,1127,1140,1099,1142,1080,1144,1061,1143,1034,1142,1018,1130,1062,1113,1080,1114,1097,1113,1145,1127,1097,1117,1079,1118,1061,1118
1696,h,1,1,899,858,1270,1229,56.53333333333333,872,1006,876,1057,882,1106,890,1154,905,1197,935,1229,978,1250,1027,1263,1082,1268,1139,1261,1189,1246,1234,1224,1265,1191,1281,1147,1287,1097,1292,1045,1295,992,912,932,931,895,967,877,1008,875,1046,887,1105,884,1143,871,1183,872,1221,886,1244,920,1075,926,1074,948,1074,969,1073,992,1034,1045,1055,1048,1077,1050,1099,1047,1121,1043,955,961,975,943,1000,939,1024,955,1002,960,977,963,1131,952,1154,935,1179,936,1202,953,1180,955,1154,954,1004,1135,1033,1104,1061,1087,1079,1091,1096,1086,1126,1102,1161,1131,1127,1140,1099,1142,1080,1144,1061,1143,1034,1142,1018,1130,1062,1113,1080,1114,1097,1113,1145,1127,1097,1117,1079,1118,1061,1118
1697,h,1,1,899,858,1270,1229,56.56666666666667,873,1002,877,1052,882,1101,890,1149,905,1192,935,1224,979,1245,1027,1258,1083,1262,1140,1256,1189,1242,1235,1221,1266,1189,1282,1145,1289,1096,1294,1046,1298,994,912,930,931,893,967,875,1009,874,1048,886,1106,884,1145,871,1187,870,1227,884,1250,920,1076,926,1075,947,1074,967,1073,989,1035,1045,1055,1048,1077,1049,1100,1046,1122,1044,956,960,977,943,1002,939,1026,955,1003,959,978,962,1133,951,1156,934,1182,936,1206,952,1182,955,1156,954,1004,1135,1033,1104,1060,1087,1079,1092,1097,1086,1127,1102,1162,1130,1128,1139,1100,1141,1080,1143,1060,1142,1034,1141,1018,1130,1060,1112,1079,1113,1098,1112,1147,1127,1098,1116,1079,1117,1060,1116
1698,h,1,1,899,858,1270,1229,56.6,878,1005,881,1055,886,1105,893,1152,908,1196,938,1228,981,1249,1029,1264,1084,1269,1140,1262,1190,1248,1235,1226,1266,1194,1282,1150,1288,1101,1294,1049,1298,998,918,927,937,892,973,875,1014,874,1051,886,1106,884,1144,871,1185,871,1224,885,1247,919,1079,927,1078,948,1077,968,1076,992,1036,1046,1057,1049,1079,1052,1101,1049,1124,1045,960,960,981,941,1006,938,1029,955,1006,959,981,961,1135,953,1159,935,1185,936,1207,954,1185,957,1158,956,1006,1137,1034,1105,1062,1087,1080,1092,1099,1086,1129,1103,1163,1133,1130,1142,1101,1144,1082,1146,1062,1145,1035,1144,1020,1132,1062,1115,1081,1116,1099,1115,1148,1129,1100,1117,1081,1118,1062,1118
1699,h,1,1,899,858,1270,1229,56.63333333333333,877,1006,881,1056,887,1105,893,1153,907,1197,936,1229,979,1250,1027,1264,1082,1268,1138,1262,1188,1247,1234,1224,1265,1192,1281,1148,1288,1100,1293,1050,1298,999,916,936,936,898,972,878,1015,876,1055,887,1110,887,1148,875,1191,875,1230,891,1252,928,1081,929,1080,951,1079,971,1077,995,1038,1049,1059,1052,1081,1054,1104,1051,1126,1047,960,962,982,943,1007,940,1031,957,1008,961,982,963,1137,954,1160,937,1186,938,1208,957,1186,958,1160,957,1009,1139,1038,1108,1065,1090,1083,1095,1100,1090,1129,1106,1163,1134,1130,1142,1101,1145,1082,1146,1064,1145,1038,1145,1023,1134,1065,1118,1083,1118,1100,1117,1148,1131,1100,1120,1082,1120,1064,1120
1700,h,1,1,899,858,1270,1229,56.666666666666664,877,1006,881,1056,887,1105,893,1153,907,1197,936,1229,979,1250,1027,1264,1082,1268,1138,1262,1188,1247,1234,1224,1265,1192,1281,1148,1288,1100,1293,1050,1298,999,916,936,936,898,972,878,1015,876,1055,887,1110,887,1148,875,1191,875,1230,891,1252,928,1081,929,1080,951,1079,971,1077,995,1038,1049,1059,1052,1081,1054,1104,1051,1126,1047,960,962,982,943,1007,940,1031,957,1008,961,982,963,1137,954,1160,937,1186,938,1208,957,1186,958,1160,957,1009,1139,1038,1108,1065,1090,1083,1095,1100,1090,1129,1106,1163,1134,1130,1142,1101,1145,1082,1146,1064,1145,1038,1145,1023,1134,1065,1118,1083,1118,1100,1117,1148,1131,1100,1120,1082,1120,1064,1120
1701,h,1,1,881,831,1327,1277,56.7,876,1008,880,1061,886,1111,893,1160,908,1204,935,1238,980,1257,1027,1272,1082,1279,1137,1274,1187,1263,1233,1243,1262,1209,1280,1164,1288,1114,1296,1060,1302,1004,917,930,935,892,972,874,1014,872,1052,884,1114,883,1154,872,1199,873,1241,892,1263,931,1082,927,1080,949,1079,970,1078,994,1038,1047,1059,1051,1082,1054,1105,1051,1128,1048,960,961,979,945,1003,941,1028,953,1005,958,981,961,1142,951,1167,939,1192,942,1214,958,1190,958,1165,955,1007,1140,1035,1108,1062,1091,1083,1095,1103,1091,1133,1108,1167,1138,1134,1145,1105,1144,1084,1145,1062,1143,1036,1145,1020,1134,1062,1115,1083,1116,1104,1116,1152,1133,1104,1122,1083,1121,1062,1121
1702,h,1,1,899,858,1270,1229,56.733333333333334,877,1003,880,1052,885,1102,892,1150,908,1193,940,1225,983,1246,1030,1261,1084,1266,1139,1260,1189,1247,1234,1226,1265,1194,1280,1150,1286,1101,1292,1050,1297,998,916,930,935,895,971,877,1012,875,1051,886,1107,885,1146,874,1189,875,1228,891,1251,927,1079,928,1077,949,1076,969,1075,992,1037,1047,1057,1050,1078,1052,1100,1049,1122,1047,959,960,980,941,1006,938,1030,956,1006,960,981,962,1134,954,1158,935,1184,937,1207,956,1184,958,1157,957,1007,1137,1036,1105,1063,1088,1081,1092,1098,1087,1129,1105,1163,1134,1130,1141,1101,1143,1082,1144,1063,1143,1036,1142,1021,1132,1063,1115,1081,1116,1099,1115,1148,1130,1099,1118,1081,1118,1063,1118
1703,h,1,1,899,858,1270,1229,56.766666666666666,877,1003,880,1052,885,1102,892,1150,908,1193,940,1225,983,1246,1030,1261,1084,1266,1139,1260,1189,1247,1234,1226,1265,1194,1280,1150,1286,1101,1292,1050,1297,998,916,930,935,895,971,877,1012,875,1051,886,1107,885,1146,874,1189,875,1228,891,1251,927,1079,928,1077,949,1076,969,1075,992,1037,1047,1057,1050,1078,1052,1100,1049,1122,1047,959,960,980,941,1006,938,1030,956,1006,960,981,962,1134,954,1158,935,1184,937,1207,956,1184,958,1157,957,1007,1137,1036,1105,1063,1088,1081,1092,1098,1087,1129,1105,1163,1134,1130,1141,1101,1143,1082,1144,1063,1143,1036,1142,1021,1132,1063,1115,1081,1116,1099,1115,1148,1130,1099,1118,1081,1118,1063,1118
1704,h,1,1,899,858,1270,1229,56.8,874,1005,878,1054,883,1101,889,1148,903,1190,932,1222,975,1245,1022,1260,1078,1266,1135,1260,1186,1245,1231,1223,1263,1191,1278,1147,1284,1099,1290,1048,1295,996,913,932,931,895,968,876,1009,874,1048,886,1105,886,1142,873,1184,873,1221,889,1244,923,1075,927,1074,948,1073,968,1072,991,1034,1046,1054,1049,1075,1052,1098,1048,1120,1045,956,961,976,943,1001,939,1025,955,1003,959,978,961,1132,952,1154,935,1179,937,1202,954,1179,955,1154,954,1003,1134,1032,1104,1059,1087,1077,1092,1095,1087,1125,1103,1159,1132,1125,1139,1097,1141,1078,1143,1058,1142,1032,1140,1018,1130,1059,1113,1078,1114,1096,1114,1144,1128,1096,1117,1078,1117,1059,1116
1705,h,1,1,899,858,1270,1229,56.833333333333336,871,1008,875,1057,881,1105,890,1152,907,1194,938,1225,981,1246,1029,1260,1084,1264,1139,1257,1190,1242,1234,1222,1265,1189,1280,1145,1286,1097,1291,1045,1294,993,911,931,929,895,965,876,1006,875,1045,885,1099,883,1137,870,1179,869,1217,884,1242,918,1072,927,1072,948,1071,967,1070,990,1033,1045,1053,1047,1075,1049,1096,1046,1118,1043,955,963,976,944,1001,941,1025,958,1002,963,976,965,1127,953,1150,935,1176,935,1200,953,1177,957,1150,956,1002,1136,1032,1104,1059,1086,1077,1090,1093,1085,1124,1101,1161,1130,1127,1141,1097,1143,1079,1144,1060,1143,1034,1143,1017,1132,1060,1114,1077,1114,1094,1113,1145,1128,1095,1116,1078,1117,1060,1117
1706,h,1,1,831,831,1277,1277,56.86666666666667,871,1004,874,1057,880,1108,886,1157,902,1201,932,1236,978,1256,1028,1269,1084,1273,1142,1266,1192,1252,1238,1231,1268,1197,1284,1151,1290,1102,1296,1049,1300,994,907,932,925,891,962,872,1005,870,1044,881,1101,876,1144,866,1189,867,1230,885,1252,925,1072,924,1071,945,1071,966,1070,989,1028,1045,1050,1048,1073,1050,1097,1047,1119,1045,953,961,972,945,995,941,1018,951,998,956,975,960,1133,947,1157,935,1181,938,1203,953,1180,953,1156,951,1001,1138,1029,1105,1055,1087,1075,1091,1096,1086,1127,1104,1162,1134,1128,1141,1099,1141,1076,1143,1055,1142,1030,1143,1015,1132,1056,1114,1075,1115,1097,1114,1147,1129,1097,1116,1075,1117,1055,1117
1707,h,1,1,831,831,1277,1277,56.9,871,1004,874,1057,880,1108,886,1157,902,1201,932,1236,978,1256,1028,1269,1084,1273,1142,1266,1192,1252,1238,1231,1268,1197,1284,1151,1290,1102,1296,1049,1300,994,907,932,925,891,962,872,1005,870,1044,881,1101,876,1144,866,1189,867,1230,885,1252,925,1072,924,1071,945,1071,966,1070,989,1028,1045,1050,1048,1073,1050,1097,1047,1119,1045,953,961,972,945,995,941,1018,951,998,956,975,960,1133,947,1157,935,1181,938,1203,953,1180,953,1156,951,1001,1138,1029,1105,1055,1087,1075,1091,1096,1086,1127,1104,1162,1134,1128,1141,1099,1141,1076,1143,1055,1142,1030,1143,1015,1132,1056,1114,1075,1115,1097,1114,1147,1129,1097,1116,1075,1117,1055,1117
1708,h,1,1,899,858,1270,1229,56.93333333333333,874,1011,877,1061,883,1110,890,1158,905,1202,933,1235,977,1256,1025,1270,1080,1274,1135,1268,1184,1254,1229,1233,1261,1201,1278,1157,1285,1106,1291,1053,1294,1000,911,936,929,899,964,880,1006,876,1045,886,1103,884,1142,872,1184,873,1224,889,1247,925,1073,930,1073,951,1072,971,1071,994,1032,1049,1052,1052,1075,1054,1097,1051,1119,1047,954,965,976,946,1002,942,1026,959,1002,963,977,965,1130,956,1153,938,1180,939,1203,957,1180,959,1154,958,1001,1140,1030,1107,1058,1090,1077,1094,1095,1089,1127,1106,1162,1136,1128,1145,1098,1148,1078,1149,1058,1148,1031,1147,1016,1135,1058,1117,1078,1118,1096,1117,1147,1132,1096,1121,1077,1122,1058,1121
1709,h,1,1,899,858,1270,1229,56.96666666666667,872,1002,876,1053,881,1103,888,1152,902,1198,931,1233,976,1256,1024,1271,1080,1275,1136,1267,1185,1251,1231,1229,1263,1197,1279,1152,1286,1102,1292,1050,1296,997,913,936,931,898,968,879,1011,877,1050,888,1105,884,1144,873,1187,873,1226,891,1247,927,1077,929,1075,950,1074,970,1073,994,1033,1049,1054,1052,1076,1054,1099,1051,1121,1048,957,963,977,945,1002,942,1026,957,1003,961,979,963,1134,953,1157,937,1182,939,1205,956,1182,958,1156,956,1002,1141,1031,1110,1058,1092,1077,1097,1096,1091,1125,1108,1160,1136,1127,1144,1098,1147,1078,1148,1058,1147,1032,1147,1016,1136,1059,1118,1078,1119,1097,1118,1145,1133,1096,1122,1077,1123,1058,1122
1710,h,1,1,899,858,1270,1229,57.0,872,1010,875,1059,881,1109,889,1157,904,1202,934,1235,979,1256,1028,1270,1082,1273,1137,1266,1186,1252,1230,1230,1261,1199,1278,1154,1285,1105,1290,1053,1294,1000,912,937,930,899,966,880,1008,878,1046,889,1104,886,1143,874,1186,875,1225,891,1247,928,1075,931,1074,952,1073,972,1072,994,1034,1050,1054,1053,1076,1055,1098,1052,1120,1049,956,964,977,945,1003,942,1027,959,1003,963,978,966,1131,956,1154,938,1180,939,1203,957,1180,959,1154,958,1003,1142,1032,1110,1059,1092,1077,1096,1095,1091,1125,1107,1160,1136,1127,1145,1098,1146,1079,1148,1059,1147,1033,1147,1018,1137,1060,1119,1078,1119,1096,1118,1145,1133,1096,1121,1078,1122,1060,1121
1711,h,1,1,899,858,1270,1229,57.03333333333333,872,1010,875,1059,881,1109,889,1157,904,1202,934,1235,979,1256,1028,1270,1082,1273,1137,1266,1186,1252,1230,1230,1261,1199,1278,1154,1285,1105,1290,1053,1294,1000,912,937,930,899,966,880,1008,878,1046,889,1104,886,1143,874,1186,875,1225,891,1247,928,1075,931,1074,952,1073,972,1072,994,1034,1050,1054,1053,1076,1055,1098,1052,1120,1049,956,964,977,945,1003,942,1027,959,1003,963,978,966,1131,956,1154,938,1180,939,1203,957,1180,959,1154,958,1003,1142,1032,1110,1059,1092,1077,1096,1095,1091,1125,1107,1160,1136,1127,1145,1098,1146,1079,1148,1059,1147,1033,1147,1018,1137,1060,1119,1078,1119,1096,1118,1145,1133,1096,1121,1078,1122,1060,1121
1712,h,1,1,831,831,1277,1277,57.06666666666667,867,1010,871,1063,878,1116,887,1164,903,1208,932,1240,976,1260,1026,1271,1080,1274,1135,1265,1185,1252,1230,1231,1260,1199,1276,1154,1282,1103,1287,1051,1291,998,907,933,924,894,961,876,1003,875,1041,887,1100,885,1139,871,1182,869,1222,884,1242,921,1071,929,1071,949,1070,969,1069,991,1028,1048,1050,1051,1073,1052,1096,1049,1118,1045,951,964,972,946,997,943,1020,959,998,963,973,965,1129,954,1153,936,1178,938,1200,956,1178,957,1153,956,997,1141,1029,1106,1056,1088,1075,1091,1096,1087,1126,1103,1160,1133,1128,1141,1099,1142,1077,1144,1055,1143,1029,1146,1012,1135,1056,1115,1076,1114,1097,1113,1145,1129,1097,1118,1076,1118,1056,1119
1713,h,1,1,831,831,1277,1277,57.1,861,1003,866,1057,874,1110,883,1159,899,1205,928,1239,973,1258,1023,1270,1078,1273,1134,1265,1185,1252,1230,1232,1261,1200,1275,1154,1282,1101,1287,1047,1290,991,897,927,917,890,956,874,999,872,1039,885,1095,880,1134,865,1178,865,1219,880,1242,918,1067,928,1067,947,1067,966,1067,989,1025,1050,1048,1051,1071,1051,1093,1049,1116,1046,945,963,966,946,991,943,1015,958,993,962,968,965,1124,952,1148,935,1173,936,1196,952,1174,954,1148,954,995,1141,1026,1107,1053,1087,1071,1091,1089,1086,1120,1103,1156,1132,1123,1140,1093,1141,1074,1143,1054,1143,1028,1145,1011,1136,1053,1115,1072,1114,1090,1113,1140,1128,1091,1116,1073,1117,1054,1118
1714,h,1,1,831,831,1277,1277,57.13333333333333,866,1004,872,1057,879,1108,886,1156,901,1201,929,1234,974,1253,1025,1264,1080,1266,1136,1260,1187,1249,1233,1228,1263,1195,1278,1150,1284,1098,1288,1046,1293,992,902,930,922,893,959,875,1002,874,1041,886,1098,882,1139,868,1183,867,1224,882,1246,920,1070,927,1070,947,1069,967,1069,989,1028,1044,1050,1047,1072,1049,1095,1046,1117,1043,949,962,971,945,996,941,1020,956,997,961,972,964,1128,951,1151,935,1177,936,1199,953,1178,955,1152,954,997,1138,1028,1105,1054,1087,1074,1091,1094,1086,1124,1103,1159,1131,1126,1139,1097,1139,1076,1141,1055,1141,1028,1143,1012,1133,1055,1113,1074,1113,1095,1112,1143,1127,1096,1115,1075,1116,1054,1116
1715,h,1,1,831,831,1277,1277,57.166666666666664,866,1004,872,1057,879,1108,886,1156,901,1201,929,1234,974,1253,1025,1264,1080,1266,1136,1260,1187,1249,1233,1228,1263,1195,1278,1150,1284,1098,1288,1046,1293,992,902,930,922,893,959,875,1002,874,1041,886,1098,882,1139,868,1183,867,1224,882,1246,920,1070,927,1070,947,1069,967,1069,989,1028,1044,1050,1047,1072,1049,1095,1046,1117,1043,949,962,971,945,996,941,1020,956,997,961,972,964,1128,951,1151,935,1177,936,1199,953,1178,955,1152,954,997,1138,1028,1105,1054,1087,1074,1091,1094,1086,1124,1103,1159,1131,1126,1139,1097,1139,1076,1141,1055,1141,1028,1143,1012,1133,1055,1113,1074,1113,1095,1112,1143,1127,1096,1115,1075,1116,1054,1116
1716,h,1,1,831,831,1277,1277,57.2,866,1006,870,1059,877,1112,885,1161,901,1206,929,1240,972,1260,1021,1272,1076,1276,1132,1269,1183,1257,1229,1236,1260,1202,1275,1156,1281,1105,1286,1052,1291,997,906,925,926,890,960,873,1001,872,1038,884,1101,881,1139,869,1180,869,1218,883,1241,916,1070,925,1070,946,1070,965,1070,987,1029,1046,1050,1048,1072,1050,1095,1047,1117,1044,949,963,970,944,995,941,1019,956,997,961,971,965,1128,953,1152,936,1178,938,1200,956,1178,958,1152,957,995,1139,1027,1105,1054,1087,1073,1090,1093,1086,1123,1103,1159,1133,1125,1142,1095,1142,1074,1144,1053,1143,1027,1145,1010,1134,1054,1114,1073,1114,1093,1114,1144,1129,1094,1118,1073,1118,1054,1118
1717,h,1,1,831,831,1277,1277,57.233333333333334,867,995,870,1049,877,1102,885,1152,900,1198,929,1234,975,1254,1024,1266,1078,1270,1132,1263,1182,1251,1228,1230,1260,1199,1277,1153,1285,1102,1292,1050,1297,995,906,925,927,889,963,874,1005,875,1042,887,1104,884,1144,871,1187,871,1226,887,1248,924,1073,930,1072,950,1071,968,1070,989,1030,1048,1051,1050,1073,1052,1096,1049,1118,1047,950,963,972,944,998,942,1021,960,999,965,972,967,1132,956,1156,938,1183,940,1205,959,1183,962,1157,961,998,1140,1029,1106,1056,1088,1074,1093,1093,1088,1126,1105,1160,1135,1127,1141,1096,1143,1076,1144,1056,1143,1030,1144,1013,1134,1056,1116,1075,1116,1094,1115,1144,1131,1095,1119,1075,1120,1056,1120
1718,h,1,1,831,831,1277,1277,57.266666666666666,867,995,870,1049,877,1102,885,1152,900,1198,929,1234,975,1254,1024,1266,1078,1270,1132,1263,1182,1251,1228,1230,1260,1199,1277,1153,1285,1102,1292,1050,1297,995,906,925,927,889,963,874,1005,875,1042,887,1104,884,1144,871,1187,871,1226,887,1248,924,1073,930,1072,950,1071,968,1070,989,1030,1048,1051,1050,1073,1052,1096,1049,1118,1047,950,963,972,944,998,942,1021,960,999,965,972,967,1132,956,1156,938,1183,940,1205,959,1183,962,1157,961,998,1140,1029,1106,1056,1088,1074,1093,1093,1088,1126,1105,1160,1135,1127,1141,1096,1143,1076,1144,1056,1143,1030,1144,1013,1134,1056,1116,1075,1116,1094,1115,1144,1131,1095,1119,1075,1120,1056,1120
1719,h,1,1,831,831,1277,1277,57.3,869,1005,873,1059,879,1111,887,1161,903,1207,932,1240,977,1261,1027,1272,1081,1276,1136,1267,1185,1253,1231,1232,1262,1199,1278,1153,1285,1102,1291,1049,1295,995,907,936,924,896,962,876,1004,875,1042,888,1099,885,1139,870,1183,869,1224,886,1247,925,1070,929,1069,949,1068,969,1067,991,1029,1049,1050,1052,1072,1054,1094,1051,1116,1048,951,964,971,947,994,943,1018,956,997,960,973,964,1130,952,1154,937,1179,939,1200,955,1178,956,1154,955,999,1141,1028,1108,1054,1090,1072,1094,1092,1089,1122,1106,1158,1135,1124,1143,1095,1143,1074,1145,1054,1144,1028,1145,1013,1135,1054,1117,1073,1117,1093,1116,1143,1130,1094,1119,1073,1120,1054,1120
1720,h,1,1,831,831,1277,1277,57.333333333333336,867,1007,871,1062,877,1115,885,1165,902,1210,932,1243,977,1263,1025,1274,1078,1278,1133,1269,1183,1255,1229,1232,1259,1199,1276,1153,1283,1102,1288,1047,1292,991,905,932,923,893,961,874,1004,874,1043,885,1096,883,1136,868,1180,867,1222,883,1243,923,1070,930,1069,950,1068,969,1067,991,1028,1051,1050,1053,1072,1055,1095,1052,1118,1048,949,964,970,948,994,944,1018,957,996,960,972,964,1129,952,1153,937,1177,939,1199,954,1177,955,1152,954,999,1142,1029,1109,1056,1091,1076,1096,1097,1092,1125,1108,1159,1135,1127,1144,1099,1145,1077,1147,1056,1146,1030,1147,1013,1136,1057,1119,1077,1119,1098,1118,1144,1131,1098,1121,1076,1122,1056,1122
1721,h,1,1,831,831,1277,1277,57.36666666666667,870,1010,874,1061,880,1111,888,1159,903,1203,931,1237,974,1256,1024,1268,1079,1272,1135,1265,1186,1254,1231,1233,1259,1200,1274,1154,1280,1103,1285,1050,1288,995,907,934,924,895,960,877,1002,875,1039,887,1096,884,1135,870,1178,870,1218,886,1240,923,1068,930,1067,950,1067,969,1067,991,1026,1050,1049,1052,1071,1054,1094,1051,1117,1049,950,965,971,947,995,944,1018,958,997,963,973,966,1126,954,1150,938,1175,940,1196,957,1175,958,1150,957,999,1142,1028,1107,1054,1090,1074,1094,1093,1090,1124,1107,1158,1136,1125,1142,1096,1142,1075,1143,1054,1142,1028,1144,1013,1136,1055,1117,1074,1117,1094,1117,1143,1132,1094,1119,1074,1119,1054,1119
1722,h,1,1,831,831,1277,1277,57.4,870,1010,874,1061,880,1111,888,1159,903,1203,931,1237,974,1256,1024,1268,1079,1272,1135,1265,1186,1254,1231,1233,1259,1200,1274,1154,1280,1103,1285,1050,1288,995,907,934,924,895,960,877,1002,875,1039,887,1096,884,1135,870,1178,870,1218,886,1240,923,1068,930,1067,950,1067,969,1067,991,1026,1050,1049,1052,1071,1054,1094,1051,1117,1049,950,965,971,947,995,944,1018,958,997,963,973,966,1126,954,1150,938,1175,940,1196,957,1175,958,1150,957,999,1142,1028,1107,1054,1090,1074,1094,1093,1090,1124,1107,1158,1136,1125,1142,1096,1142,1075,1143,1054,1142,1028,1144,1013,1136,1055,1117,1074,1117,1094,1117,1143,1132,1094,1119,1074,1119,1054,1119
1723,h,1,1,831,831,1277,1277,57.43333333333333,864,1011,869,1063,876,1113,883,1162,898,1208,925,1242,969,1263,1020,1275,1077,1280,1134,1273,1186,1261,1231,1239,1259,1204,1273,1158,1278,1107,1283,1054,1287,999,895,936,913,894,952,874,997,872,1037,883,1093,877,1136,864,1182,865,1224,882,1247,924,1065,926,1065,947,1065,967,1065,991,1024,1048,1046,1051,1069,1053,1092,1049,1115,1047,943,963,963,946,987,942,1012,955,990,959,966,963,1126,950,1150,935,1175,937,1197,954,1174,954,1150,953,994,1141,1025,1107,1052,1089,1071,1093,1092,1088,1123,1105,1158,1135,1124,1144,1095,1144,1073,1145,1051,1144,1025,1146,1009,1135,1052,1117,1072,1117,1093,1116,1143,1131,1093,1120,1072,1120,1051,1120
1724,h,1,1,831,831,1277,1277,57.46666666666667,859,997,864,1052,872,1105,881,1154,899,1200,928,1235,973,1255,1024,1268,1082,1272,1139,1264,1190,1249,1235,1226,1262,1189,1274,1142,1279,1091,1283,1039,1286,984,885,925,907,887,947,870,993,869,1034,883,1091,879,1131,865,1176,865,1217,880,1239,917,1062,926,1064,947,1065,968,1066,992,1024,1048,1047,1051,1070,1052,1093,1049,1115,1045,935,958,957,946,982,942,1007,952,984,959,959,962,1123,948,1148,936,1172,938,1194,951,1172,954,1147,953,996,1140,1027,1108,1053,1089,1073,1094,1092,1088,1122,1105,1158,1133,1125,1142,1096,1142,1075,1144,1053,1143,1028,1144,1011,1135,1054,1117,1073,1117,1093,1117,1143,1129,1094,1118,1074,1119,1054,1118
1725,h,1,1,831,831,1277,1277,57.5,863,1010,868,1064,875,1116,884,1166,901,1212,929,1247,974,1267,1024,1280,1080,1283,1137,1276,1189,1264,1234,1242,1263,1206,1277,1159,1283,1106,1288,1051,1292,994,899,930,918,893,955,876,998,874,1036,885,1097,881,1137,869,1180,867,1221,882,1243,920,1066,926,1065,948,1064,968,1064,992,1024,1049,1046,1051,1069,1053,1092,1049,1115,1046,944,966,966,948,990,944,1014,956,992,961,968,965,1126,951,1151,937,1176,939,1197,955,1175,956,1150,954,996,1142,1026,1107,1052,1089,1071,1093,1091,1088,1122,1106,1158,1136,1124,1144,1095,1144,1074,1145,1053,1145,1027,1146,1012,1136,1052,1117,1072,1117,1092,1116,1143,1132,1093,1120,1072,1119,1053,1119
1726,h,1,1,831,831,1277,1277,57.53333333333333,863,1010,868,1064,875,1116,884,1166,901,1212,929,1247,974,1267,1024,1280,1080,1283,1137,1276,1189,1264,1234,1242,1263,1206,1277,1159,1283,1106,1288,1051,1292,994,899,930,918,893,955,876,998,874,1036,885,1097,881,1137,869,1180,867,1221,882,1243,920,1066,926,1065,948,1064,968,1064,992,1024,1049,1046,1051,1069,1053,1092,1049,1115,1046,944,966,966,948,990,944,1014,956,992,961,968,965,1126,951,1151,937,1176,939,1197,955,1175,956,1150,954,996,1142,1026,1107,1052,1089,1071,1093,1091,1088,1122,1106,1158,1136,1124,1144,1095,1144,1074,1145,1053,1145,1027,1146,1012,1136,1052,1117,1072,1117,1092,1116,1143,1132,1093,1120,1072,1119,1053,1119
1727,h,1,1,831,831,1277,1277,57.56666666666667,864,999,868,1053,874,1107,882,1157,898,1203,926,1239,970,1261,1021,1273,1078,1278,1136,1271,1188,1257,1234,1233,1262,1197,1277,1150,1282,1098,1286,1044,1289,988,896,923,916,886,954,870,998,869,1038,881,1099,877,1140,864,1182,861,1223,876,1244,913,1068,923,1068,945,1068,967,1067,991,1028,1048,1050,1050,1072,1051,1095,1048,1116,1045,943,961,965,948,988,944,1012,951,990,957,966,961,1132,945,1155,936,1178,938,1199,949,1178,951,1155,949,997,1141,1026,1107,1053,1089,1073,1093,1093,1088,1123,1105,1158,1134,1126,1141,1097,1142,1075,1145,1053,1144,1027,1147,1011,1135,1053,1117,1074,1117,1095,1116,1143,1130,1095,1119,1074,1119,1053,1120
1728,h,1,1,831,831,1277,1277,57.6,870,1010,874,1063,881,1115,889,1166,904,1211,931,1245,975,1265,1024,1279,1078,1283,1134,1276,1184,1261,1229,1238,1259,1204,1275,1157,1283,1105,1288,1049,1292,993,906,932,924,893,961,873,1003,871,1041,881,1100,878,1140,866,1183,866,1223,884,1243,922,1071,926,1070,948,1069,970,1068,994,1029,1052,1051,1054,1073,1056,1096,1053,1118,1050,950,965,972,948,996,945,1019,958,998,963,973,966,1130,953,1153,938,1178,939,1199,955,1178,956,1153,956,999,1145,1028,1110,1055,1091,1074,1096,1092,1091,1124,1108,1159,1138,1125,1145,1095,1146,1075,1147,1055,1147,1029,1148,1012,1139,1055,1119,1074,1120,1094,1118,1144,1134,1093,1121,1074,1122,1055,1122
1729,h,1,1,831,831,1277,1277,57.63333333333333,869,1000,873,1055,879,1108,887,1159,903,1206,932,1241,976,1263,1026,1275,1082,1279,1139,1271,1189,1255,1234,1232,1263,1198,1277,1150,1282,1098,1288,1043,1292,987,905,926,925,890,962,874,1004,873,1042,883,1102,879,1143,869,1185,868,1225,883,1245,920,1072,927,1072,949,1071,971,1070,996,1030,1052,1052,1055,1074,1057,1097,1053,1119,1050,950,963,971,948,995,944,1018,956,997,961,973,964,1132,951,1155,938,1180,939,1201,954,1180,956,1155,954,1000,1144,1030,1111,1055,1093,1074,1097,1093,1092,1124,1109,1160,1137,1127,1145,1098,1146,1077,1147,1056,1147,1031,1148,1014,1138,1056,1121,1075,1121,1095,1120,1146,1133,1095,1122,1075,1122,1056,1122
1730,h,1,1,831,831,1277,1277,57.666666666666664,869,1000,873,1055,879,1108,887,1159,903,1206,932,1241,976,1263,1026,1275,1082,1279,1139,1271,1189,1255,1234,1232,1263,1198,1277,1150,1282,1098,1288,1043,1292,987,905,926,925,890,962,874,1004,873,1042,883,1102,879,1143,869,1185,868,1225,883,1245,920,1072,927,1072,949,1071,971,1070,996,1030,1052,1052,1055,1074,1057,1097,1053,1119,1050,950,963,971,948,995,944,1018,956,997,961,973,964,1132,951,1155,938,1180,939,1201,954,1180,956,1155,954,1000,1144,1030,1111,1055,1093,1074,1097,1093,1092,1124,1109,1160,1137,1127,1145,1098,1146,1077,1147,1056,1147,1031,1148,1014,1138,1056,1121,1075,1121,1095,1120,1146,1133,1095,1122,1075,1122,1056,1122
1731,h,1,1,831,831,1277,1277,57.7,865,1008,870,1062,877,1113,886,1163,902,1208,930,1242,972,1263,1021,1275,1076,1279,1133,1272,1184,1259,1230,1237,1259,1203,1276,1157,1283,1106,1289,1053,1294,997,897,932,917,893,956,875,1001,873,1041,884,1100,880,1141,868,1185,868,1227,885,1247,924,1072,928,1071,950,1070,970,1070,995,1028,1051,1051,1054,1073,1056,1096,1052,1118,1049,944,963,966,946,991,943,1015,957,993,962,968,965,1131,952,1155,937,1180,939,1203,955,1180,957,1155,956,996,1144,1027,1111,1054,1092,1073,1096,1093,1091,1124,1108,1160,1137,1126,1146,1096,1146,1075,1148,1054,1147,1028,1148,1010,1139,1054,1119,1074,1120,1094,1119,1145,1133,1095,1122,1074,1123,1054,1123
1732,h,1,1,831,831,1277,1277,57.733333333333334,867,1016,872,1068,880,1118,888,1167,904,1209,931,1243,974,1262,1023,1274,1078,1277,1136,1272,1187,1259,1231,1238,1259,1205,1274,1160,1281,1109,1287,1057,1292,1003,897,931,916,893,954,874,998,870,1038,881,1098,878,1140,866,1186,866,1229,884,1250,925,1067,927,1067,948,1067,969,1067,993,1027,1050,1048,1052,1071,1054,1094,1051,1116,1048,943,965,965,947,990,943,1015,958,992,963,967,966,1128,953,1153,937,1179,939,1202,956,1180,958,1153,956,998,1143,1027,1107,1053,1089,1072,1092,1092,1088,1123,1106,1158,1137,1125,1144,1096,1144,1074,1146,1053,1145,1028,1146,1012,1137,1053,1118,1073,1118,1093,1117,1144,1132,1094,1120,1073,1120,1054,1120
1733,h,1,1,831,831,1277,1277,57.766666666666666,860,989,864,1045,870,1099,879,1150,897,1197,925,1232,970,1255,1021,1269,1080,1273,1139,1265,1193,1250,1238,1225,1266,1188,1279,1139,1283,1087,1287,1032,1290,976,894,921,915,884,954,869,997,868,1037,880,1097,878,1135,864,1178,862,1217,877,1241,911,1067,923,1068,945,1068,967,1068,992,1026,1047,1050,1050,1073,1051,1096,1048,1119,1044,939,957,963,946,987,942,1012,949,990,956,965,960,1128,945,1153,934,1177,936,1199,947,1177,950,1152,948,997,1140,1028,1107,1054,1088,1073,1092,1093,1088,1123,1105,1159,1133,1125,1142,1096,1141,1075,1143,1054,1142,1028,1144,1012,1134,1054,1116,1074,1116,1094,1116,1145,1129,1094,1118,1074,1118,1054,1118
1734,h,1,1,831,831,1277,1277,57.8,860,989,864,1045,870,1099,879,1150,897,1197,925,1232,970,1255,1021,1269,1080,1273,1139,1265,1193,1250,1238,1225,1266,1188,1279,1139,1283,1087,1287,1032,1290,976,894,921,915,884,954,869,997,868,1037,880,1097,878,1135,864,1178,862,1217,877,1241,911,1067,923,1068,945,1068,967,1068,992,1026,1047,1050,1050,1073,1051,1096,1048,1119,1044,939,957,963,946,987,942,1012,949,990,956,965,960,1128,945,1153,934,1177,936,1199,947,1177,950,1152,948,997,1140,1028,1107,1054,1088,1073,1092,1093,1088,1123,1105,1159,1133,1125,1142,1096,1141,1075,1143,1054,1142,1028,1144,1012,1134,1054,1116,1074,1116,1094,1116,1145,1129,1094,1118,1074,1118,1054,1118
1735,h,1,1,831,831,1277,1277,57.833333333333336,866,1016,871,1070,878,1121,887,1170,904,1213,932,1246,975,1263,1024,1274,1079,1277,1135,1271,1186,1258,1230,1237,1260,1203,1276,1158,1283,1107,1288,1055,1292,999,896,933,914,893,953,873,997,871,1038,882,1098,880,1140,867,1186,868,1227,886,1249,926,1068,925,1067,946,1067,966,1066,989,1024,1047,1047,1050,1070,1051,1093,1048,1116,1045,943,963,966,944,991,941,1016,956,994,960,967,963,1126,951,1152,934,1178,937,1200,955,1177,956,1151,954,996,1141,1026,1106,1053,1088,1072,1092,1091,1087,1123,1104,1158,1133,1124,1141,1094,1142,1074,1143,1053,1143,1027,1145,1011,1135,1054,1116,1073,1116,1092,1115,1143,1129,1093,1117,1073,1117,1054,1118
1736,h,1,1,831,831,1277,1277,57.86666666666667,868,1006,873,1061,880,1112,887,1161,901,1206,929,1241,973,1261,1024,1275,1080,1279,1139,1271,1190,1258,1235,1236,1266,1203,1283,1157,1290,1105,1295,1050,1299,993,897,930,914,890,953,871,996,868,1035,879,1099,875,1141,862,1186,862,1227,880,1248,919,1068,924,1067,946,1066,966,1066,990,1026,1045,1048,1049,1070,1051,1093,1048,1116,1044,945,963,966,945,991,941,1016,955,994,961,968,964,1129,951,1153,935,1179,937,1202,954,1180,955,1154,954,997,1141,1025,1106,1052,1088,1072,1092,1092,1087,1122,1104,1158,1134,1124,1142,1095,1142,1073,1144,1052,1144,1026,1146,1011,1135,1052,1116,1072,1116,1093,1114,1142,1130,1093,1118,1072,1119,1052,1119
1737,h,1,1,831,831,1277,1277,57.9,868,1006,873,1061,880,1112,887,1161,901,1206,929,1241,973,1261,1024,1275,1080,1279,1139,1271,1190,1258,1235,1236,1266,1203,1283,1157,1290,1105,1295,1050,1299,993,897,930,914,890,953,871,996,868,1035,879,1099,875,1141,862,1186,862,1227,880,1248,919,1068,924,1067,946,1066,966,1066,990,1026,1045,1048,1049,1070,1051,1093,1048,1116,1044,945,963,966,945,991,941,1016,955,994,961,968,964,1129,951,1153,935,1179,937,1202,954,1180,955,1154,954,997,1141,1025,1106,1052,1088,1072,1092,1092,1087,1122,1104,1158,1134,1124,1142,1095,1142,1073,1144,1052,1144,1026,1146,1011,1135,1052,1116,1072,1116,1093,1114,1142,1130,1093,1118,1072,1119,1052,1119
1738,h,1,1,831,831,1277,1277,57.93333333333333,869,1002,873,1056,879,1108,886,1158,902,1203,930,1237,973,1256,1022,1270,1078,1274,1134,1267,1185,1255,1230,1234,1261,1200,1279,1153,1285,1100,1290,1045,1294,987,894,925,913,886,951,869,995,867,1035,879,1099,875,1141,863,1184,863,1224,880,1245,917,1069,923,1069,945,1068,966,1068,989,1026,1045,1048,1049,1071,1051,1094,1047,1117,1044,943,958,965,943,990,939,1015,950,992,956,967,959,1127,946,1153,934,1178,936,1200,951,1177,952,1153,950,996,1139,1026,1105,1052,1088,1072,1093,1092,1088,1123,1105,1158,1134,1124,1144,1094,1143,1072,1145,1051,1144,1025,1145,1010,1133,1052,1113,1072,1114,1093,1112,1144,1130,1093,1120,1072,1120,1051,1120
1739,h,1,1,831,831,1277,1277,57.96666666666667,875,1006,878,1060,884,1112,892,1161,907,1207,935,1241,978,1262,1027,1274,1080,1277,1134,1269,1184,1257,1229,1238,1261,1207,1280,1162,1289,1111,1296,1057,1301,1001,908,925,927,888,963,872,1004,871,1041,883,1101,880,1141,868,1185,868,1226,884,1249,920,1071,927,1069,948,1067,969,1065,993,1027,1048,1048,1052,1070,1054,1093,1050,1115,1047,950,962,970,944,996,940,1020,957,997,961,972,964,1130,953,1155,936,1181,938,1204,956,1181,958,1155,957,995,1143,1025,1108,1052,1089,1071,1093,1091,1088,1122,1106,1158,1136,1124,1145,1094,1146,1073,1148,1052,1147,1026,1148,1009,1137,1053,1118,1072,1118,1092,1116,1142,1132,1092,1121,1072,1122,1052,1122
1740,h,1,1,831,831,1277,1277,58.0,872,1001,875,1056,880,1109,887,1159,902,1205,929,1240,972,1260,1020,1272,1073,1277,1129,1271,1180,1258,1227,1237,1259,1205,1277,1160,1285,1108,1291,1052,1296,995,908,929,926,891,962,873,1004,872,1041,884,1100,880,1141,868,1184,868,1224,885,1246,923,1071,926,1070,947,1068,968,1067,992,1026,1047,1047,1051,1070,1054,1093,1051,1115,1047,951,962,972,944,997,941,1021,956,999,961,973,964,1126,953,1151,937,1177,939,1199,956,1177,958,1151,957,998,1141,1026,1107,1051,1089,1069,1094,1089,1089,1119,1107,1153,1137,1120,1143,1090,1145,1070,1146,1050,1145,1025,1145,1012,1135,1051,1117,1070,1118,1089,1117,1138,1132,1089,1120,1069,1121,1050,1120
1741,h,1,1,831,831,1277,1277,58.03333333333333,872,1001,875,1056,880,1109,887,1159,902,1205,929,1240,972,1260,1020,1272,1073,1277,1129,1271,1180,1258,1227,1237,1259,1205,1277,1160,1285,1108,1291,1052,1296,995,908,929,926,891,962,873,1004,872,1041,884,1100,880,1141,868,1184,868,1224,885,1246,923,1071,926,1070,947,1068,968,1067,992,1026,1047,1047,1051,1070,1054,1093,1051,1115,1047,951,962,972,944,997,941,1021,956,999,961,973,964,1126,953,1151,937,1177,939,1199,956,1177,958,1151,957,998,1141,1026,1107,1051,1089,1069,1094,1089,1089,1119,1107,1153,1137,1120,1143,1090,1145,1070,1146,1050,1145,1025,1145,1012,1135,1051,1117,1070,1118,1089,1117,1138,1132,1089,1120,1069,1121,1050,1120
1742,h,1,1,831,831,1277,1277,58.06666666666667,870,1005,873,1060,878,1112,885,1160,899,1205,926,1239,968,1260,1017,1275,1070,1281,1126,1276,1178,1266,1224,1246,1256,1212,1274,1165,1283,1112,1290,1057,1295,999,905,928,921,889,958,871,999,869,1036,881,1100,878,1141,866,1185,868,1225,885,1248,924,1069,926,1067,948,1065,969,1064,993,1023,1046,1045,1051,1066,1053,1089,1051,1112,1048,948,960,969,942,995,939,1018,954,996,959,971,962,1126,952,1152,936,1178,939,1200,957,1177,959,1151,957,992,1138,1020,1104,1047,1089,1066,1093,1087,1089,1118,1107,1153,1137,1119,1146,1088,1146,1066,1147,1046,1146,1020,1146,1006,1133,1047,1114,1066,1115,1087,1115,1138,1132,1087,1122,1066,1121,1046,1120
1743,h,1,1,831,831,1277,1277,58.1,869,1000,871,1053,876,1105,883,1155,898,1201,924,1236,967,1257,1016,1270,1070,1276,1126,1270,1177,1260,1224,1241,1255,1208,1274,1162,1285,1110,1293,1055,1299,999,905,929,923,890,960,872,1003,870,1041,882,1099,879,1141,867,1187,870,1228,889,1250,928,1070,926,1068,945,1066,964,1064,986,1022,1044,1044,1048,1066,1050,1089,1048,1111,1046,948,958,970,941,994,938,1018,953,996,957,971,960,1128,952,1154,936,1179,939,1202,957,1178,958,1153,956,990,1137,1019,1102,1046,1086,1065,1090,1085,1086,1116,1105,1151,1136,1116,1143,1086,1142,1065,1142,1044,1141,1019,1142,1004,1131,1045,1112,1064,1112,1085,1112,1136,1131,1086,1118,1065,1117,1045,1117
1744,h,1,1,831,831,1277,1277,58.13333333333333,871,995,873,1049,879,1101,884,1150,897,1196,922,1231,963,1253,1011,1267,1066,1273,1123,1267,1175,1256,1223,1236,1255,1204,1273,1161,1282,1111,1289,1058,1297,1003,905,925,924,888,960,870,1002,869,1040,880,1103,878,1145,869,1190,871,1230,890,1252,929,1069,924,1067,944,1065,964,1062,987,1021,1041,1042,1045,1063,1048,1087,1046,1110,1043,948,957,969,941,992,938,1016,951,994,956,970,958,1130,950,1155,938,1180,941,1201,958,1179,958,1154,956,987,1135,1016,1101,1042,1084,1062,1088,1083,1085,1114,1103,1149,1134,1114,1140,1084,1139,1062,1140,1041,1139,1015,1140,1002,1129,1042,1111,1062,1112,1083,1112,1134,1129,1084,1115,1062,1114,1042,1114
1745,h,1,1,831,831,1277,1277,58.166666666666664,871,995,873,1049,879,1101,884,1150,897,1196,922,1231,963,1253,1011,1267,1066,1273,1123,1267,1175,1256,1223,1236,1255,1204,1273,1161,1282,1111,1289,1058,1297,1003,905,925,924,888,960,870,1002,869,1040,880,1103,878,1145,869,1190,871,1230,890,1252,929,1069,924,1067,944,1065,964,1062,987,1021,1041,1042,1045,1063,1048,1087,1046,1110,1043,948,957,969,941,992,938,1016,951,994,956,970,958,1130,950,1155,938,1180,941,1201,958,1179,958,1154,956,987,1135,1016,1101,1042,1084,1062,1088,1083,1085,1114,1103,1149,1134,1114,1140,1084,1139,1062,1140,1041,1139,1015,1140,1002,1129,1042,1111,1062,1112,1083,1112,1134,1129,1084,1115,1062,1114,1042,1114
1746,h,1,1,831,831,1277,1277,58.2,877,999,876,1051,879,1102,884,1150,898,1195,924,1230,965,1250,1012,1261,1065,1267,1119,1263,1170,1253,1217,1237,1250,1207,1271,1165,1282,1116,1289,1063,1296,1009,916,922,934,887,968,870,1006,868,1041,880,1102,879,1140,868,1182,872,1219,890,1242,922,1070,920,1067,940,1064,959,1062,981,1021,1035,1041,1040,1062,1043,1085,1041,1107,1040,953,954,974,939,997,936,1020,950,998,953,975,955,1128,950,1153,937,1177,941,1199,958,1176,957,1151,955,987,1128,1016,1093,1042,1078,1061,1082,1082,1079,1112,1097,1148,1130,1112,1136,1081,1135,1060,1135,1040,1133,1015,1134,1001,1123,1042,1104,1061,1105,1081,1105,1133,1125,1081,1110,1061,1109,1041,1109
1747,h,1,1,831,831,1277,1277,58.233333333333334,873,999,875,1052,879,1101,884,1149,897,1193,923,1226,965,1244,1013,1254,1067,1258,1123,1255,1175,1248,1223,1234,1256,1203,1274,1159,1282,1109,1290,1057,1299,1003,900,916,919,878,955,860,998,857,1035,868,1105,868,1147,857,1191,860,1231,880,1252,918,1068,917,1065,936,1063,955,1060,977,1018,1032,1040,1036,1061,1038,1085,1037,1107,1035,942,954,964,937,990,934,1014,949,991,954,965,957,1128,947,1154,933,1180,937,1203,953,1179,955,1153,953,990,1121,1017,1088,1042,1072,1060,1076,1079,1074,1112,1093,1149,1126,1112,1132,1081,1128,1061,1128,1041,1126,1017,1127,1005,1116,1042,1099,1060,1100,1079,1101,1134,1122,1080,1104,1061,1102,1043,1101
1748,h,1,1,899,816,1270,1188,58.266666666666666,884,977,881,1025,880,1073,883,1121,893,1165,917,1200,956,1223,1001,1236,1053,1243,1109,1242,1163,1233,1212,1217,1247,1190,1269,1150,1282,1104,1292,1054,1301,1004,925,903,942,868,976,852,1014,852,1049,865,1110,866,1149,855,1190,858,1228,877,1248,914,1074,912,1069,931,1064,948,1058,968,1020,1022,1039,1025,1059,1029,1082,1028,1105,1027,959,939,979,923,1003,921,1027,938,1003,940,979,940,1132,940,1156,925,1181,928,1203,947,1180,947,1154,945,982,1111,1010,1078,1036,1063,1054,1068,1073,1065,1105,1083,1142,1117,1104,1123,1073,1121,1053,1120,1034,1118,1009,1117,997,1106,1036,1090,1055,1091,1073,1092,1127,1112,1073,1096,1054,1095,1036,1093
1749,h,1,1,899,816,1270,1188,58.3,884,977,881,1025,880,1073,883,1121,893,1165,917,1200,956,1223,1001,1236,1053,1243,1109,1242,1163,1233,1212,1217,1247,1190,1269,1150,1282,1104,1292,1054,1301,1004,925,903,942,868,976,852,1014,852,1049,865,1110,866,1149,855,1190,858,1228,877,1248,914,1074,912,1069,931,1064,948,1058,968,1020,1022,1039,1025,1059,1029,1082,1028,1105,1027,959,939,979,923,1003,921,1027,938,1003,940,979,940,1132,940,1156,925,1181,928,1203,947,1180,947,1154,945,982,1111,1010,1078,1036,1063,1054,1068,1073,1065,1105,1083,1142,1117,1104,1123,1073,1121,1053,1120,1034,1118,1009,1117,997,1106,1036,1090,1055,1091,1073,1092,1127,1112,1073,1096,1054,1095,1036,1093
1750,h,1,1,899,816,1270,1188,58.333333333333336,888,963,883,1010,881,1057,881,1104,889,1148,911,1183,949,1206,993,1224,1047,1233,1105,1233,1162,1226,1215,1211,1253,1184,1276,1143,1287,1094,1295,1043,1303,993,927,894,943,858,976,840,1014,839,1048,853,1111,853,1150,843,1193,848,1231,868,1248,907,1074,903,1070,922,1065,939,1059,959,1017,1012,1037,1016,1059,1020,1083,1019,1107,1018,962,930,982,913,1004,912,1026,928,1004,929,981,930,1132,931,1156,916,1180,920,1202,938,1178,937,1153,934,984,1100,1009,1069,1035,1053,1053,1058,1071,1055,1102,1075,1139,1109,1100,1112,1069,1110,1050,1109,1031,1107,1007,1105,997,1096,1034,1080,1052,1081,1070,1082,1125,1104,1071,1086,1052,1084,1034,1083
1889,h,1,1,899,858,1270,1229,62.96666666666667,919,985,913,1032,912,1081,913,1129,918,1175,931,1214,958,1244,995,1265,1045,1277,1103,1277,1163,1269,1217,1253,1260,1225,1287,1182,1306,1133,1320,1080,1333,1025,925,915,943,880,979,865,1020,866,1056,883,1117,889,1158,878,1204,883,1244,906,1267,945,1078,939,1071,962,1063,983,1055,1007,1018,1056,1037,1061,1056,1065,1079,1065,1103,1066,959,955,981,944,1007,945,1031,958,1005,961,979,961,1141,968,1170,958,1196,963,1219,979,1193,979,1166,975,985,1142,1007,1114,1031,1099,1048,1107,1067,1105,1098,1125,1137,1159,1095,1165,1062,1163,1042,1162,1023,1158,1002,1153,997,1138,1029,1127,1047,1130,1066,1132,1121,1153,1064,1136,1046,1134,1027,1131
1890,h,1,1,899,858,1270,1229,63.0,933,995,924,1041,919,1088,919,1135,923,1180,937,1220,963,1251,997,1273,1044,1284,1100,1285,1160,1274,1216,1257,1260,1228,1289,1187,1306,1138,1319,1085,1332,1031,953,924,964,891,993,877,1027,879,1055,893,1114,896,1154,886,1198,890,1237,914,1257,953,1076,946,1067,968,1057,989,1046,1012,1015,1061,1031,1066,1049,1071,1073,1071,1098,1072,977,968,994,955,1015,955,1037,968,1015,970,993,971,1139,973,1163,963,1187,967,1209,983,1184,982,1160,979,985,1150,1003,1119,1025,1107,1042,1114,1060,1111,1091,1131,1129,1164,1088,1170,1056,1170,1037,1168,1018,1165,1000,1160,996,1145,1024,1134,1042,1138,1060,1139,1113,1159,1058,1141,1039,1139,1021,1137
1891,h,1,1,899,858,1270,1229,63.03333333333333,933,995,924,1041,919,1088,919,1135,923,1180,937,1220,963,1251,997,1273,1044,1284,1100,1285,1160,1274,1216,1257,1260,1228,1289,1187,1306,1138,1319,1085,1332,1031,953,924,964,891,993,877,1027,879,1055,893,1114,896,1154,886,1198,890,1237,914,1257,953,1076,946,1067,968,1057,989,1046,1012,1015,1061,1031,1066,1049,1071,1073,1071,1098,1072,977,968,994,955,1015,955,1037,968,1015,970,993,971,1139,973,1163,963,1187,967,1209,983,1184,982,1160,979,985,1150,1003,1119,1025,1107,1042,1114,1060,1111,1091,1131,1129,1164,1088,1170,1056,1170,1037,1168,1018,1165,1000,1160,996,1145,1024,1134,1042,1138,1060,1139,1113,1159,1058,1141,1039,1139,1021,1137
1896,h,1,1,831,881,1277,1327,63.2,900,1035,895,1081,895,1129,900,1176,910,1220,927,1258,950,1291,981,1316,1026,1326,1083,1324,1145,1313,1204,1295,1252,1263,1282,1216,1300,1158,1309,1099,1316,1037,894,955,908,924,938,909,974,907,1007,918,1065,919,1106,904,1154,903,1199,917,1231,950,1027,969,1021,995,1013,1021,1004,1049,976,1097,993,1102,1012,1106,1036,1104,1061,1102,920,1000,938,988,961,985,987,992,962,998,939,1000,1101,992,1128,984,1155,987,1182,998,1153,1001,1126,998,952,1185,967,1155,987,1142,1005,1147,1025,1145,1062,1163,1108,1194,1061,1207,1025,1207,1003,1206,984,1203,966,1198,963,1181,987,1167,1006,1171,1026,1171,1092,1190,1025,1177,1005,1176,986,1174
1900,h,1,1,782,881,1228,1327,63.333333333333336,895,1032,889,1078,889,1125,896,1171,905,1219,919,1262,940,1301,967,1331,1009,1343,1064,1342,1126,1329,1182,1305,1229,1270,1261,1221,1279,1164,1287,1104,1294,1043,885,962,897,933,925,923,957,925,985,938,1030,935,1073,919,1121,918,1166,934,1195,966,1003,988,997,1015,989,1041,982,1069,953,1115,971,1123,990,1127,1015,1124,1039,1121,907,1011,922,1003,943,1002,968,1006,945,1011,924,1013,1073,1006,1100,1001,1125,1005,1150,1012,1123,1015,1098,1012,941,1204,953,1177,968,1166,984,1172,1005,1170,1040,1185,1083,1211,1040,1222,1007,1222,985,1222,968,1219,953,1216,952,1200,969,1191,985,1193,1006,1194,1067,1207,1006,1198,985,1197,969,1195
1901,h,1,1,782,881,1228,1327,63.36666666666667,896,1033,887,1079,886,1128,892,1177,904,1223,921,1266,941,1304,966,1332,1006,1344,1058,1343,1118,1331,1175,1309,1225,1275,1261,1227,1278,1168,1286,1106,1293,1043,892,959,904,938,927,934,953,938,975,950,1028,946,1067,929,1112,928,1155,942,1185,970,996,997,989,1024,981,1051,972,1079,948,1122,963,1130,982,1134,1007,1132,1032,1129,907,1015,922,1005,944,1006,969,1013,945,1019,923,1021,1066,1014,1090,1005,1116,1009,1142,1018,1114,1022,1090,1020,939,1206,951,1183,966,1172,981,1178,1000,1175,1035,1190,1080,1215,1037,1230,1002,1234,982,1233,966,1231,951,1223,950,1204,966,1197,981,1200,1000,1200,1064,1211,1001,1206,982,1205,967,1202
1902,h,1,1,782,881,1228,1327,63.4,896,1033,887,1079,886,1128,892,1177,904,1223,921,1266,941,1304,966,1332,1006,1344,1058,1343,1118,1331,1175,1309,1225,1275,1261,1227,1278,1168,1286,1106,1293,1043,892,959,904,938,927,934,953,938,975,950,1028,946,1067,929,1112,928,1155,942,1185,970,996,997,989,1024,981,1051,972,1079,948,1122,963,1130,982,1134,1007,1132,1032,1129,907,1015,922,1005,944,1006,969,1013,945,1019,923,1021,1066,1014,1090,1005,1116,1009,1142,1018,1114,1022,1090,1020,939,1206,951,1183,966,1172,981,1178,1000,1175,1035,1190,1080,1215,1037,1230,1002,1234,982,1233,966,1231,951,1223,950,1204,966,1197,981,1200,1000,1200,1064,1211,1001,1206,982,1205,967,1202
1903,h,1,1,782,881,1228,1327,63.43333333333333,872,1060,869,1103,873,1146,884,1191,898,1236,915,1274,939,1313,969,1343,1014,1352,1070,1346,1128,1330,1184,1303,1226,1262,1250,1209,1261,1151,1265,1092,1268,1033,862,987,874,956,903,942,937,940,967,950,1017,945,1059,930,1107,930,1150,946,1177,978,991,997,987,1027,982,1055,976,1085,947,1128,965,1136,987,1140,1013,1136,1037,1131,889,1025,906,1017,927,1015,954,1019,929,1023,908,1026,1059,1015,1085,1010,1109,1012,1136,1019,1109,1021,1085,1020,936,1210,951,1188,970,1178,989,1184,1011,1180,1047,1192,1086,1215,1048,1232,1015,1238,990,1238,969,1235,951,1226,947,1209,970,1200,989,1204,1012,1203,1070,1213,1013,1212,990,1212,970,1209
1904,h,1,1,782,881,1228,1327,63.46666666666667,884,1027,878,1073,879,1121,887,1170,897,1219,915,1266,938,1308,965,1342,1009,1355,1064,1352,1124,1332,1179,1304,1226,1264,1256,1212,1270,1150,1274,1089,1277,1028,875,965,887,943,913,938,941,942,967,954,1018,953,1057,936,1102,934,1145,944,1178,969,988,1004,982,1033,975,1061,967,1091,943,1132,960,1141,980,1146,1005,1142,1030,1137,895,1022,910,1014,933,1015,960,1020,935,1025,912,1026,1058,1018,1085,1013,1111,1016,1138,1021,1110,1027,1084,1025,935,1213,950,1194,966,1184,982,1190,1002,1187,1038,1199,1082,1219,1041,1240,1006,1245,985,1244,967,1241,951,1232,947,1212,966,1208,983,1211,1003,1210,1066,1218,1004,1218,984,1218,967,1214
1905,h,1,1,782,881,1228,1327,63.5,878,1039,873,1083,877,1130,885,1178,896,1227,913,1271,936,1310,964,1342,1007,1355,1063,1351,1124,1334,1182,1308,1228,1269,1258,1216,1271,1155,1277,1094,1282,1033,868,972,880,948,907,941,938,944,964,957,1012,954,1053,937,1100,936,1144,948,1176,975,983,1006,977,1035,969,1063,961,1094,936,1136,954,1144,975,1149,999,1145,1024,1142,891,1027,905,1020,927,1019,953,1024,929,1029,908,1030,1056,1022,1081,1018,1107,1021,1134,1026,1106,1030,1081,1029,931,1217,946,1197,962,1187,976,1193,994,1190,1031,1202,1078,1223,1035,1241,1000,1245,980,1244,964,1242,947,1234,944,1215,963,1210,978,1213,996,1212,1061,1221,997,1220,979,1219,963,1216
1906,h,1,1,782,881,1228,1327,63.53333333333333,878,1039,873,1083,877,1130,885,1178,896,1227,913,1271,936,1310,964,1342,1007,1355,1063,1351,1124,1334,1182,1308,1228,1269,1258,1216,1271,1155,1277,1094,1282,1033,868,972,880,948,907,941,938,944,964,957,1012,954,1053,937,1100,936,1144,948,1176,975,983,1006,977,1035,969,1063,961,1094,936,1136,954,1144,975,1149,999,1145,1024,1142,891,1027,905,1020,927,1019,953,1024,929,1029,908,1030,1056,1022,1081,1018,1107,1021,1134,1026,1106,1030,1081,1029,931,1217,946,1197,962,1187,976,1193,994,1190,1031,1202,1078,1223,1035,1241,1000,1245,980,1244,964,1242,947,1234,944,1215,963,1210,978,1213,996,1212,1061,1221,997,1220,979,1219,963,1216
1907,h,1,1,782,881,1228,1327,63.56666666666667,877,1042,870,1088,872,1137,882,1185,896,1232,912,1275,934,1315,961,1348,1004,1361,1057,1359,1117,1343,1173,1315,1220,1279,1253,1229,1268,1168,1274,1107,1278,1046,864,975,876,948,904,941,935,945,962,958,1011,957,1052,941,1099,939,1144,951,1176,981,980,1010,973,1039,964,1068,955,1099,932,1141,949,1149,969,1154,995,1150,1021,1146,888,1029,903,1021,926,1021,952,1027,927,1032,905,1033,1054,1027,1081,1021,1107,1024,1135,1031,1106,1035,1080,1033,931,1221,941,1199,956,1189,972,1195,991,1192,1029,1205,1075,1229,1034,1247,998,1252,978,1251,960,1248,944,1239,943,1220,957,1213,973,1216,993,1216,1058,1226,996,1224,976,1223,959,1220
1908,h,1,1,782,881,1228,1327,63.6,876,1036,870,1082,870,1130,878,1178,888,1226,904,1272,926,1314,955,1347,997,1360,1053,1358,1116,1342,1174,1313,1222,1275,1253,1223,1267,1162,1273,1100,1275,1039,866,968,879,945,905,940,934,946,960,960,1006,960,1046,943,1093,940,1136,951,1169,977,979,1011,971,1040,962,1068,953,1099,930,1141,947,1151,967,1157,992,1153,1018,1148,887,1027,902,1019,925,1019,951,1027,926,1030,904,1031,1050,1027,1075,1021,1100,1024,1128,1031,1100,1035,1074,1034,924,1223,937,1203,954,1194,970,1200,990,1197,1028,1209,1074,1231,1032,1248,997,1253,975,1253,956,1250,939,1240,936,1222,955,1217,971,1220,992,1219,1058,1228,994,1227,974,1226,957,1222
1909,h,1,1,782,881,1228,1327,63.63333333333333,872,1038,868,1084,871,1135,879,1184,891,1232,909,1275,930,1314,957,1345,997,1358,1049,1356,1108,1339,1164,1313,1212,1275,1245,1224,1261,1164,1268,1102,1273,1042,863,972,875,948,902,943,932,950,958,965,1005,963,1045,945,1093,942,1138,953,1172,980,977,1016,970,1045,961,1072,953,1102,930,1145,947,1153,967,1158,992,1155,1019,1151,883,1030,899,1023,922,1023,949,1031,923,1036,901,1036,1050,1032,1076,1025,1102,1027,1130,1034,1101,1039,1075,1038,925,1224,941,1208,957,1198,972,1203,990,1200,1026,1212,1071,1231,1030,1251,995,1255,975,1255,959,1253,942,1243,938,1223,958,1220,973,1223,992,1222,1056,1229,993,1229,975,1228,959,1225
1910,h,1,1,782,881,1228,1327,63.666666666666664,872,1038,868,1084,871,1135,879,1184,891,1232,909,1275,930,1314,957,1345,997,1358,1049,1356,1108,1339,1164,1313,1212,1275,1245,1224,1261,1164,1268,1102,1273,1042,863,972,875,948,902,943,932,950,958,965,1005,963,1045,945,1093,942,1138,953,1172,980,977,1016,970,1045,961,1072,953,1102,930,1145,947,1153,967,1158,992,1155,1019,1151,883,1030,899,1023,922,1023,949,1031,923,1036,901,1036,1050,1032,1076,1025,1102,1027,1130,1034,1101,1039,1075,1038,925,1224,941,1208,957,1198,972,1203,990,1200,1026,1212,1071,1231,1030,1251,995,1255,975,1255,959,1253,942,1243,938,1223,958,1220,973,1223,992,1222,1056,1229,993,1229,975,1228,959,1225
1911,h,1,1,782,881,1228,1327,63.7,866,1048,862,1094,865,1142,875,1190,889,1238,907,1280,929,1320,956,1350,998,1363,1053,1361,1113,1344,1168,1316,1215,1277,1247,1226,1262,1164,1266,1103,1268,1043,858,975,870,951,897,946,927,952,954,966,1002,964,1042,947,1088,944,1131,954,1164,980,974,1017,967,1046,959,1073,951,1103,928,1148,945,1155,966,1160,991,1156,1017,1152,880,1034,897,1026,919,1026,946,1033,920,1037,898,1039,1046,1033,1072,1026,1098,1029,1126,1035,1098,1040,1071,1039,923,1226,938,1206,954,1196,971,1202,990,1198,1028,1211,1073,1233,1032,1253,995,1258,975,1257,956,1255,939,1245,936,1225,955,1220,972,1223,991,1223,1057,1230,993,1229,973,1228,956,1225
1912,h,1,1,782,881,1228,1327,63.733333333333334,864,1046,861,1092,865,1139,876,1186,889,1232,908,1275,932,1314,961,1346,1003,1358,1057,1353,1115,1334,1169,1307,1214,1269,1243,1218,1257,1158,1261,1098,1264,1038,856,982,870,960,897,954,927,958,953,971,1001,969,1040,952,1085,949,1127,959,1161,983,972,1021,966,1049,958,1076,950,1105,926,1147,944,1155,965,1160,990,1155,1016,1152,879,1036,895,1029,918,1029,943,1036,918,1040,896,1041,1044,1034,1070,1027,1096,1029,1123,1035,1095,1041,1070,1040,926,1228,939,1206,954,1195,970,1201,990,1197,1027,1210,1071,1234,1031,1254,996,1259,974,1259,956,1256,940,1246,939,1226,955,1220,972,1222,992,1222,1054,1231,993,1232,973,1231,956,1227
1913,h,1,1,782,881,1228,1327,63.766666666666666,867,1033,861,1080,863,1128,870,1176,883,1224,901,1268,924,1307,951,1340,993,1355,1046,1354,1105,1338,1161,1312,1208,1275,1241,1225,1258,1165,1265,1103,1270,1041,865,968,878,949,902,947,930,953,953,969,1005,968,1044,950,1088,948,1131,958,1165,980,975,1020,968,1049,959,1077,951,1107,925,1147,943,1156,963,1161,989,1158,1015,1154,882,1029,899,1025,921,1025,945,1032,920,1037,899,1036,1047,1034,1072,1029,1097,1031,1125,1037,1096,1042,1071,1041,923,1226,937,1207,953,1198,968,1204,988,1201,1023,1214,1067,1236,1027,1254,994,1260,972,1259,954,1256,939,1246,936,1226,953,1221,969,1224,989,1224,1051,1233,991,1234,971,1232,955,1228
1914,h,1,1,782,881,1228,1327,63.8,867,1033,861,1080,863,1128,870,1176,883,1224,901,1268,924,1307,951,1340,993,1355,1046,1354,1105,1338,1161,1312,1208,1275,1241,1225,1258,1165,1265,1103,1270,1041,865,968,878,949,902,947,930,953,953,969,1005,968,1044,950,1088,948,1131,958,1165,980,975,1020,968,1049,959,1077,951,1107,925,1147,943,1156,963,1161,989,1158,1015,1154,882,1029,899,1025,921,1025,945,1032,920,1037,899,1036,1047,1034,1072,1029,1097,1031,1125,1037,1096,1042,1071,1041,923,1226,937,1207,953,1198,968,1204,988,1201,1023,1214,1067,1236,1027,1254,994,1260,972,1259,954,1256,939,1246,936,1226,953,1221,969,1224,989,1224,1051,1233,991,1234,971,1232,955,1228
1915,h,1,1,782,881,1228,1327,63.833333333333336,865,1045,860,1091,863,1140,872,1188,884,1236,903,1280,925,1320,953,1351,994,1364,1048,1362,1109,1346,1166,1319,1213,1281,1243,1228,1257,1168,1261,1106,1264,1044,864,981,875,959,900,953,928,959,952,973,1001,972,1037,953,1081,951,1123,961,1157,985,971,1024,964,1053,956,1079,948,1109,927,1152,943,1159,962,1163,987,1159,1013,1155,883,1037,898,1029,921,1030,946,1039,921,1043,899,1043,1042,1038,1066,1030,1091,1032,1118,1039,1091,1045,1065,1044,924,1232,937,1211,952,1200,968,1206,987,1202,1023,1215,1068,1238,1027,1258,993,1265,973,1265,954,1262,939,1251,937,1231,953,1224,969,1227,988,1226,1052,1236,991,1238,972,1237,955,1233
1916,h,1,1,782,881,1228,1327,63.86666666666667,866,1063,861,1107,862,1154,873,1200,888,1244,908,1285,929,1321,954,1352,993,1366,1044,1365,1104,1349,1162,1323,1211,1288,1244,1238,1260,1179,1264,1118,1267,1056,862,990,874,967,899,959,929,961,954,976,997,975,1037,957,1084,956,1127,970,1160,998,970,1026,963,1054,954,1081,946,1111,925,1152,942,1160,961,1164,986,1160,1012,1155,881,1041,896,1031,919,1031,945,1041,919,1045,897,1046,1042,1041,1067,1032,1093,1034,1120,1043,1092,1048,1067,1047,923,1231,936,1210,952,1198,967,1204,985,1200,1022,1213,1070,1237,1027,1258,992,1265,972,1265,954,1262,938,1251,935,1230,952,1223,969,1226,987,1226,1054,1235,990,1236,971,1235,955,1232
1917,h,1,1,782,881,1228,1327,63.9,866,1063,861,1107,862,1154,873,1200,888,1244,908,1285,929,1321,954,1352,993,1366,1044,1365,1104,1349,1162,1323,1211,1288,1244,1238,1260,1179,1264,1118,1267,1056,862,990,874,967,899,959,929,961,954,976,997,975,1037,957,1084,956,1127,970,1160,998,970,1026,963,1054,954,1081,946,1111,925,1152,942,1160,961,1164,986,1160,1012,1155,881,1041,896,1031,919,1031,945,1041,919,1045,897,1046,1042,1041,1067,1032,1093,1034,1120,1043,1092,1048,1067,1047,923,1231,936,1210,952,1198,967,1204,985,1200,1022,1213,1070,1237,1027,1258,992,1265,972,1265,954,1262,938,1251,935,1230,952,1223,969,1226,987,1226,1054,1235,990,1236,971,1235,955,1232
1918,h,1,1,782,881,1228,1327,63.93333333333333,866,1056,861,1102,862,1150,872,1198,887,1245,908,1288,932,1326,961,1354,1003,1365,1056,1360,1116,1343,1173,1316,1219,1278,1249,1227,1262,1166,1266,1106,1267,1045,862,987,872,962,898,956,927,960,952,974,1001,972,1039,954,1084,951,1127,962,1160,988,971,1024,965,1053,958,1080,951,1109,930,1156,947,1162,966,1165,990,1161,1016,1158,883,1040,899,1032,922,1032,947,1042,921,1047,899,1047,1042,1039,1066,1030,1093,1031,1120,1038,1093,1044,1067,1045,925,1233,942,1216,958,1206,973,1211,991,1206,1026,1218,1073,1237,1031,1256,997,1261,978,1262,960,1259,944,1251,939,1233,958,1227,974,1229,993,1228,1057,1235,995,1237,976,1236,960,1233
1919,h,1,1,782,881,1228,1327,63.96666666666667,868,1039,863,1087,865,1136,873,1186,885,1234,904,1279,927,1319,954,1352,996,1367,1050,1364,1110,1348,1167,1322,1216,1284,1250,1233,1265,1170,1271,1107,1274,1043,864,971,877,950,904,947,932,954,957,970,1005,969,1045,952,1091,949,1135,958,1171,983,977,1022,970,1051,961,1080,953,1111,929,1153,946,1161,967,1166,992,1162,1019,1159,884,1032,901,1026,924,1027,950,1035,924,1039,901,1039,1048,1036,1074,1030,1100,1032,1129,1038,1100,1043,1073,1043,924,1228,938,1210,955,1202,972,1208,993,1204,1030,1216,1075,1238,1033,1259,998,1266,975,1266,955,1262,939,1250,937,1229,955,1226,973,1229,995,1229,1059,1236,996,1237,974,1236,956,1232
1920,h,1,1,782,881,1228,1327,64.0,870,1031,864,1079,864,1129,872,1178,884,1226,903,1272,923,1313,950,1349,992,1365,1045,1364,1105,1348,1162,1322,1212,1284,1246,1235,1264,1175,1271,1113,1277,1050,869,974,881,950,907,947,935,955,960,972,1010,972,1049,954,1095,952,1138,963,1171,988,980,1022,973,1052,964,1081,955,1112,930,1150,947,1159,967,1164,993,1160,1019,1156,888,1030,905,1025,927,1027,952,1035,927,1038,905,1038,1052,1038,1077,1032,1103,1035,1130,1041,1102,1046,1076,1045,928,1229,941,1209,956,1199,972,1206,991,1202,1027,1215,1070,1238,1030,1258,996,1264,975,1264,957,1260,941,1250,940,1228,956,1223,973,1227,992,1226,1054,1236,993,1236,974,1235,957,1232
1921,h,1,1,782,881,1228,1327,64.03333333333333,870,1031,864,1079,864,1129,872,1178,884,1226,903,1272,923,1313,950,1349,992,1365,1045,1364,1105,1348,1162,1322,1212,1284,1246,1235,1264,1175,1271,1113,1277,1050,869,974,881,950,907,947,935,955,960,972,1010,972,1049,954,1095,952,1138,963,1171,988,980,1022,973,1052,964,1081,955,1112,930,1150,947,1159,967,1164,993,1160,1019,1156,888,1030,905,1025,927,1027,952,1035,927,1038,905,1038,1052,1038,1077,1032,1103,1035,1130,1041,1102,1046,1076,1045,928,1229,941,1209,956,1199,972,1206,991,1202,1027,1215,1070,1238,1030,1258,996,1264,975,1264,957,1260,941,1250,940,1228,956,1223,973,1227,992,1226,1054,1236,993,1236,974,1235,957,1232
1922,h,1,1,782,881,1228,1327,64.06666666666666,875,1038,867,1085,867,1135,874,1184,886,1233,905,1277,929,1318,957,1350,998,1365,1050,1364,1109,1348,1164,1321,1212,1284,1247,1235,1264,1176,1271,1117,1276,1054,870,982,883,956,911,950,941,957,966,975,1012,973,1051,956,1097,955,1141,969,1174,998,984,1024,977,1052,968,1080,960,1110,934,1149,951,1157,971,1162,997,1159,1024,1156,894,1031,910,1026,932,1028,956,1035,931,1039,910,1038,1055,1039,1078,1033,1102,1036,1128,1043,1101,1047,1077,1046,930,1227,945,1210,961,1200,978,1207,998,1203,1033,1216,1076,1240,1036,1258,1002,1263,980,1263,962,1260,946,1248,943,1228,962,1224,978,1227,999,1227,1060,1237,1000,1236,980,1234,963,1230
1923,h,1,1,782,881,1228,1327,64.1,876,1024,870,1073,870,1122,875,1171,886,1220,905,1265,928,1307,956,1341,1000,1356,1054,1355,1113,1336,1168,1308,1214,1270,1246,1220,1263,1163,1270,1103,1276,1042,874,972,890,951,918,949,948,958,974,975,1017,974,1056,958,1101,955,1144,963,1179,986,992,1024,984,1053,976,1081,968,1112,940,1150,958,1157,978,1163,1005,1160,1031,1157,896,1030,913,1026,936,1027,960,1035,935,1038,913,1038,1061,1038,1087,1032,1112,1035,1138,1040,1111,1046,1086,1045,933,1226,950,1210,967,1201,983,1207,1003,1203,1038,1216,1079,1237,1039,1255,1006,1261,984,1260,966,1257,949,1246,946,1226,967,1224,983,1227,1004,1227,1063,1235,1004,1234,984,1233,967,1229
1924,h,1,1,782,881,1228,1327,64.13333333333334,875,1025,868,1073,868,1124,874,1173,886,1221,904,1267,927,1307,956,1340,998,1355,1051,1354,1109,1336,1163,1309,1210,1272,1243,1222,1261,1164,1269,1104,1274,1043,872,976,887,951,917,947,949,955,976,973,1020,973,1059,956,1105,953,1148,963,1180,990,993,1024,987,1052,978,1080,971,1110,941,1148,958,1156,979,1161,1005,1159,1032,1155,897,1030,915,1026,938,1027,962,1036,937,1039,915,1038,1062,1038,1087,1032,1112,1034,1139,1040,1112,1046,1087,1045,936,1227,952,1208,969,1199,984,1206,1003,1202,1036,1215,1076,1237,1037,1256,1005,1262,984,1261,967,1258,951,1246,948,1226,969,1223,984,1227,1004,1226,1061,1235,1004,1234,985,1233,969,1230
1925,h,1,1,782,881,1228,1327,64.16666666666667,875,1025,868,1073,868,1124,874,1173,886,1221,904,1267,927,1307,956,1340,998,1355,1051,1354,1109,1336,1163,1309,1210,1272,1243,1222,1261,1164,1269,1104,1274,1043,872,976,887,951,917,947,949,955,976,973,1020,973,1059,956,1105,953,1148,963,1180,990,993,1024,987,1052,978,1080,971,1110,941,1148,958,1156,979,1161,1005,1159,1032,1155,897,1030,915,1026,938,1027,962,1036,937,1039,915,1038,1062,1038,1087,1032,1112,1034,1139,1040,1112,1046,1087,1045,936,1227,952,1208,969,1199,984,1206,1003,1202,1036,1215,1076,1237,1037,1256,1005,1262,984,1261,967,1258,951,1246,948,1226,969,1223,984,1227,1004,1226,1061,1235,1004,1234,985,1233,969,1230
1926,h,1,1,782,881,1228,1327,64.2,875,1024,869,1074,870,1125,878,1174,895,1222,919,1265,943,1305,972,1337,1013,1352,1065,1348,1120,1328,1172,1298,1218,1261,1251,1212,1268,1154,1272,1093,1274,1031,878,968,894,947,922,946,952,954,977,971,1023,970,1059,955,1102,951,1142,959,1174,981,997,1024,992,1054,985,1082,979,1113,947,1150,966,1159,988,1164,1014,1160,1040,1156,900,1029,918,1025,941,1027,964,1034,940,1038,918,1037,1063,1037,1087,1030,1111,1033,1137,1038,1111,1043,1087,1043,942,1227,960,1211,977,1202,992,1208,1011,1204,1043,1215,1081,1235,1045,1254,1014,1261,994,1262,977,1259,960,1248,955,1227,977,1224,993,1227,1011,1227,1066,1233,1012,1234,994,1234,978,1231
1927,h,1,1,782,881,1228,1327,64.23333333333333,875,1024,870,1074,871,1126,880,1177,894,1227,915,1271,940,1312,969,1344,1013,1359,1067,1354,1124,1335,1178,1305,1223,1266,1256,1215,1272,1155,1277,1092,1278,1028,875,982,890,957,919,953,951,959,979,975,1021,974,1059,957,1104,955,1146,965,1177,991,995,1023,990,1053,984,1082,978,1114,948,1149,966,1158,987,1164,1014,1159,1041,1154,901,1031,917,1026,939,1027,962,1033,939,1037,918,1037,1063,1035,1086,1029,1111,1031,1136,1036,1110,1042,1086,1041,942,1226,959,1210,975,1203,992,1209,1012,1205,1044,1215,1084,1235,1046,1251,1014,1257,993,1257,974,1253,959,1244,954,1226,975,1224,992,1228,1013,1227,1069,1233,1013,1232,993,1232,975,1228
1928,h,1,1,782,881,1228,1327,64.26666666666667,883,1034,875,1081,873,1132,880,1181,893,1230,911,1275,933,1318,963,1351,1006,1366,1060,1363,1117,1344,1170,1313,1215,1275,1247,1227,1264,1169,1271,1109,1277,1048,879,982,893,954,923,948,956,954,983,971,1029,971,1067,955,1113,954,1154,966,1182,996,1003,1022,997,1052,990,1080,983,1110,951,1150,969,1158,990,1163,1017,1160,1044,1156,904,1031,922,1026,943,1026,967,1033,943,1037,922,1037,1069,1036,1093,1031,1117,1034,1141,1040,1116,1044,1092,1043,943,1228,960,1211,976,1202,993,1208,1013,1205,1046,1217,1086,1238,1047,1256,1014,1262,992,1261,974,1257,959,1247,955,1227,976,1224,993,1228,1013,1228,1071,1235,1013,1234,993,1233,976,1230
1929,h,1,1,782,881,1228,1327,64.3,883,1034,875,1081,873,1132,880,1181,893,1230,911,1275,933,1318,963,1351,1006,1366,1060,1363,1117,1344,1170,1313,1215,1275,1247,1227,1264,1169,1271,1109,1277,1048,879,982,893,954,923,948,956,954,983,971,1029,971,1067,955,1113,954,1154,966,1182,996,1003,1022,997,1052,990,1080,983,1110,951,1150,969,1158,990,1163,1017,1160,1044,1156,904,1031,922,1026,943,1026,967,1033,943,1037,922,1037,1069,1036,1093,1031,1117,1034,1141,1040,1116,1044,1092,1043,943,1228,960,1211,976,1202,993,1208,1013,1205,1046,1217,1086,1238,1047,1256,1014,1262,992,1261,974,1257,959,1247,955,1227,976,1224,993,1228,1013,1228,1071,1235,1013,1234,993,1233,976,1230
1930,h,1,1,782,881,1228,1327,64.33333333333333,882,1035,874,1082,874,1132,880,1181,893,1231,911,1277,932,1320,963,1354,1006,1369,1061,1365,1118,1343,1170,1312,1214,1273,1245,1224,1262,1167,1269,1107,1274,1048,887,987,899,959,927,951,958,957,985,973,1029,974,1065,958,1108,957,1147,970,1173,998,1003,1023,998,1052,992,1080,986,1111,954,1149,972,1157,993,1163,1018,1159,1044,1154,912,1031,928,1024,947,1025,969,1033,948,1036,928,1036,1067,1035,1089,1028,1112,1031,1134,1040,1110,1043,1088,1042,944,1229,962,1210,979,1202,995,1208,1014,1204,1047,1216,1084,1236,1047,1254,1014,1260,993,1260,976,1256,960,1247,956,1228,978,1223,995,1227,1014,1226,1070,1234,1014,1234,994,1234,977,1230
1931,h,1,1,782,881,1228,1327,64.36666666666666,881,1032,874,1081,875,1131,882,1180,895,1230,914,1277,935,1322,965,1356,1009,1371,1064,1367,1119,1346,1169,1315,1214,1275,1247,1227,1265,1169,1271,1109,1276,1047,882,981,897,953,927,947,960,953,987,971,1031,971,1069,955,1113,954,1153,967,1180,996,1007,1020,1002,1051,996,1080,990,1112,955,1150,974,1158,995,1164,1022,1160,1049,1155,910,1029,927,1023,948,1024,971,1032,948,1035,927,1035,1069,1034,1093,1028,1116,1032,1139,1040,1115,1042,1092,1041,947,1229,964,1211,981,1202,998,1208,1019,1204,1051,1216,1089,1236,1051,1253,1020,1261,998,1261,979,1258,963,1248,959,1228,981,1224,998,1227,1019,1227,1074,1234,1019,1234,998,1234,981,1231
1932,h,1,1,782,881,1228,1327,64.4,881,1032,874,1081,875,1131,882,1180,895,1230,914,1277,935,1322,965,1356,1009,1371,1064,1367,1119,1346,1169,1315,1214,1275,1247,1227,1265,1169,1271,1109,1276,1047,882,981,897,953,927,947,960,953,987,971,1031,971,1069,955,1113,954,1153,967,1180,996,1007,1020,1002,1051,996,1080,990,1112,955,1150,974,1158,995,1164,1022,1160,1049,1155,910,1029,927,1023,948,1024,971,1032,948,1035,927,1035,1069,1034,1093,1028,1116,1032,1139,1040,1115,1042,1092,1041,947,1229,964,1211,981,1202,998,1208,1019,1204,1051,1216,1089,1236,1051,1253,1020,1261,998,1261,979,1258,963,1248,959,1228,981,1224,998,1227,1019,1227,1074,1234,1019,1234,998,1234,981,1231
1933,h,1,1,782,881,1228,1327,64.43333333333334,884,1030,876,1077,874,1127,881,1176,893,1226,913,1273,937,1317,969,1351,1013,1365,1068,1360,1124,1339,1176,1309,1221,1270,1254,1222,1272,1164,1279,1104,1285,1043,884,982,900,954,930,947,964,953,993,969,1036,970,1075,955,1121,954,1162,968,1191,998,1011,1021,1005,1050,999,1079,992,1110,958,1148,976,1156,998,1162,1025,1158,1051,1153,912,1027,930,1022,951,1023,974,1031,951,1034,930,1034,1075,1035,1099,1028,1123,1032,1147,1039,1121,1042,1098,1041,948,1227,967,1210,984,1201,1001,1208,1022,1204,1055,1215,1093,1235,1056,1253,1024,1260,1001,1261,982,1258,965,1248,961,1226,983,1223,1001,1226,1022,1226,1078,1233,1023,1233,1001,1233,984,1230
1934,h,1,1,782,881,1228,1327,64.46666666666667,886,1039,879,1088,879,1138,885,1188,898,1237,915,1283,937,1325,968,1357,1012,1371,1069,1368,1126,1349,1178,1321,1224,1284,1258,1237,1277,1180,1284,1119,1291,1057,887,981,901,952,930,945,963,951,990,967,1041,966,1080,951,1124,951,1164,965,1194,993,1012,1019,1007,1049,1000,1077,994,1108,960,1149,979,1157,1000,1162,1027,1158,1053,1154,916,1031,933,1024,953,1024,975,1032,954,1035,933,1035,1079,1034,1102,1028,1125,1032,1148,1041,1123,1042,1100,1040,951,1229,968,1209,985,1200,1002,1207,1023,1203,1058,1215,1096,1237,1057,1254,1024,1260,1001,1260,982,1257,966,1247,962,1228,985,1224,1002,1227,1024,1227,1082,1235,1023,1233,1001,1232,984,1229
1938,h,1,1,858,940,1229,1312,64.6,888,1031,883,1078,882,1127,886,1175,894,1223,910,1268,935,1307,969,1336,1014,1349,1069,1348,1122,1330,1169,1302,1208,1265,1235,1218,1252,1165,1265,1109,1273,1053,899,988,915,961,945,954,977,960,1005,976,1052,980,1090,967,1133,966,1172,979,1199,1008,1023,1022,1016,1051,1010,1078,1003,1108,973,1145,990,1151,1010,1156,1034,1153,1058,1150,927,1027,944,1018,966,1019,987,1032,964,1035,943,1034,1086,1036,1109,1026,1133,1029,1156,1039,1131,1043,1107,1042,959,1225,976,1205,995,1197,1013,1203,1032,1199,1063,1210,1098,1232,1064,1247,1034,1252,1013,1252,994,1249,975,1240,970,1223,995,1217,1013,1220,1033,1220,1084,1229,1033,1229,1014,1228,996,1225
1939,h,1,1,858,940,1229,1312,64.63333333333334,891,1027,884,1075,883,1125,886,1175,894,1223,910,1269,935,1308,968,1336,1013,1350,1067,1349,1121,1332,1169,1306,1208,1269,1237,1222,1256,1168,1269,1112,1279,1054,904,983,920,957,950,951,982,958,1010,974,1057,978,1094,966,1136,964,1176,977,1202,1006,1027,1019,1020,1048,1013,1075,1006,1105,975,1143,992,1149,1012,1154,1037,1151,1062,1149,931,1024,948,1014,970,1015,992,1029,968,1031,947,1030,1091,1033,1113,1022,1137,1025,1160,1037,1135,1040,1112,1038,959,1223,977,1202,997,1194,1015,1200,1033,1196,1064,1208,1100,1230,1064,1246,1034,1251,1013,1250,994,1247,975,1239,970,1221,996,1213,1015,1216,1034,1216,1086,1227,1034,1227,1015,1227,996,1224
1940,h,1,1,858,940,1229,1312,64.66666666666667,891,1027,884,1075,883,1125,886,1175,894,1223,910,1269,935,1308,968,1336,1013,1350,1067,1349,1121,1332,1169,1306,1208,1269,1237,1222,1256,1168,1269,1112,1279,1054,904,983,920,957,950,951,982,958,1010,974,1057,978,1094,966,1136,964,1176,977,1202,1006,1027,1019,1020,1048,1013,1075,1006,1105,975,1143,992,1149,1012,1154,1037,1151,1062,1149,931,1024,948,1014,970,1015,992,1029,968,1031,947,1030,1091,1033,1113,1022,1137,1025,1160,1037,1135,1040,1112,1038,959,1223,977,1202,997,1194,1015,1200,1033,1196,1064,1208,1100,1230,1064,1246,1034,1251,1013,1250,994,1247,975,1239,970,1221,996,1213,1015,1216,1034,1216,1086,1227,1034,1227,1015,1227,996,1224
1941,h,1,1,858,940,1229,1312,64.7,893,1024,886,1073,885,1123,888,1172,896,1222,912,1268,936,1306,970,1334,1016,1347,1069,1346,1122,1329,1169,1302,1209,1266,1237,1219,1256,1166,1269,1111,1280,1053,907,981,923,955,953,949,985,954,1013,969,1062,973,1099,961,1141,960,1181,972,1208,1001,1031,1013,1024,1043,1017,1070,1010,1099,977,1137,995,1143,1016,1148,1041,1145,1065,1141,933,1019,951,1010,972,1011,994,1023,971,1024,950,1024,1094,1025,1117,1015,1140,1018,1163,1029,1138,1032,1115,1030,961,1217,980,1197,1000,1188,1018,1194,1036,1190,1067,1201,1103,1223,1067,1239,1037,1244,1016,1244,997,1241,978,1233,972,1215,1000,1208,1018,1210,1036,1210,1089,1221,1036,1221,1018,1221,1000,1218
1942,h,1,1,831,881,1277,1327,64.73333333333333,892,1020,886,1070,886,1121,891,1171,900,1222,918,1268,942,1308,977,1339,1024,1353,1082,1352,1141,1337,1195,1313,1241,1277,1272,1227,1289,1168,1299,1105,1307,1042,904,964,917,933,949,924,983,929,1012,946,1066,948,1104,931,1150,929,1192,944,1220,976,1033,994,1027,1025,1020,1054,1012,1085,980,1129,999,1136,1020,1140,1046,1138,1071,1135,934,1008,951,999,972,998,994,1009,971,1011,951,1011,1102,1011,1127,1002,1151,1005,1176,1017,1149,1018,1125,1016,963,1213,982,1193,1002,1182,1021,1188,1041,1184,1075,1197,1115,1221,1075,1235,1042,1238,1020,1238,999,1235,980,1227,975,1211,1001,1204,1021,1207,1041,1207,1101,1217,1041,1213,1021,1212,1001,1209
1943,h,1,1,831,881,1277,1327,64.76666666666667,896,1010,889,1062,889,1115,893,1167,902,1218,920,1265,946,1306,983,1337,1033,1350,1093,1348,1153,1332,1206,1307,1250,1269,1278,1218,1294,1159,1304,1097,1314,1034,908,951,922,920,956,913,990,919,1019,937,1076,938,1116,921,1164,920,1208,932,1238,963,1041,983,1034,1014,1026,1044,1018,1076,984,1119,1004,1126,1025,1132,1052,1129,1078,1125,936,997,954,985,976,985,1000,997,976,1000,954,1000,1111,1000,1138,990,1164,993,1188,1006,1161,1007,1136,1005,968,1205,986,1183,1006,1173,1025,1179,1048,1176,1083,1189,1124,1213,1084,1226,1049,1230,1026,1229,1004,1226,985,1218,980,1203,1005,1196,1026,1199,1048,1199,1109,1209,1048,1204,1026,1204,1006,1200
1944,h,1,1,831,881,1277,1327,64.8,896,1010,889,1062,889,1115,893,1167,902,1218,920,1265,946,1306,983,1337,1033,1350,1093,1348,1153,1332,1206,1307,1250,1269,1278,1218,1294,1159,1304,1097,1314,1034,908,951,922,920,956,913,990,919,1019,937,1076,938,1116,921,1164,920,1208,932,1238,963,1041,983,1034,1014,1026,1044,1018,1076,984,1119,1004,1126,1025,1132,1052,1129,1078,1125,936,997,954,985,976,985,1000,997,976,1000,954,1000,1111,1000,1138,990,1164,993,1188,1006,1161,1007,1136,1005,968,1205,986,1183,1006,1173,1025,1179,1048,1176,1083,1189,1124,1213,1084,1226,1049,1230,1026,1229,1004,1226,985,1218,980,1203,1005,1196,1026,1199,1048,1199,1109,1209,1048,1204,1026,1204,1006,1200
1945,h,1,1,831,881,1277,1327,64.83333333333333,890,1006,887,1062,890,1117,895,1171,906,1221,926,1265,954,1302,990,1332,1041,1343,1100,1340,1158,1325,1209,1301,1252,1264,1281,1214,1298,1156,1310,1094,1321,1030,894,945,913,913,951,904,990,909,1023,925,1084,925,1127,909,1176,908,1222,922,1252,957,1048,970,1042,1001,1035,1030,1028,1063,990,1108,1011,1114,1034,1119,1061,1117,1086,1114,926,987,949,975,975,975,1000,988,974,991,949,992,1117,990,1147,978,1175,981,1201,994,1173,998,1145,996,968,1195,991,1172,1013,1161,1033,1168,1056,1164,1091,1179,1133,1203,1092,1218,1057,1223,1032,1223,1010,1220,989,1212,981,1192,1012,1184,1033,1187,1057,1187,1118,1199,1057,1195,1033,1195,1012,1192
1946,h,1,1,831,881,1277,1327,64.86666666666666,883,1018,883,1070,888,1121,894,1173,907,1220,931,1260,961,1293,999,1320,1051,1331,1109,1325,1163,1306,1212,1279,1253,1242,1280,1192,1296,1133,1306,1072,1316,1011,887,948,910,919,948,915,987,919,1021,934,1079,930,1119,911,1166,907,1211,915,1245,942,1049,971,1046,999,1042,1026,1037,1056,999,1103,1020,1108,1042,1111,1067,1108,1092,1106,920,986,943,969,972,968,997,987,971,992,943,993,1116,986,1143,967,1174,968,1199,985,1174,992,1145,992,971,1184,997,1162,1022,1151,1040,1157,1062,1153,1098,1168,1138,1191,1097,1209,1062,1212,1039,1212,1019,1209,993,1204,985,1182,1022,1175,1040,1178,1062,1177,1122,1188,1061,1184,1039,1183,1021,1181
1947,h,1,1,831,881,1277,1327,64.9,883,1018,883,1070,888,1121,894,1173,907,1220,931,1260,961,1293,999,1320,1051,1331,1109,1325,1163,1306,1212,1279,1253,1242,1280,1192,1296,1133,1306,1072,1316,1011,887,948,910,919,948,915,987,919,1021,934,1079,930,1119,911,1166,907,1211,915,1245,942,1049,971,1046,999,1042,1026,1037,1056,999,1103,1020,1108,1042,1111,1067,1108,1092,1106,920,986,943,969,972,968,997,987,971,992,943,993,1116,986,1143,967,1174,968,1199,985,1174,992,1145,992,971,1184,997,1162,1022,1151,1040,1157,1062,1153,1098,1168,1138,1191,1097,1209,1062,1212,1039,1212,1019,1209,993,1204,985,1182,1022,1175,1040,1178,1062,1177,1122,1188,1061,1184,1039,1183,1021,1181
1948,h,1,1,831,881,1277,1327,64.93333333333334,884,1011,885,1066,890,1119,897,1172,910,1220,934,1259,966,1291,1006,1316,1057,1326,1114,1320,1168,1305,1216,1281,1257,1245,1284,1196,1301,1138,1312,1077,1323,1013,892,936,912,903,949,893,990,895,1024,911,1090,910,1130,892,1177,890,1221,902,1253,933,1055,959,1051,987,1047,1014,1042,1044,1004,1095,1025,1100,1046,1102,1071,1100,1096,1098,926,977,948,961,977,960,1003,978,976,983,948,984,1122,979,1149,961,1179,963,1205,980,1179,986,1150,985,977,1179,1003,1155,1027,1143,1045,1149,1066,1145,1102,1161,1145,1186,1102,1203,1067,1205,1044,1204,1025,1202,1000,1196,990,1177,1027,1168,1045,1171,1067,1170,1128,1183,1066,1176,1045,1175,1026,1173
1949,h,1,1,831,831,1277,1277,64.96666666666667,896,996,891,1048,893,1102,898,1156,907,1207,927,1251,958,1286,998,1312,1051,1322,1110,1317,1169,1300,1221,1275,1262,1236,1290,1185,1306,1127,1316,1066,1323,1002,904,923,922,889,959,879,997,884,1031,899,1095,898,1136,882,1182,879,1226,893,1255,926,1062,947,1057,977,1052,1007,1046,1039,1007,1086,1027,1093,1050,1097,1076,1093,1101,1089,941,966,963,956,986,955,1011,964,987,966,964,968,1128,964,1155,956,1179,959,1202,970,1177,971,1153,969,983,1177,1006,1151,1029,1138,1047,1144,1069,1141,1100,1156,1139,1182,1100,1193,1068,1196,1044,1197,1024,1194,1003,1190,995,1173,1028,1163,1047,1166,1069,1165,1124,1177,1068,1169,1045,1169,1027,1167
1950,h,1,1,831,831,1277,1277,65.0,897,988,892,1041,895,1094,899,1147,907,1199,925,1243,955,1278,996,1304,1051,1315,1112,1314,1173,1300,1224,1273,1265,1235,1292,1183,1308,1125,1317,1063,1323,1000,909,913,927,881,962,870,1000,874,1033,891,1102,892,1143,876,1189,874,1231,889,1258,922,1064,938,1059,969,1054,999,1049,1032,1012,1078,1031,1084,1053,1089,1078,1086,1102,1083,943,956,965,947,988,946,1012,955,988,958,965,959,1134,956,1160,948,1184,952,1207,963,1182,965,1158,962,989,1170,1011,1144,1034,1130,1051,1137,1072,1133,1103,1150,1141,1176,1102,1188,1070,1191,1047,1192,1028,1189,1008,1184,1001,1166,1032,1156,1050,1159,1071,1159,1126,1171,1070,1164,1049,1163,1031,1161
1951,h,1,1,831,831,1277,1277,65.03333333333333,897,988,892,1041,895,1094,899,1147,907,1199,925,1243,955,1278,996,1304,1051,1315,1112,1314,1173,1300,1224,1273,1265,1235,1292,1183,1308,1125,1317,1063,1323,1000,909,913,927,881,962,870,1000,874,1033,891,1102,892,1143,876,1189,874,1231,889,1258,922,1064,938,1059,969,1054,999,1049,1032,1012,1078,1031,1084,1053,1089,1078,1086,1102,1083,943,956,965,947,988,946,1012,955,988,958,965,959,1134,956,1160,948,1184,952,1207,963,1182,965,1158,962,989,1170,1011,1144,1034,1130,1051,1137,1072,1133,1103,1150,1141,1176,1102,1188,1070,1191,1047,1192,1028,1189,1008,1184,1001,1166,1032,1156,1050,1159,1071,1159,1126,1171,1070,1164,1049,1163,1031,1161
1952,h,1,1,831,831,1277,1277,65.06666666666666,885,980,881,1034,881,1091,886,1147,901,1198,925,1240,959,1275,1002,1301,1058,1311,1117,1306,1174,1289,1225,1264,1266,1227,1294,1176,1309,1118,1319,1058,1326,995,907,909,926,875,964,865,1004,870,1039,886,1103,887,1144,871,1189,869,1232,884,1258,917,1069,936,1065,966,1061,995,1056,1026,1015,1074,1036,1080,1058,1085,1083,1082,1107,1079,942,952,966,943,990,943,1014,953,990,956,965,957,1135,955,1162,945,1186,949,1209,960,1185,963,1160,960,985,1166,1011,1140,1036,1126,1055,1132,1078,1129,1110,1145,1148,1171,1108,1184,1076,1188,1051,1188,1030,1186,1008,1181,998,1163,1035,1152,1054,1155,1078,1155,1132,1167,1076,1158,1052,1158,1033,1156
1953,h,1,1,831,831,1277,1277,65.1,861,982,860,1040,864,1101,874,1158,893,1209,922,1251,961,1283,1007,1306,1066,1312,1126,1306,1183,1285,1233,1257,1270,1216,1291,1164,1303,1107,1310,1047,1315,987,890,914,912,879,953,866,997,868,1036,884,1103,886,1144,870,1189,868,1231,881,1256,914,1068,934,1067,963,1065,991,1063,1021,1019,1073,1041,1078,1063,1081,1087,1078,1110,1074,929,954,955,944,981,942,1008,951,982,956,956,958,1131,950,1159,941,1185,944,1208,956,1184,958,1158,956,989,1166,1016,1139,1042,1123,1060,1129,1081,1125,1112,1142,1149,1166,1113,1179,1081,1182,1058,1183,1038,1180,1014,1176,1003,1162,1041,1150,1059,1153,1081,1152,1134,1162,1081,1153,1059,1153,1040,1151
1954,h,1,1,831,831,1277,1277,65.13333333333334,868,981,868,1039,873,1097,882,1154,900,1205,928,1246,968,1274,1015,1294,1073,1301,1131,1294,1186,1277,1236,1251,1271,1211,1292,1160,1305,1102,1312,1042,1317,981,892,915,913,879,953,866,996,868,1034,884,1106,884,1146,867,1190,864,1231,877,1256,909,1070,934,1069,962,1067,988,1066,1017,1020,1071,1043,1075,1065,1077,1090,1075,1114,1072,931,954,956,943,982,941,1009,952,984,956,956,958,1133,951,1161,938,1187,941,1211,953,1187,957,1160,955,992,1162,1019,1134,1044,1119,1062,1125,1084,1121,1115,1138,1151,1164,1116,1175,1084,1177,1061,1178,1041,1176,1017,1173,1005,1158,1043,1146,1062,1149,1084,1148,1136,1160,1084,1149,1062,1149,1043,1148
1955,h,1,1,831,831,1277,1277,65.16666666666667,868,981,868,1039,873,1097,882,1154,900,1205,928,1246,968,1274,1015,1294,1073,1301,1131,1294,1186,1277,1236,1251,1271,1211,1292,1160,1305,1102,1312,1042,1317,981,892,915,913,879,953,866,996,868,1034,884,1106,884,1146,867,1190,864,1231,877,1256,909,1070,934,1069,962,1067,988,1066,1017,1020,1071,1043,1075,1065,1077,1090,1075,1114,1072,931,954,956,943,982,941,1009,952,984,956,956,958,1133,951,1161,938,1187,941,1211,953,1187,957,1160,955,992,1162,1019,1134,1044,1119,1062,1125,1084,1121,1115,1138,1151,1164,1116,1175,1084,1177,1061,1178,1041,1176,1017,1173,1005,1158,1043,1146,1062,1149,1084,1148,1136,1160,1084,1149,1062,1149,1043,1148
1956,h,1,1,831,831,1277,1277,65.2,871,977,871,1035,876,1094,886,1150,904,1201,933,1241,972,1272,1019,1295,1077,1303,1136,1294,1191,1275,1241,1248,1277,1208,1298,1156,1309,1099,1316,1039,1322,978,895,914,915,878,955,863,999,864,1036,879,1107,878,1149,863,1194,861,1235,875,1261,908,1072,928,1071,956,1069,984,1067,1014,1023,1066,1045,1071,1067,1074,1092,1071,1114,1067,935,952,960,942,985,940,1011,949,987,953,961,956,1137,947,1164,937,1190,939,1212,951,1189,954,1164,952,995,1159,1022,1132,1046,1118,1064,1124,1085,1119,1117,1136,1154,1160,1118,1172,1087,1174,1064,1174,1044,1172,1022,1169,1009,1155,1045,1144,1064,1146,1086,1145,1139,1156,1086,1147,1065,1147,1046,1145
1957,h,1,1,831,831,1277,1277,65.23333333333333,887,981,887,1036,891,1092,898,1146,911,1195,934,1235,970,1266,1017,1289,1076,1297,1138,1292,1195,1274,1243,1246,1276,1205,1296,1154,1307,1098,1315,1041,1321,981,901,911,920,874,959,860,1003,860,1041,875,1105,876,1148,861,1195,860,1238,876,1263,912,1074,926,1072,954,1069,981,1066,1011,1024,1061,1045,1066,1067,1070,1093,1067,1116,1064,939,948,963,937,989,935,1015,946,990,950,965,952,1139,946,1167,935,1192,938,1215,951,1192,953,1166,951,995,1158,1021,1129,1045,1114,1064,1121,1086,1117,1118,1134,1156,1160,1119,1168,1088,1168,1063,1169,1042,1167,1020,1165,1008,1154,1045,1140,1064,1142,1087,1142,1140,1155,1087,1144,1064,1144,1044,1142
1958,h,1,1,881,831,1327,1277,65.26666666666667,898,990,896,1044,898,1097,903,1150,915,1199,938,1240,974,1271,1017,1293,1069,1302,1126,1299,1182,1286,1233,1265,1273,1230,1300,1182,1315,1125,1325,1064,1332,1002,926,910,944,878,979,865,1017,866,1050,880,1119,880,1158,864,1203,864,1245,879,1273,914,1080,926,1076,954,1071,981,1065,1011,1029,1064,1048,1068,1070,1071,1094,1069,1118,1066,962,952,981,934,1006,931,1030,950,1006,953,981,955,1145,949,1170,931,1197,933,1220,953,1196,956,1169,953,998,1156,1022,1128,1048,1113,1067,1118,1086,1115,1118,1130,1159,1157,1119,1168,1088,1170,1066,1171,1046,1169,1021,1167,1011,1152,1048,1139,1067,1141,1087,1140,1144,1153,1087,1143,1067,1143,1047,1142
1959,h,1,1,881,831,1327,1277,65.3,898,990,896,1044,898,1097,903,1150,915,1199,938,1240,974,1271,1017,1293,1069,1302,1126,1299,1182,1286,1233,1265,1273,1230,1300,1182,1315,1125,1325,1064,1332,1002,926,910,944,878,979,865,1017,866,1050,880,1119,880,1158,864,1203,864,1245,879,1273,914,1080,926,1076,954,1071,981,1065,1011,1029,1064,1048,1068,1070,1071,1094,1069,1118,1066,962,952,981,934,1006,931,1030,950,1006,953,981,955,1145,949,1170,931,1197,933,1220,953,1196,956,1169,953,998,1156,1022,1128,1048,1113,1067,1118,1086,1115,1118,1130,1159,1157,1119,1168,1088,1170,1066,1171,1046,1169,1021,1167,1011,1152,1048,1139,1067,1141,1087,1140,1144,1153,1087,1143,1067,1143,1047,1142
1960,h,1,1,881,831,1327,1277,65.33333333333333,888,987,888,1043,892,1099,899,1153,914,1202,938,1244,973,1276,1019,1298,1073,1309,1132,1304,1190,1290,1241,1265,1279,1226,1304,1175,1319,1117,1329,1054,1335,991,912,910,931,874,969,859,1011,859,1049,874,1114,873,1155,858,1203,857,1248,873,1275,911,1079,924,1075,951,1071,979,1066,1009,1029,1063,1049,1067,1071,1070,1096,1068,1120,1064,954,949,976,937,1001,934,1026,946,1001,949,977,951,1146,944,1171,932,1197,934,1221,948,1196,950,1170,948,1000,1154,1024,1126,1049,1110,1069,1115,1089,1112,1120,1128,1162,1156,1122,1167,1091,1168,1069,1169,1048,1166,1024,1163,1013,1150,1049,1135,1069,1137,1090,1137,1145,1152,1090,1142,1070,1141,1049,1139
1961,h,1,1,881,831,1327,1277,65.36666666666666,876,977,876,1035,878,1092,886,1148,904,1197,933,1236,972,1267,1019,1290,1075,1301,1134,1295,1189,1277,1238,1251,1275,1212,1298,1161,1310,1104,1320,1042,1327,979,908,905,928,869,967,854,1009,855,1047,870,1116,871,1156,856,1201,854,1244,870,1269,908,1081,924,1078,951,1076,978,1072,1007,1030,1060,1052,1065,1075,1068,1100,1066,1124,1062,952,944,975,930,1000,928,1025,944,1000,948,975,948,1143,944,1168,928,1194,930,1218,945,1193,949,1167,947,1000,1151,1027,1122,1051,1108,1071,1113,1090,1110,1121,1127,1162,1153,1123,1166,1093,1167,1072,1168,1050,1164,1027,1161,1014,1146,1051,1132,1072,1135,1091,1135,1146,1149,1092,1139,1072,1139,1052,1136
1962,h,1,1,881,831,1327,1277,65.4,876,977,876,1035,878,1092,886,1148,904,1197,933,1236,972,1267,1019,1290,1075,1301,1134,1295,1189,1277,1238,1251,1275,1212,1298,1161,1310,1104,1320,1042,1327,979,908,905,928,869,967,854,1009,855,1047,870,1116,871,1156,856,1201,854,1244,870,1269,908,1081,924,1078,951,1076,978,1072,1007,1030,1060,1052,1065,1075,1068,1100,1066,1124,1062,952,944,975,930,1000,928,1025,944,1000,948,975,948,1143,944,1168,928,1194,930,1218,945,1193,949,1167,947,1000,1151,1027,1122,1051,1108,1071,1113,1090,1110,1121,1127,1162,1153,1123,1166,1093,1167,1072,1168,1050,1164,1027,1161,1014,1146,1051,1132,1072,1135,1091,1135,1146,1149,1092,1139,1072,1139,1052,1136
1963,h,1,1,881,831,1327,1277,65.43333333333334,899,985,897,1039,899,1092,904,1145,917,1194,940,1236,975,1268,1017,1291,1070,1301,1128,1299,1185,1285,1237,1263,1278,1227,1306,1178,1321,1120,1331,1059,1339,997,923,904,941,871,977,856,1015,857,1050,870,1122,870,1164,857,1210,856,1253,873,1280,910,1083,922,1079,950,1073,977,1067,1006,1031,1059,1051,1063,1072,1067,1097,1064,1121,1061,963,946,983,930,1008,928,1032,943,1008,947,983,949,1151,943,1177,929,1205,931,1229,948,1203,951,1176,948,999,1152,1023,1122,1049,1106,1069,1111,1089,1108,1123,1124,1164,1153,1124,1166,1091,1168,1069,1169,1048,1167,1023,1163,1013,1147,1049,1133,1069,1134,1090,1133,1148,1149,1091,1142,1070,1142,1049,1140
1964,h,1,1,881,831,1327,1277,65.46666666666667,895,984,896,1039,898,1092,904,1145,917,1193,941,1233,976,1262,1020,1283,1073,1292,1131,1289,1187,1277,1238,1254,1277,1219,1302,1171,1316,1115,1326,1055,1335,992,917,905,937,870,975,856,1015,857,1053,872,1120,871,1161,856,1208,854,1253,871,1279,911,1082,919,1079,946,1074,973,1069,1002,1033,1058,1052,1061,1074,1063,1098,1061,1122,1058,960,945,981,927,1007,925,1030,943,1006,946,981,948,1148,943,1173,926,1201,927,1225,946,1200,950,1172,948,1000,1148,1027,1121,1052,1105,1072,1110,1091,1106,1123,1122,1164,1148,1124,1159,1093,1160,1072,1161,1051,1159,1026,1157,1013,1143,1052,1130,1072,1132,1092,1130,1149,1144,1092,1135,1072,1135,1052,1134
1965,h,1,1,881,831,1327,1277,65.5,896,968,897,1024,900,1079,905,1133,917,1183,942,1223,977,1254,1020,1277,1073,1288,1130,1283,1186,1269,1235,1246,1273,1211,1298,1164,1312,1109,1324,1050,1335,989,920,902,940,868,977,855,1018,857,1056,870,1126,873,1169,861,1215,861,1258,875,1284,911,1089,925,1083,950,1077,975,1071,1001,1035,1051,1054,1055,1075,1059,1098,1058,1122,1056,964,941,985,924,1011,924,1035,942,1010,947,984,947,1153,945,1178,927,1206,930,1231,947,1206,953,1178,951,1005,1142,1030,1116,1054,1102,1074,1108,1094,1105,1127,1120,1167,1147,1128,1160,1095,1160,1073,1159,1053,1157,1029,1154,1020,1138,1054,1125,1074,1127,1094,1127,1151,1143,1095,1134,1074,1133,1054,1131
1966,h,1,1,881,831,1327,1277,65.53333333333333,896,968,897,1024,900,1079,905,1133,917,1183,942,1223,977,1254,1020,1277,1073,1288,1130,1283,1186,1269,1235,1246,1273,1211,1298,1164,1312,1109,1324,1050,1335,989,920,902,940,868,977,855,1018,857,1056,870,1126,873,1169,861,1215,861,1258,875,1284,911,1089,925,1083,950,1077,975,1071,1001,1035,1051,1054,1055,1075,1059,1098,1058,1122,1056,964,941,985,924,1011,924,1035,942,1010,947,984,947,1153,945,1178,927,1206,930,1231,947,1206,953,1178,951,1005,1142,1030,1116,1054,1102,1074,1108,1094,1105,1127,1120,1167,1147,1128,1160,1095,1160,1073,1159,1053,1157,1029,1154,1020,1138,1054,1125,1074,1127,1094,1127,1151,1143,1095,1134,1074,1133,1054,1131
1967,h,1,1,881,831,1327,1277,65.56666666666666,894,981,895,1038,900,1092,906,1145,918,1192,943,1231,979,1260,1023,1281,1077,1291,1134,1288,1189,1273,1238,1250,1277,1213,1303,1167,1317,1112,1328,1053,1337,990,916,900,937,865,974,851,1015,851,1054,863,1124,865,1166,853,1213,854,1256,871,1281,909,1086,917,1083,944,1079,971,1074,999,1036,1053,1056,1057,1077,1060,1101,1058,1125,1056,961,939,983,923,1009,922,1032,940,1008,944,982,944,1150,942,1174,925,1202,927,1227,945,1202,950,1174,947,1003,1143,1031,1116,1056,1101,1076,1107,1095,1103,1127,1120,1169,1146,1128,1159,1096,1160,1075,1160,1054,1157,1029,1155,1016,1139,1056,1126,1077,1129,1096,1128,1153,1143,1095,1133,1076,1133,1056,1131
1968,h,1,1,881,831,1327,1277,65.6,894,973,895,1029,898,1083,902,1137,914,1187,939,1228,974,1259,1020,1282,1075,1292,1134,1288,1191,1274,1240,1251,1279,1215,1302,1168,1315,1112,1326,1053,1335,990,921,897,943,864,980,850,1021,851,1059,865,1124,868,1165,854,1212,855,1255,873,1280,913,1087,917,1084,944,1080,970,1075,999,1038,1053,1058,1057,1079,1060,1102,1058,1125,1056,965,939,986,922,1012,921,1034,940,1010,943,985,944,1150,943,1175,925,1203,927,1226,947,1202,950,1174,948,1003,1144,1031,1115,1058,1099,1077,1105,1096,1101,1127,1118,1168,1146,1128,1158,1097,1157,1077,1158,1055,1156,1030,1154,1018,1140,1058,1125,1077,1126,1097,1126,1152,1142,1096,1131,1077,1131,1057,1130
1969,h,1,1,881,831,1327,1277,65.63333333333334,889,977,892,1034,896,1089,903,1143,917,1191,944,1230,981,1259,1028,1278,1084,1287,1142,1283,1198,1269,1245,1244,1280,1207,1302,1159,1314,1104,1324,1045,1332,985,916,899,938,864,976,849,1018,848,1055,862,1126,862,1167,848,1213,849,1255,867,1279,904,1089,915,1086,942,1083,967,1079,995,1039,1050,1060,1054,1082,1057,1106,1055,1129,1052,962,940,985,923,1011,922,1034,940,1010,944,984,945,1152,940,1176,923,1204,925,1229,942,1204,947,1177,945,1007,1141,1035,1112,1061,1095,1082,1100,1103,1097,1135,1114,1174,1143,1137,1154,1106,1155,1083,1156,1060,1153,1035,1151,1022,1136,1061,1121,1082,1123,1104,1123,1159,1139,1104,1128,1083,1128,1061,1126
1970,h,1,1,881,831,1327,1277,65.66666666666667,889,977,892,1034,896,1089,903,1143,917,1191,944,1230,981,1259,1028,1278,1084,1287,1142,1283,1198,1269,1245,1244,1280,1207,1302,1159,1314,1104,1324,1045,1332,985,916,899,938,864,976,849,1018,848,1055,862,1126,862,1167,848,1213,849,1255,867,1279,904,1089,915,1086,942,1083,967,1079,995,1039,1050,1060,1054,1082,1057,1106,1055,1129,1052,962,940,985,923,1011,922,1034,940,1010,944,984,945,1152,940,1176,923,1204,925,1229,942,1204,947,1177,945,1007,1141,1035,1112,1061,1095,1082,1100,1103,1097,1135,1114,1174,1143,1137,1154,1106,1155,1083,1156,1060,1153,1035,1151,1022,1136,1061,1121,1082,1123,1104,1123,1159,1139,1104,1128,1083,1128,1061,1126
1971,h,1,1,881,831,1327,1277,65.7,896,982,898,1038,901,1092,908,1145,922,1192,949,1229,987,1255,1032,1275,1085,1284,1143,1280,1196,1266,1243,1244,1279,1208,1302,1161,1314,1106,1323,1048,1331,986,926,902,944,866,981,851,1021,851,1058,864,1128,865,1167,853,1211,854,1252,870,1274,908,1089,916,1087,941,1084,966,1081,993,1042,1047,1062,1051,1084,1054,1107,1053,1131,1050,967,938,987,920,1014,919,1037,939,1013,942,987,943,1152,940,1176,920,1204,921,1227,941,1204,945,1176,944,1009,1135,1038,1107,1064,1093,1084,1097,1104,1094,1135,1111,1174,1140,1136,1150,1104,1150,1083,1151,1062,1148,1037,1146,1025,1132,1063,1118,1084,1120,1104,1120,1158,1136,1103,1125,1084,1124,1063,1122
1972,h,1,1,881,831,1327,1277,65.73333333333333,892,973,896,1031,901,1087,907,1142,922,1191,949,1231,986,1260,1033,1280,1088,1288,1147,1283,1202,1267,1251,1241,1287,1204,1309,1156,1320,1100,1330,1042,1338,980,918,895,938,860,976,844,1018,842,1056,857,1132,859,1172,845,1217,846,1259,863,1281,902,1093,910,1090,937,1087,963,1083,992,1044,1044,1065,1048,1087,1051,1111,1049,1133,1047,966,933,988,917,1014,916,1037,932,1013,936,988,937,1156,933,1180,918,1207,920,1230,937,1207,940,1180,938,1008,1135,1038,1105,1066,1089,1085,1094,1105,1091,1137,1108,1177,1137,1139,1150,1107,1151,1086,1152,1064,1150,1037,1147,1023,1131,1065,1114,1085,1116,1106,1115,1162,1133,1106,1126,1086,1126,1065,1124
1973,h,1,1,881,831,1327,1277,65.76666666666667,894,981,897,1039,902,1093,909,1145,925,1192,952,1229,991,1255,1038,1272,1089,1279,1144,1275,1199,1261,1245,1239,1279,1204,1300,1159,1312,1107,1321,1052,1330,993,922,905,942,868,980,852,1024,851,1063,865,1136,868,1177,855,1222,857,1262,875,1285,915,1094,915,1092,938,1089,960,1086,985,1045,1040,1065,1044,1087,1048,1111,1046,1134,1043,962,937,987,918,1016,917,1040,938,1014,941,986,942,1157,941,1184,921,1213,923,1236,945,1212,948,1183,945,1008,1129,1038,1100,1066,1085,1086,1090,1107,1087,1139,1104,1179,1133,1141,1146,1108,1147,1086,1148,1064,1145,1037,1143,1024,1126,1065,1109,1086,1111,1106,1111,1163,1129,1107,1123,1086,1122,1066,1121
1974,h,1,1,881,831,1327,1277,65.8,894,981,897,1039,902,1093,909,1145,925,1192,952,1229,991,1255,1038,1272,1089,1279,1144,1275,1199,1261,1245,1239,1279,1204,1300,1159,1312,1107,1321,1052,1330,993,922,905,942,868,980,852,1024,851,1063,865,1136,868,1177,855,1222,857,1262,875,1285,915,1094,915,1092,938,1089,960,1086,985,1045,1040,1065,1044,1087,1048,1111,1046,1134,1043,962,937,987,918,1016,917,1040,938,1014,941,986,942,1157,941,1184,921,1213,923,1236,945,1212,948,1183,945,1008,1129,1038,1100,1066,1085,1086,1090,1107,1087,1139,1104,1179,1133,1141,1146,1108,1147,1086,1148,1064,1145,1037,1143,1024,1126,1065,1109,1086,1111,1106,1111,1163,1129,1107,1123,1086,1122,1066,1121
1975,h,1,1,881,831,1327,1277,65.83333333333333,893,970,896,1028,900,1083,906,1137,921,1185,949,1224,987,1250,1034,1268,1088,1276,1145,1271,1200,1256,1248,1233,1284,1197,1305,1150,1316,1096,1325,1039,1333,978,928,893,949,859,987,846,1027,847,1064,862,1133,864,1170,849,1214,848,1254,863,1278,899,1093,907,1091,931,1088,956,1084,982,1045,1038,1066,1042,1087,1044,1110,1043,1132,1041,969,928,991,911,1018,910,1041,930,1017,933,990,933,1157,930,1181,912,1208,912,1232,931,1208,935,1181,934,1009,1126,1039,1097,1067,1081,1086,1086,1105,1083,1137,1101,1176,1129,1138,1142,1106,1142,1086,1142,1065,1140,1038,1138,1024,1122,1067,1107,1086,1109,1105,1109,1160,1125,1105,1117,1086,1116,1066,1115
1976,h,1,1,881,831,1327,1277,65.86666666666666,892,981,895,1037,901,1090,909,1141,925,1188,953,1225,994,1250,1041,1267,1093,1277,1148,1271,1202,1256,1249,1232,1283,1195,1306,1146,1317,1092,1325,1034,1332,974,916,897,936,860,974,845,1017,843,1056,856,1132,857,1172,844,1217,844,1258,861,1281,900,1092,907,1091,931,1090,955,1088,980,1047,1034,1068,1038,1089,1042,1112,1040,1134,1037,961,932,984,914,1012,913,1036,932,1011,935,984,936,1155,933,1180,915,1208,915,1232,934,1208,938,1180,936,1011,1122,1040,1093,1068,1077,1087,1082,1107,1079,1140,1097,1180,1126,1142,1142,1109,1143,1088,1142,1066,1140,1039,1137,1026,1119,1067,1102,1088,1104,1107,1104,1164,1123,1108,1120,1088,1119,1067,1117
1977,h,1,1,881,831,1327,1277,65.9,892,981,895,1037,901,1090,909,1141,925,1188,953,1225,994,1250,1041,1267,1093,1277,1148,1271,1202,1256,1249,1232,1283,1195,1306,1146,1317,1092,1325,1034,1332,974,916,897,936,860,974,845,1017,843,1056,856,1132,857,1172,844,1217,844,1258,861,1281,900,1092,907,1091,931,1090,955,1088,980,1047,1034,1068,1038,1089,1042,1112,1040,1134,1037,961,932,984,914,1012,913,1036,932,1011,935,984,936,1155,933,1180,915,1208,915,1232,934,1208,938,1180,936,1011,1122,1040,1093,1068,1077,1087,1082,1107,1079,1140,1097,1180,1126,1142,1142,1109,1143,1088,1142,1066,1140,1039,1137,1026,1119,1067,1102,1088,1104,1107,1104,1164,1123,1108,1120,1088,1119,1067,1117
1978,h,1,1,881,831,1327,1277,65.93333333333334,904,986,904,1039,906,1091,914,1141,930,1187,958,1223,999,1249,1045,1266,1098,1272,1152,1266,1204,1251,1252,1229,1287,1193,1309,1147,1319,1095,1326,1040,1333,983,939,910,959,873,996,853,1038,853,1074,866,1137,863,1176,845,1220,844,1260,863,1283,902,1103,913,1100,937,1098,959,1096,984,1056,1035,1077,1039,1097,1041,1119,1040,1141,1037,982,944,1002,925,1030,924,1055,944,1029,946,1003,948,1160,939,1185,919,1212,919,1236,938,1213,942,1186,942,1014,1118,1045,1088,1074,1074,1093,1079,1114,1076,1149,1093,1187,1122,1151,1138,1116,1141,1094,1141,1073,1139,1045,1134,1030,1115,1074,1099,1094,1101,1114,1102,1173,1119,1115,1118,1094,1117,1074,1115
1979,h,1,1,881,831,1327,1277,65.96666666666667,896,973,899,1030,902,1085,910,1137,927,1183,953,1221,993,1248,1040,1266,1093,1272,1148,1266,1201,1252,1249,1230,1286,1193,1307,1145,1317,1090,1324,1033,1332,974,930,907,950,868,989,849,1034,848,1072,861,1136,859,1176,842,1221,842,1261,860,1285,899,1101,907,1099,931,1097,954,1095,979,1053,1033,1074,1036,1095,1038,1118,1036,1140,1034,971,937,994,916,1022,915,1048,937,1022,941,993,942,1158,933,1183,911,1212,911,1236,930,1214,936,1185,936,1012,1117,1044,1089,1075,1074,1094,1078,1113,1075,1148,1091,1189,1119,1150,1137,1116,1140,1095,1140,1074,1139,1044,1135,1028,1114,1075,1098,1094,1100,1113,1099,1175,1116,1114,1117,1095,1117,1075,1116
1980,h,1,1,881,831,1327,1277,66.0,895,966,898,1023,902,1078,908,1131,924,1179,951,1218,989,1245,1036,1262,1087,1271,1142,1266,1196,1253,1244,1232,1279,1198,1302,1152,1313,1098,1322,1041,1333,982,931,891,952,857,989,842,1031,842,1067,857,1137,857,1175,841,1219,841,1259,858,1282,898,1097,904,1094,927,1090,950,1086,975,1048,1029,1067,1034,1088,1037,1111,1035,1134,1031,973,928,995,910,1022,909,1045,929,1021,932,994,933,1157,930,1182,911,1210,912,1234,932,1210,936,1181,934,1010,1116,1041,1088,1069,1073,1088,1077,1107,1073,1139,1089,1178,1118,1141,1134,1109,1136,1088,1137,1068,1135,1041,1132,1025,1113,1068,1094,1088,1095,1107,1095,1163,1114,1108,1114,1089,1114,1069,1113
1981,h,1,1,881,831,1327,1277,66.03333333333333,895,966,898,1023,902,1078,908,1131,924,1179,951,1218,989,1245,1036,1262,1087,1271,1142,1266,1196,1253,1244,1232,1279,1198,1302,1152,1313,1098,1322,1041,1333,982,931,891,952,857,989,842,1031,842,1067,857,1137,857,1175,841,1219,841,1259,858,1282,898,1097,904,1094,927,1090,950,1086,975,1048,1029,1067,1034,1088,1037,1111,1035,1134,1031,973,928,995,910,1022,909,1045,929,1021,932,994,933,1157,930,1182,911,1210,912,1234,932,1210,936,1181,934,1010,1116,1041,1088,1069,1073,1088,1077,1107,1073,1139,1089,1178,1118,1141,1134,1109,1136,1088,1137,1068,1135,1041,1132,1025,1113,1068,1094,1088,1095,1107,1095,1163,1114,1108,1114,1089,1114,1069,1113
1982,h,1,1,881,831,1327,1277,66.06666666666666,894,975,898,1031,902,1084,908,1136,924,1184,952,1220,994,1244,1042,1261,1096,1269,1153,1263,1206,1249,1254,1226,1288,1192,1309,1145,1319,1092,1327,1037,1336,979,929,895,948,858,985,840,1028,837,1066,849,1135,850,1177,838,1222,840,1263,861,1285,903,1098,902,1096,925,1093,947,1090,972,1049,1027,1070,1031,1092,1034,1115,1032,1137,1030,974,929,996,909,1023,908,1045,929,1022,931,996,932,1158,929,1183,909,1211,911,1234,932,1211,934,1183,932,1012,1117,1041,1087,1070,1071,1090,1075,1110,1072,1142,1089,1183,1118,1145,1131,1112,1133,1091,1134,1070,1133,1042,1130,1027,1113,1070,1096,1090,1097,1110,1097,1168,1115,1111,1112,1091,1111,1071,1111
1983,h,1,1,881,782,1327,1228,66.1,894,963,895,1020,898,1076,906,1129,922,1177,949,1213,989,1239,1038,1255,1095,1263,1155,1257,1210,1243,1258,1221,1291,1185,1310,1137,1320,1083,1327,1026,1333,967,923,883,944,846,982,827,1026,826,1064,841,1132,841,1172,826,1217,828,1258,847,1279,887,1096,896,1094,920,1092,944,1090,970,1047,1025,1069,1028,1091,1031,1115,1029,1139,1026,970,920,992,904,1017,902,1041,918,1017,922,992,923,1158,918,1182,903,1208,905,1230,922,1207,924,1181,922,1014,1113,1043,1083,1071,1066,1090,1072,1109,1067,1140,1085,1179,1116,1141,1122,1111,1122,1090,1123,1069,1121,1043,1120,1028,1108,1070,1094,1090,1096,1109,1096,1164,1111,1110,1097,1090,1097,1071,1095
1984,h,1,1,881,782,1327,1228,66.13333333333334,887,965,889,1022,893,1076,900,1129,917,1176,946,1211,989,1236,1039,1252,1098,1259,1158,1254,1214,1241,1262,1217,1294,1180,1311,1131,1319,1076,1325,1019,1330,961,917,886,936,847,975,827,1019,824,1059,841,1131,843,1171,827,1216,827,1256,847,1276,887,1094,895,1093,919,1092,942,1090,968,1047,1022,1069,1026,1092,1028,1115,1026,1139,1022,966,919,989,905,1014,903,1038,918,1014,921,989,922,1157,917,1181,903,1206,905,1228,920,1205,922,1180,921,1013,1112,1042,1083,1069,1067,1090,1072,1109,1068,1142,1085,1181,1114,1144,1121,1113,1121,1092,1122,1070,1120,1043,1119,1027,1107,1069,1092,1090,1094,1110,1094,1166,1109,1111,1098,1091,1098,1070,1096
1985,h,1,1,881,782,1327,1228,66.16666666666667,887,965,889,1022,893,1076,900,1129,917,1176,946,1211,989,1236,1039,1252,1098,1259,1158,1254,1214,1241,1262,1217,1294,1180,1311,1131,1319,1076,1325,1019,1330,961,917,886,936,847,975,827,1019,824,1059,841,1131,843,1171,827,1216,827,1256,847,1276,887,1094,895,1093,919,1092,942,1090,968,1047,1022,1069,1026,1092,1028,1115,1026,1139,1022,966,919,989,905,1014,903,1038,918,1014,921,989,922,1157,917,1181,903,1206,905,1228,920,1205,922,1180,921,1013,1112,1042,1083,1069,1067,1090,1072,1109,1068,1142,1085,1181,1114,1144,1121,1113,1121,1092,1122,1070,1120,1043,1119,1027,1107,1069,1092,1090,1094,1110,1094,1166,1109,1111,1098,1091,1098,1070,1096
1986,h,1,1,881,782,1327,1228,66.2,894,967,895,1022,899,1076,906,1127,921,1174,947,1210,988,1235,1037,1252,1094,1258,1154,1254,1211,1241,1258,1217,1290,1180,1309,1132,1318,1078,1324,1022,1328,965,920,883,940,845,978,824,1022,822,1060,839,1128,838,1167,823,1212,825,1252,844,1274,883,1094,893,1093,917,1091,941,1089,967,1048,1022,1069,1025,1091,1028,1114,1025,1138,1023,969,918,991,904,1015,902,1038,916,1015,919,991,921,1156,916,1179,903,1204,904,1226,919,1203,921,1179,919,1011,1113,1042,1082,1069,1066,1090,1071,1112,1067,1143,1085,1182,1115,1145,1120,1113,1121,1091,1122,1068,1120,1041,1119,1026,1108,1069,1092,1091,1093,1112,1093,1168,1109,1112,1097,1090,1097,1068,1095
1987,h,1,1,881,782,1327,1228,66.23333333333333,892,960,893,1017,898,1071,905,1123,920,1171,946,1209,987,1236,1035,1252,1092,1259,1152,1255,1210,1241,1258,1216,1290,1179,1309,1130,1318,1077,1325,1020,1329,962,922,884,941,846,979,827,1021,824,1060,839,1129,838,1170,824,1215,825,1255,844,1277,882,1093,891,1091,916,1088,940,1085,967,1045,1023,1067,1026,1089,1028,1112,1026,1136,1023,970,918,991,905,1015,902,1037,915,1015,918,992,920,1158,913,1180,901,1205,903,1226,916,1204,918,1180,917,1011,1111,1040,1082,1068,1066,1088,1071,1106,1066,1138,1084,1178,1111,1140,1119,1110,1120,1089,1120,1067,1119,1041,1117,1025,1106,1067,1092,1088,1094,1107,1094,1164,1107,1108,1096,1089,1096,1068,1094
1988,h,1,1,881,782,1327,1228,66.26666666666667,877,953,879,1010,882,1065,890,1119,909,1167,939,1203,982,1231,1033,1247,1091,1253,1150,1248,1206,1235,1255,1213,1288,1177,1307,1129,1316,1073,1321,1016,1325,958,910,879,931,840,973,821,1019,821,1060,839,1128,839,1169,823,1214,824,1255,843,1277,882,1092,892,1091,917,1089,940,1087,967,1043,1022,1066,1025,1089,1027,1113,1025,1137,1023,957,912,981,901,1008,900,1034,914,1008,917,981,917,1156,915,1180,902,1205,903,1228,918,1205,920,1179,919,1006,1111,1039,1081,1068,1065,1088,1071,1108,1066,1140,1084,1179,1112,1140,1118,1109,1118,1088,1118,1066,1117,1039,1117,1021,1106,1067,1091,1088,1092,1108,1092,1164,1107,1109,1094,1089,1093,1068,1092
1989,h,1,1,881,782,1327,1228,66.3,877,953,879,1010,882,1065,890,1119,909,1167,939,1203,982,1231,1033,1247,1091,1253,1150,1248,1206,1235,1255,1213,1288,1177,1307,1129,1316,1073,1321,1016,1325,958,910,879,931,840,973,821,1019,821,1060,839,1128,839,1169,823,1214,824,1255,843,1277,882,1092,892,1091,917,1089,940,1087,967,1043,1022,1066,1025,1089,1027,1113,1025,1137,1023,957,912,981,901,1008,900,1034,914,1008,917,981,917,1156,915,1180,902,1205,903,1228,918,1205,920,1179,919,1006,1111,1039,1081,1068,1065,1088,1071,1108,1066,1140,1084,1179,1112,1140,1118,1109,1118,1088,1118,1066,1117,1039,1117,1021,1106,1067,1091,1088,1092,1108,1092,1164,1107,1109,1094,1089,1093,1068,1092
1990,h,1,1,881,782,1327,1228,66.33333333333333,890,963,892,1019,895,1072,903,1126,918,1173,945,1209,984,1237,1034,1254,1092,1261,1153,1256,1209,1242,1257,1218,1290,1181,1310,1132,1319,1077,1325,1019,1329,961,913,883,933,845,972,824,1016,823,1056,839,1126,837,1167,823,1213,825,1254,845,1275,885,1090,894,1088,917,1086,941,1084,966,1043,1023,1065,1025,1087,1027,1111,1025,1135,1022,965,919,986,905,1012,903,1036,918,1012,921,986,923,1154,916,1177,902,1202,903,1226,919,1202,922,1177,921,1007,1112,1038,1081,1066,1064,1087,1069,1106,1065,1138,1082,1180,1112,1140,1119,1109,1119,1088,1119,1066,1118,1039,1117,1022,1107,1066,1090,1087,1091,1107,1091,1165,1107,1107,1094,1087,1094,1066,1093
1991,h,1,1,881,782,1327,1228,66.36666666666666,889,965,890,1020,894,1073,901,1126,915,1173,942,1211,982,1239,1034,1254,1093,1259,1153,1253,1210,1239,1258,1215,1291,1178,1309,1130,1317,1076,1322,1020,1327,962,913,882,932,844,971,824,1015,821,1053,838,1126,833,1167,820,1213,822,1254,843,1273,885,1089,892,1087,916,1084,939,1082,964,1041,1021,1063,1023,1085,1024,1109,1022,1134,1020,963,922,985,907,1009,905,1034,919,1010,921,985,923,1153,917,1175,902,1200,903,1223,919,1200,921,1175,919,1010,1112,1039,1079,1066,1062,1087,1066,1107,1063,1139,1080,1180,1111,1141,1117,1110,1117,1088,1117,1066,1116,1040,1116,1025,1106,1066,1089,1087,1091,1108,1090,1165,1106,1108,1093,1087,1092,1066,1091
1992,h,1,1,881,782,1327,1228,66.4,889,965,890,1020,894,1073,901,1126,915,1173,942,1211,982,1239,1034,1254,1093,1259,1153,1253,1210,1239,1258,1215,1291,1178,1309,1130,1317,1076,1322,1020,1327,962,913,882,932,844,971,824,1015,821,1053,838,1126,833,1167,820,1213,822,1254,843,1273,885,1089,892,1087,916,1084,939,1082,964,1041,1021,1063,1023,1085,1024,1109,1022,1134,1020,963,922,985,907,1009,905,1034,919,1010,921,985,923,1153,917,1175,902,1200,903,1223,919,1200,921,1175,919,1010,1112,1039,1079,1066,1062,1087,1066,1107,1063,1139,1080,1180,1111,1141,1117,1110,1117,1088,1117,1066,1116,1040,1116,1025,1106,1066,1089,1087,1091,1108,1090,1165,1106,1108,1093,1087,1092,1066,1091
1993,h,1,1,881,782,1327,1228,66.43333333333334,874,958,877,1013,881,1068,889,1121,906,1169,936,1206,980,1234,1032,1250,1088,1256,1147,1250,1204,1239,1252,1216,1286,1180,1305,1133,1314,1080,1321,1024,1326,966,901,881,921,840,964,819,1011,818,1052,837,1122,838,1164,822,1212,823,1256,845,1277,888,1085,894,1084,917,1083,939,1082,964,1037,1022,1060,1024,1083,1026,1108,1024,1132,1021,951,918,976,902,1003,901,1031,918,1003,921,975,922,1148,919,1174,903,1202,904,1227,922,1201,925,1173,923,1002,1111,1033,1079,1063,1063,1084,1066,1103,1062,1136,1079,1177,1108,1138,1115,1107,1116,1086,1117,1063,1116,1035,1116,1017,1106,1063,1089,1084,1089,1104,1088,1161,1104,1105,1093,1086,1092,1064,1091
1994,h,1,1,881,782,1327,1228,66.46666666666667,884,962,886,1017,890,1070,897,1122,912,1168,938,1204,978,1230,1028,1244,1087,1251,1149,1246,1206,1233,1255,1210,1289,1174,1308,1127,1316,1074,1321,1017,1324,960,907,881,927,843,966,824,1011,822,1049,839,1120,836,1161,821,1208,822,1250,842,1272,883,1084,892,1083,915,1081,938,1079,963,1039,1021,1060,1023,1083,1024,1107,1022,1132,1020,956,917,978,903,1003,901,1029,916,1004,918,978,920,1151,914,1174,899,1200,900,1224,917,1200,919,1174,917,1003,1110,1034,1078,1063,1061,1084,1065,1104,1060,1136,1076,1177,1106,1138,1112,1107,1113,1085,1114,1063,1113,1036,1113,1017,1105,1063,1087,1085,1088,1105,1087,1161,1101,1105,1089,1085,1089,1063,1088
1995,h,1,1,881,782,1327,1228,66.5,893,966,894,1019,896,1071,901,1121,914,1168,939,1205,981,1231,1032,1244,1088,1250,1147,1245,1203,1234,1252,1212,1285,1177,1304,1131,1312,1078,1318,1023,1324,966,928,885,944,850,978,831,1017,828,1052,840,1123,836,1163,824,1207,825,1246,843,1268,880,1086,894,1084,916,1081,937,1078,960,1041,1018,1061,1020,1082,1023,1105,1021,1128,1018,968,922,987,903,1013,901,1035,920,1013,923,987,924,1149,918,1170,897,1197,897,1220,916,1198,920,1172,919,1009,1108,1036,1076,1063,1059,1083,1063,1102,1059,1135,1074,1175,1104,1137,1110,1106,1109,1085,1111,1064,1110,1038,1110,1022,1102,1063,1087,1083,1087,1103,1086,1161,1100,1104,1087,1084,1087,1064,1088
1996,h,1,1,881,782,1327,1228,66.53333333333333,893,966,894,1019,896,1071,901,1121,914,1168,939,1205,981,1231,1032,1244,1088,1250,1147,1245,1203,1234,1252,1212,1285,1177,1304,1131,1312,1078,1318,1023,1324,966,928,885,944,850,978,831,1017,828,1052,840,1123,836,1163,824,1207,825,1246,843,1268,880,1086,894,1084,916,1081,937,1078,960,1041,1018,1061,1020,1082,1023,1105,1021,1128,1018,968,922,987,903,1013,901,1035,920,1013,923,987,924,1149,918,1170,897,1197,897,1220,916,1198,920,1172,919,1009,1108,1036,1076,1063,1059,1083,1063,1102,1059,1135,1074,1175,1104,1137,1110,1106,1109,1085,1111,1064,1110,1038,1110,1022,1102,1063,1087,1083,1087,1103,1086,1161,1100,1104,1087,1084,1087,1064,1088
1997,h,1,1,881,782,1327,1228,66.56666666666666,893,974,894,1026,897,1077,902,1125,915,1170,942,1205,985,1226,1037,1239,1093,1245,1152,1241,1207,1230,1255,1207,1288,1173,1307,1126,1315,1074,1320,1019,1325,965,925,884,941,846,976,827,1016,824,1053,837,1122,833,1164,821,1209,822,1250,840,1271,880,1088,893,1086,914,1084,933,1081,955,1043,1014,1064,1016,1085,1019,1108,1017,1132,1016,967,922,988,904,1014,902,1038,921,1014,924,988,925,1150,919,1174,900,1201,900,1224,919,1202,922,1175,922,1008,1104,1037,1072,1065,1057,1085,1061,1105,1057,1138,1074,1178,1103,1140,1109,1107,1108,1086,1108,1065,1106,1038,1107,1021,1099,1065,1084,1085,1085,1106,1084,1164,1099,1105,1086,1085,1085,1065,1084
1998,h,1,1,881,782,1327,1228,66.6,889,969,891,1022,895,1074,901,1125,916,1170,942,1206,983,1230,1032,1243,1089,1249,1147,1245,1203,1233,1252,1212,1285,1177,1305,1130,1313,1078,1320,1022,1324,966,923,881,941,844,975,826,1016,823,1052,835,1123,832,1163,821,1206,822,1247,841,1268,879,1086,889,1084,912,1081,934,1078,959,1040,1013,1061,1016,1083,1019,1107,1017,1130,1014,967,918,986,899,1010,897,1032,914,1011,917,987,919,1151,912,1172,894,1198,895,1221,913,1198,915,1173,915,1008,1104,1036,1073,1064,1056,1083,1060,1101,1056,1134,1073,1176,1103,1136,1109,1105,1108,1085,1108,1065,1107,1038,1108,1022,1099,1064,1083,1084,1084,1103,1083,1161,1099,1103,1085,1084,1084,1065,1084
1999,h,1,1,881,782,1327,1228,66.63333333333334,893,967,893,1020,896,1072,900,1122,914,1168,940,1204,982,1229,1031,1242,1086,1248,1143,1244,1198,1234,1247,1214,1281,1180,1301,1134,1310,1081,1317,1026,1323,970,925,884,941,845,976,826,1016,824,1053,836,1128,833,1169,822,1213,823,1251,841,1272,880,1089,889,1087,910,1084,930,1081,953,1042,1011,1062,1014,1083,1016,1107,1014,1130,1012,968,918,988,900,1014,898,1038,917,1014,920,988,921,1151,914,1174,895,1201,897,1224,916,1201,918,1174,917,1007,1101,1036,1072,1063,1055,1083,1058,1102,1055,1134,1072,1175,1101,1136,1107,1104,1105,1083,1105,1062,1104,1037,1105,1021,1096,1063,1080,1083,1081,1102,1080,1160,1096,1103,1085,1083,1084,1063,1083
2000,h,1,1,881,782,1327,1228,66.66666666666667,893,967,893,1020,896,1072,900,1122,914,1168,940,1204,982,1229,1031,1242,1086,1248,1143,1244,1198,1234,1247,1214,1281,1180,1301,1134,1310,1081,1317,1026,1323,970,925,884,941,845,976,826,1016,824,1053,836,1128,833,1169,822,1213,823,1251,841,1272,880,1089,889,1087,910,1084,930,1081,953,1042,1011,1062,1014,1083,1016,1107,1014,1130,1012,968,918,988,900,1014,898,1038,917,1014,920,988,921,1151,914,1174,895,1201,897,1224,916,1201,918,1174,917,1007,1101,1036,1072,1063,1055,1083,1058,1102,1055,1134,1072,1175,1101,1136,1107,1104,1105,1083,1105,1062,1104,1037,1105,1021,1096,1063,1080,1083,1081,1102,1080,1160,1096,1103,1085,1083,1084,1063,1083
2001,h,1,1,881,782,1327,1228,66.7,896,967,895,1020,897,1072,900,1121,913,1167,939,1202,982,1225,1031,1239,1085,1246,1144,1243,1200,1234,1249,1213,1282,1179,1302,1134,1312,1082,1319,1028,1325,972,927,885,943,846,977,827,1017,825,1054,837,1126,836,1168,824,1213,826,1253,845,1275,885,1091,892,1088,913,1085,932,1081,955,1042,1011,1063,1015,1084,1018,1108,1016,1132,1014,969,920,989,901,1015,899,1038,918,1015,922,989,922,1153,918,1176,900,1203,901,1225,920,1203,923,1176,922,1008,1101,1037,1071,1064,1054,1084,1057,1102,1055,1135,1072,1176,1102,1137,1111,1105,1110,1084,1110,1064,1108,1037,1108,1022,1097,1064,1078,1084,1079,1103,1079,1160,1098,1103,1090,1084,1088,1064,1088
2002,h,1,1,881,782,1327,1228,66.73333333333333,889,958,890,1013,893,1065,898,1116,912,1162,938,1199,980,1222,1030,1237,1087,1243,1145,1238,1202,1228,1252,1207,1285,1173,1303,1125,1311,1073,1318,1019,1323,963,921,875,941,840,977,824,1018,823,1054,837,1130,838,1170,825,1214,827,1253,845,1274,884,1090,893,1088,914,1085,934,1081,956,1043,1012,1063,1015,1085,1017,1108,1016,1132,1014,963,918,986,901,1013,900,1038,919,1012,922,985,922,1152,919,1176,901,1204,902,1228,920,1204,924,1176,923,1004,1103,1036,1071,1066,1053,1085,1057,1105,1053,1139,1071,1180,1102,1141,1113,1107,1113,1086,1114,1065,1112,1037,1111,1020,1098,1066,1080,1085,1080,1105,1080,1165,1098,1107,1092,1087,1090,1067,1090
2003,h,1,1,881,782,1327,1228,66.76666666666667,893,966,894,1020,896,1073,901,1122,914,1168,940,1202,982,1225,1032,1238,1089,1244,1147,1239,1203,1229,1251,1209,1285,1176,1304,1129,1311,1079,1317,1025,1322,970,926,886,942,847,977,826,1018,824,1055,837,1128,838,1167,823,1210,825,1249,844,1269,885,1090,892,1088,913,1085,932,1082,955,1043,1012,1064,1014,1085,1017,1108,1015,1132,1013,968,922,989,903,1015,901,1039,920,1015,923,988,924,1150,920,1175,901,1202,902,1224,920,1202,924,1175,923,1005,1104,1037,1071,1066,1053,1086,1057,1105,1053,1139,1070,1179,1101,1140,1108,1108,1107,1087,1107,1066,1106,1038,1108,1020,1098,1066,1080,1086,1080,1105,1079,1164,1097,1106,1084,1087,1083,1067,1084
2004,h,1,1,881,782,1327,1228,66.8,893,966,894,1020,896,1073,901,1122,914,1168,940,1202,982,1225,1032,1238,1089,1244,1147,1239,1203,1229,1251,1209,1285,1176,1304,1129,1311,1079,1317,1025,1322,970,926,886,942,847,977,826,1018,824,1055,837,1128,838,1167,823,1210,825,1249,844,1269,885,1090,892,1088,913,1085,932,1082,955,1043,1012,1064,1014,1085,1017,1108,1015,1132,1013,968,922,989,903,1015,901,1039,920,1015,923,988,924,1150,920,1175,901,1202,902,1224,920,1202,924,1175,923,1005,1104,1037,1071,1066,1053,1086,1057,1105,1053,1139,1070,1179,1101,1140,1108,1108,1107,1087,1107,1066,1106,1038,1108,1020,1098,1066,1080,1086,1080,1105,1079,1164,1097,1106,1084,1087,1083,1067,1084
2005,h,1,1,881,782,1327,1228,66.83333333333333,894,971,894,1024,896,1076,902,1126,916,1172,942,1207,981,1231,1030,1245,1085,1251,1144,1246,1198,1236,1247,1215,1281,1181,1301,1135,1311,1083,1319,1028,1325,971,925,885,941,847,976,827,1017,823,1054,835,1129,834,1169,822,1213,825,1251,844,1272,884,1089,889,1086,911,1084,932,1081,955,1042,1011,1062,1015,1084,1018,1107,1016,1131,1013,967,919,988,900,1013,898,1037,917,1013,919,988,920,1151,916,1176,898,1202,899,1226,918,1202,920,1175,919,1003,1105,1034,1071,1064,1054,1084,1058,1104,1054,1138,1071,1179,1103,1139,1111,1106,1112,1085,1112,1063,1111,1034,1111,1016,1099,1063,1080,1084,1081,1104,1080,1164,1098,1105,1091,1085,1090,1063,1089
2006,h,1,1,881,782,1327,1228,66.86666666666666,894,969,893,1020,894,1070,899,1120,912,1164,937,1200,977,1224,1026,1238,1082,1244,1140,1241,1197,1232,1247,1212,1280,1178,1300,1134,1310,1084,1316,1031,1322,978,924,883,941,844,977,823,1018,820,1056,833,1127,831,1167,820,1211,824,1251,844,1271,885,1088,888,1086,910,1083,931,1080,954,1040,1009,1061,1012,1083,1016,1106,1013,1130,1011,966,918,987,899,1014,897,1037,917,1013,920,987,920,1151,917,1175,898,1202,900,1225,920,1202,922,1174,920,999,1100,1031,1069,1062,1053,1082,1056,1101,1052,1136,1070,1178,1099,1137,1108,1103,1108,1082,1108,1061,1107,1032,1107,1014,1096,1061,1080,1082,1081,1101,1080,1163,1096,1102,1083,1082,1082,1061,1083
2007,h,1,1,881,782,1327,1228,66.9,894,969,893,1020,894,1070,899,1120,912,1164,937,1200,977,1224,1026,1238,1082,1244,1140,1241,1197,1232,1247,1212,1280,1178,1300,1134,1310,1084,1316,1031,1322,978,924,883,941,844,977,823,1018,820,1056,833,1127,831,1167,820,1211,824,1251,844,1271,885,1088,888,1086,910,1083,931,1080,954,1040,1009,1061,1012,1083,1016,1106,1013,1130,1011,966,918,987,899,1014,897,1037,917,1013,920,987,920,1151,917,1175,898,1202,900,1225,920,1202,922,1174,920,999,1100,1031,1069,1062,1053,1082,1056,1101,1052,1136,1070,1178,1099,1137,1108,1103,1108,1082,1108,1061,1107,1032,1107,1014,1096,1061,1080,1082,1081,1101,1080,1163,1096,1102,1083,1082,1082,1061,1083
2008,h,1,1,881,782,1327,1228,66.93333333333334,894,963,892,1017,894,1069,899,1120,913,1166,938,1202,978,1226,1027,1240,1083,1245,1141,1240,1198,1229,1247,1208,1281,1175,1299,1130,1309,1080,1317,1027,1323,972,926,884,942,845,979,825,1021,823,1059,837,1130,837,1170,823,1213,824,1253,842,1273,884,1089,891,1086,912,1083,931,1079,954,1040,1010,1061,1014,1082,1016,1106,1014,1130,1011,967,919,988,900,1013,899,1037,918,1013,921,987,922,1150,918,1175,898,1201,899,1224,919,1201,921,1174,920,1000,1102,1033,1070,1062,1053,1082,1056,1101,1052,1135,1070,1176,1100,1136,1108,1103,1108,1082,1109,1061,1108,1033,1108,1015,1097,1062,1080,1082,1081,1102,1080,1162,1095,1102,1083,1082,1082,1062,1083
2009,h,1,1,881,782,1327,1228,66.96666666666667,891,963,891,1017,893,1069,898,1118,912,1164,937,1200,978,1225,1028,1239,1086,1243,1145,1237,1201,1225,1250,1204,1282,1171,1300,1125,1308,1075,1314,1022,1320,968,924,878,943,841,978,823,1019,822,1057,834,1128,834,1169,822,1213,822,1252,841,1273,882,1089,891,1087,912,1084,931,1081,953,1042,1010,1063,1013,1084,1015,1107,1013,1131,1011,965,919,987,900,1014,898,1037,919,1013,922,986,922,1150,918,1175,899,1203,899,1225,919,1203,923,1175,922,1000,1102,1033,1070,1064,1052,1084,1056,1104,1052,1139,1070,1179,1101,1140,1110,1106,1110,1085,1110,1063,1109,1033,1109,1016,1097,1064,1079,1085,1079,1105,1079,1163,1097,1105,1087,1085,1086,1064,1086
2010,h,1,1,881,782,1327,1228,67.0,893,966,891,1017,893,1069,898,1119,911,1165,936,1201,977,1225,1027,1239,1084,1244,1142,1238,1198,1228,1247,1207,1281,1174,1300,1128,1308,1077,1315,1024,1319,970,930,884,947,846,981,827,1021,826,1057,840,1125,839,1164,824,1208,825,1248,844,1268,885,1088,892,1085,912,1082,931,1078,954,1039,1009,1060,1012,1082,1015,1107,1013,1131,1010,969,920,989,901,1013,899,1036,918,1013,920,989,921,1151,918,1174,899,1199,900,1222,919,1199,921,1173,919,1001,1101,1032,1070,1062,1053,1083,1057,1103,1052,1137,1069,1176,1100,1138,1107,1105,1108,1083,1109,1061,1107,1032,1107,1014,1096,1062,1080,1083,1081,1104,1080,1161,1095,1104,1083,1083,1083,1061,1083
2011,h,1,1,881,782,1327,1228,67.03333333333333,893,966,891,1017,893,1069,898,1119,911,1165,936,1201,977,1225,1027,1239,1084,1244,1142,1238,1198,1228,1247,1207,1281,1174,1300,1128,1308,1077,1315,1024,1319,970,930,884,947,846,981,827,1021,826,1057,840,1125,839,1164,824,1208,825,1248,844,1268,885,1088,892,1085,912,1082,931,1078,954,1039,1009,1060,1012,1082,1015,1107,1013,1131,1010,969,920,989,901,1013,899,1036,918,1013,920,989,921,1151,918,1174,899,1199,900,1222,919,1199,921,1173,919,1001,1101,1032,1070,1062,1053,1083,1057,1103,1052,1137,1069,1176,1100,1138,1107,1105,1108,1083,1109,1061,1107,1032,1107,1014,1096,1062,1080,1083,1081,1104,1080,1161,1095,1104,1083,1083,1083,1061,1083
2012,h,1,1,881,782,1327,1228,67.06666666666666,881,961,883,1014,886,1067,893,1118,907,1164,934,1199,976,1222,1025,1236,1080,1243,1140,1240,1197,1229,1247,1207,1282,1171,1302,1125,1311,1072,1316,1017,1321,961,912,878,930,841,966,822,1009,818,1049,830,1122,829,1162,818,1205,821,1245,840,1266,878,1083,888,1082,909,1079,928,1077,951,1036,1010,1057,1013,1080,1015,1104,1013,1128,1011,957,914,979,897,1006,896,1030,915,1005,918,978,918,1146,914,1170,896,1197,896,1221,915,1197,918,1169,917,998,1099,1030,1069,1060,1053,1081,1057,1101,1053,1135,1069,1177,1099,1136,1108,1102,1108,1081,1108,1058,1106,1030,1106,1014,1095,1059,1077,1082,1078,1101,1078,1161,1094,1102,1086,1082,1085,1059,1084
2013,h,1,1,881,782,1327,1228,67.1,890,964,890,1017,891,1069,896,1119,910,1165,936,1201,978,1224,1026,1238,1082,1244,1141,1240,1196,1230,1247,1210,1281,1178,1301,1133,1311,1080,1317,1024,1321,969,927,883,944,845,978,824,1018,823,1055,835,1123,834,1162,821,1207,824,1247,844,1268,884,1085,888,1083,909,1080,928,1076,951,1037,1007,1058,1010,1080,1013,1104,1011,1128,1009,968,916,987,896,1012,895,1035,915,1011,918,986,918,1147,916,1171,896,1197,897,1220,917,1197,920,1170,918,1002,1100,1031,1068,1059,1052,1079,1056,1098,1052,1132,1069,1173,1098,1133,1105,1100,1104,1079,1104,1058,1102,1032,1103,1015,1094,1058,1078,1079,1078,1099,1078,1158,1094,1099,1082,1079,1080,1058,1080
2014,h,1,1,881,782,1327,1228,67.13333333333334,880,954,881,1010,884,1063,890,1116,905,1164,933,1201,975,1225,1026,1240,1084,1246,1145,1241,1201,1228,1251,1206,1284,1170,1302,1123,1310,1069,1316,1013,1321,955,915,881,933,842,969,821,1011,818,1050,832,1118,832,1158,819,1203,819,1244,839,1266,880,1082,883,1081,905,1079,927,1077,952,1037,1008,1058,1011,1080,1013,1103,1011,1126,1009,963,912,983,895,1007,893,1029,909,1006,913,983,914,1146,908,1168,892,1193,893,1216,910,1193,912,1168,912,1001,1100,1031,1068,1059,1052,1079,1055,1098,1052,1131,1070,1172,1098,1132,1104,1101,1102,1081,1102,1058,1101,1032,1103,1015,1094,1059,1077,1080,1078,1099,1078,1157,1094,1100,1079,1080,1078,1059,1078
2015,h,1,1,881,782,1327,1228,67.16666666666667,880,954,881,1010,884,1063,890,1116,905,1164,933,1201,975,1225,1026,1240,1084,1246,1145,1241,1201,1228,1251,1206,1284,1170,1302,1123,1310,1069,1316,1013,1321,955,915,881,933,842,969,821,1011,818,1050,832,1118,832,1158,819,1203,819,1244,839,1266,880,1082,883,1081,905,1079,927,1077,952,1037,1008,1058,1011,1080,1013,1103,1011,1126,1009,963,912,983,895,1007,893,1029,909,1006,913,983,914,1146,908,1168,892,1193,893,1216,910,1193,912,1168,912,1001,1100,1031,1068,1059,1052,1079,1055,1098,1052,1131,1070,1172,1098,1132,1104,1101,1102,1081,1102,1058,1101,1032,1103,1015,1094,1059,1077,1080,1078,1099,1078,1157,1094,1100,1079,1080,1078,1059,1078
2016,h,1,1,881,782,1327,1228,67.2,883,969,884,1021,888,1072,895,1121,910,1165,935,1201,976,1225,1024,1239,1078,1247,1137,1243,1192,1233,1242,1211,1275,1176,1294,1130,1304,1078,1310,1022,1315,965,916,885,931,846,965,824,1007,819,1045,831,1121,831,1160,819,1204,822,1243,842,1264,880,1081,885,1079,907,1076,929,1074,953,1035,1009,1055,1012,1077,1015,1100,1012,1124,1011,960,917,981,899,1006,896,1029,915,1006,918,981,919,1145,913,1168,895,1194,896,1217,915,1194,918,1167,916,998,1100,1028,1068,1057,1051,1077,1054,1095,1050,1130,1068,1172,1098,1132,1110,1098,1112,1078,1113,1057,1112,1029,1110,1013,1096,1057,1077,1077,1077,1096,1077,1156,1094,1097,1090,1078,1089,1057,1089
2017,h,1,1,881,782,1327,1228,67.23333333333333,884,962,884,1016,887,1068,891,1117,905,1164,931,1200,974,1223,1024,1238,1080,1245,1139,1239,1195,1227,1245,1207,1278,1174,1298,1128,1307,1076,1314,1021,1319,966,921,878,939,840,975,821,1016,819,1055,833,1121,832,1162,818,1206,820,1247,839,1269,880,1085,886,1083,907,1079,926,1075,949,1036,1006,1057,1010,1079,1013,1102,1011,1126,1008,965,915,986,895,1012,894,1036,914,1011,916,986,917,1144,913,1169,894,1196,895,1220,915,1196,917,1168,916,996,1097,1028,1066,1058,1049,1078,1053,1096,1049,1131,1067,1173,1096,1132,1109,1098,1110,1079,1110,1057,1108,1028,1106,1011,1093,1058,1074,1078,1074,1096,1074,1157,1093,1098,1088,1078,1087,1058,1087
2018,h,1,1,881,782,1327,1228,67.26666666666667,880,958,882,1012,884,1065,890,1116,905,1162,933,1196,978,1217,1027,1230,1083,1237,1142,1231,1197,1219,1246,1199,1279,1165,1298,1119,1306,1067,1312,1012,1318,956,913,873,933,840,969,823,1010,819,1048,830,1119,829,1159,819,1202,820,1242,836,1264,873,1082,884,1080,905,1078,926,1075,949,1036,1006,1056,1008,1077,1011,1100,1009,1122,1007,960,913,980,895,1005,893,1027,911,1005,913,981,914,1146,910,1167,892,1193,893,1216,911,1193,913,1167,912,999,1096,1029,1065,1057,1048,1077,1051,1096,1048,1130,1066,1170,1096,1132,1105,1099,1105,1079,1106,1058,1104,1030,1103,1014,1091,1057,1074,1077,1075,1096,1074,1155,1092,1098,1084,1079,1083,1058,1083
2019,h,1,1,881,782,1327,1228,67.3,880,958,882,1012,884,1065,890,1116,905,1162,933,1196,978,1217,1027,1230,1083,1237,1142,1231,1197,1219,1246,1199,1279,1165,1298,1119,1306,1067,1312,1012,1318,956,913,873,933,840,969,823,1010,819,1048,830,1119,829,1159,819,1202,820,1242,836,1264,873,1082,884,1080,905,1078,926,1075,949,1036,1006,1056,1008,1077,1011,1100,1009,1122,1007,960,913,980,895,1005,893,1027,911,1005,913,981,914,1146,910,1167,892,1193,893,1216,911,1193,913,1167,912,999,1096,1029,1065,1057,1048,1077,1051,1096,1048,1130,1066,1170,1096,1132,1105,1099,1105,1079,1106,1058,1104,1030,1103,1014,1091,1057,1074,1077,1075,1096,1074,1155,1092,1098,1084,1079,1083,1058,1083
2020,h,1,1,881,782,1327,1228,67.33333333333333,883,961,884,1016,887,1068,893,1120,908,1166,935,1202,977,1224,1026,1237,1081,1244,1140,1239,1195,1228,1246,1208,1279,1173,1298,1127,1308,1074,1315,1018,1320,962,920,876,938,840,972,823,1011,820,1049,830,1121,828,1161,818,1203,819,1243,836,1265,873,1083,883,1081,905,1078,926,1075,949,1039,1006,1058,1008,1079,1010,1101,1008,1124,1007,964,913,984,894,1010,893,1031,913,1009,915,984,915,1146,911,1168,892,1195,892,1218,912,1195,914,1168,913,1001,1097,1031,1064,1060,1047,1079,1051,1098,1047,1133,1065,1173,1096,1135,1107,1100,1107,1080,1108,1059,1106,1031,1105,1016,1092,1060,1073,1080,1073,1098,1073,1158,1092,1099,1086,1080,1084,1060,1084
2021,h,1,1,881,782,1327,1228,67.36666666666666,883,969,883,1021,885,1072,891,1122,908,1166,936,1200,979,1220,1027,1232,1082,1238,1140,1234,1194,1223,1244,1204,1277,1172,1296,1127,1304,1077,1310,1022,1315,968,919,879,937,840,974,820,1016,818,1054,832,1119,831,1158,816,1202,816,1242,834,1266,873,1084,883,1082,904,1080,924,1077,946,1039,1004,1059,1007,1079,1009,1103,1007,1126,1005,963,915,984,895,1011,893,1036,913,1010,916,984,917,1144,912,1168,893,1195,894,1219,914,1196,916,1168,915,1000,1094,1031,1062,1060,1044,1080,1049,1098,1044,1133,1064,1173,1095,1134,1105,1100,1104,1080,1104,1059,1102,1032,1102,1016,1090,1061,1071,1080,1072,1098,1072,1158,1091,1099,1082,1080,1080,1060,1079
2022,h,1,1,881,782,1327,1228,67.4,883,969,883,1021,885,1072,891,1122,908,1166,936,1200,979,1220,1027,1232,1082,1238,1140,1234,1194,1223,1244,1204,1277,1172,1296,1127,1304,1077,1310,1022,1315,968,919,879,937,840,974,820,1016,818,1054,832,1119,831,1158,816,1202,816,1242,834,1266,873,1084,883,1082,904,1080,924,1077,946,1039,1004,1059,1007,1079,1009,1103,1007,1126,1005,963,915,984,895,1011,893,1036,913,1010,916,984,917,1144,912,1168,893,1195,894,1219,914,1196,916,1168,915,1000,1094,1031,1062,1060,1044,1080,1049,1098,1044,1133,1064,1173,1095,1134,1105,1100,1104,1080,1104,1059,1102,1032,1102,1016,1090,1061,1071,1080,1072,1098,1072,1158,1091,1099,1082,1080,1080,1060,1079
2023,h,1,1,881,782,1327,1228,67.43333333333334,879,958,881,1011,883,1063,889,1114,904,1160,931,1196,975,1219,1026,1232,1083,1237,1142,1232,1198,1220,1247,1199,1280,1164,1298,1118,1305,1065,1310,1010,1314,955,914,876,934,841,970,823,1011,820,1049,831,1120,830,1159,817,1202,817,1242,835,1262,874,1082,882,1081,904,1079,925,1077,949,1038,1006,1059,1008,1080,1010,1103,1008,1126,1006,961,913,982,896,1007,893,1029,909,1007,913,982,914,1147,906,1169,891,1194,891,1216,908,1194,911,1169,910,1000,1095,1031,1063,1060,1046,1081,1050,1099,1046,1133,1064,1173,1095,1134,1104,1101,1104,1081,1104,1059,1103,1031,1103,1015,1091,1060,1072,1081,1073,1100,1073,1158,1090,1100,1081,1081,1080,1060,1080
2024,h,1,1,881,782,1327,1228,67.46666666666667,884,964,885,1018,888,1069,894,1120,909,1166,935,1202,978,1224,1027,1237,1083,1243,1141,1239,1196,1229,1245,1208,1277,1173,1296,1126,1305,1073,1311,1017,1316,961,918,874,937,839,973,821,1013,819,1049,830,1122,830,1160,818,1202,818,1241,835,1264,872,1084,883,1083,905,1080,926,1078,950,1040,1008,1060,1010,1081,1011,1103,1010,1125,1009,963,913,984,897,1008,894,1030,909,1008,912,984,913,1148,907,1170,893,1194,894,1216,911,1194,912,1169,910,1000,1097,1030,1064,1060,1047,1080,1050,1099,1047,1133,1065,1173,1097,1134,1105,1101,1105,1081,1105,1059,1103,1031,1103,1016,1092,1060,1073,1080,1073,1099,1073,1158,1092,1100,1083,1081,1081,1060,1081
2025,h,1,1,881,782,1327,1228,67.5,887,971,887,1022,889,1073,895,1122,910,1167,937,1201,980,1223,1031,1234,1086,1238,1144,1232,1197,1222,1246,1202,1277,1170,1296,1127,1304,1078,1309,1026,1314,975,924,881,941,845,976,825,1016,822,1053,834,1125,834,1163,822,1205,823,1243,843,1264,881,1086,888,1084,908,1082,926,1080,948,1040,1007,1061,1009,1082,1011,1104,1009,1127,1007,965,919,987,900,1013,899,1035,918,1011,921,986,922,1146,917,1170,898,1197,900,1220,919,1197,922,1170,920,998,1098,1031,1065,1061,1047,1081,1050,1100,1046,1135,1065,1175,1097,1137,1108,1102,1109,1082,1110,1060,1108,1032,1108,1014,1094,1061,1073,1082,1073,1100,1073,1160,1093,1101,1088,1082,1086,1061,1087
2026,h,1,1,881,782,1327,1228,67.53333333333333,887,971,887,1022,889,1073,895,1122,910,1167,937,1201,980,1223,1031,1234,1086,1238,1144,1232,1197,1222,1246,1202,1277,1170,1296,1127,1304,1078,1309,1026,1314,975,924,881,941,845,976,825,1016,822,1053,834,1125,834,1163,822,1205,823,1243,843,1264,881,1086,888,1084,908,1082,926,1080,948,1040,1007,1061,1009,1082,1011,1104,1009,1127,1007,965,919,987,900,1013,899,1035,918,1011,921,986,922,1146,917,1170,898,1197,900,1220,919,1197,922,1170,920,998,1098,1031,1065,1061,1047,1081,1050,1100,1046,1135,1065,1175,1097,1137,1108,1102,1109,1082,1110,1060,1108,1032,1108,1014,1094,1061,1073,1082,1073,1100,1073,1160,1093,1101,1088,1082,1086,1061,1087
2027,h,1,1,881,782,1327,1228,67.56666666666666,890,965,891,1018,893,1070,897,1120,910,1165,937,1200,979,1222,1029,1235,1085,1239,1143,1234,1197,1224,1246,1205,1280,1172,1300,1128,1307,1078,1313,1026,1318,973,928,884,945,846,981,826,1022,825,1060,836,1129,835,1168,824,1211,825,1249,844,1270,884,1091,892,1089,912,1086,930,1083,951,1044,1007,1064,1010,1085,1013,1108,1011,1131,1009,969,921,990,901,1016,900,1039,920,1015,922,989,923,1151,919,1174,899,1201,900,1223,921,1200,923,1174,922,1004,1101,1034,1068,1064,1050,1084,1053,1104,1049,1138,1065,1176,1097,1139,1108,1106,1110,1086,1111,1064,1110,1035,1110,1019,1096,1064,1074,1085,1075,1104,1074,1161,1093,1105,1089,1085,1089,1064,1090
2028,h,1,1,881,782,1327,1228,67.6,883,972,886,1026,891,1079,899,1130,914,1174,943,1208,988,1227,1038,1238,1092,1242,1149,1238,1203,1226,1250,1206,1283,1172,1301,1128,1309,1077,1314,1023,1319,968,919,883,939,847,976,828,1018,825,1056,838,1126,836,1164,823,1207,823,1247,841,1268,879,1089,893,1087,913,1085,932,1082,954,1043,1015,1064,1016,1086,1017,1109,1015,1132,1014,966,923,989,904,1015,902,1038,922,1014,924,988,925,1149,920,1173,900,1199,900,1222,919,1200,922,1173,921,1005,1105,1036,1073,1065,1054,1086,1057,1104,1053,1138,1071,1178,1100,1140,1108,1108,1106,1088,1107,1066,1107,1037,1109,1020,1100,1066,1081,1086,1081,1105,1081,1162,1096,1106,1083,1087,1082,1067,1083
2029,h,1,1,881,782,1327,1228,67.63333333333334,891,975,890,1027,893,1079,899,1130,915,1175,942,1209,985,1231,1034,1242,1088,1246,1145,1241,1199,1230,1247,1211,1278,1179,1296,1134,1304,1085,1309,1031,1312,977,921,889,940,852,977,831,1018,828,1057,841,1121,841,1160,829,1205,830,1245,852,1264,894,1086,895,1086,916,1084,937,1082,960,1040,1018,1062,1020,1085,1022,1109,1020,1133,1018,968,922,988,907,1011,905,1034,921,1012,921,988,922,1149,921,1172,905,1195,906,1217,922,1195,922,1171,921,1004,1108,1035,1077,1065,1058,1086,1062,1105,1057,1137,1075,1176,1104,1139,1109,1108,1109,1087,1109,1065,1108,1037,1110,1017,1102,1065,1085,1086,1086,1106,1085,1162,1100,1107,1086,1087,1085,1066,1085
2030,h,1,1,881,782,1327,1228,67.66666666666667,891,975,890,1027,893,1079,899,1130,915,1175,942,1209,985,1231,1034,1242,1088,1246,1145,1241,1199,1230,1247,1211,1278,1179,1296,1134,1304,1085,1309,1031,1312,977,921,889,940,852,977,831,1018,828,1057,841,1121,841,1160,829,1205,830,1245,852,1264,894,1086,895,1086,916,1084,937,1082,960,1040,1018,1062,1020,1085,1022,1109,1020,1133,1018,968,922,988,907,1011,905,1034,921,1012,921,988,922,1149,921,1172,905,1195,906,1217,922,1195,922,1171,921,1004,1108,1035,1077,1065,1058,1086,1062,1105,1057,1137,1075,1176,1104,1139,1109,1108,1109,1087,1109,1065,1108,1037,1110,1017,1102,1065,1085,1086,1086,1106,1085,1162,1100,1107,1086,1087,1085,1066,1085
2031,h,1,1,881,782,1327,1228,67.7,888,973,890,1026,893,1078,899,1128,914,1173,939,1208,982,1231,1033,1243,1091,1248,1150,1242,1205,1230,1253,1208,1284,1173,1300,1128,1306,1076,1310,1023,1313,968,919,889,939,853,975,833,1017,831,1055,844,1122,845,1160,831,1204,832,1243,850,1264,888,1086,897,1085,919,1084,941,1083,964,1045,1020,1065,1023,1086,1025,1109,1023,1132,1020,966,928,986,912,1009,909,1032,923,1010,927,987,928,1151,921,1172,906,1196,907,1218,924,1196,925,1172,924,1007,1110,1038,1080,1066,1062,1087,1066,1106,1062,1137,1079,1176,1108,1139,1113,1108,1113,1088,1113,1066,1112,1039,1114,1020,1105,1067,1089,1088,1090,1107,1090,1162,1103,1107,1089,1087,1089,1066,1089
2032,h,1,1,881,831,1327,1277,67.73333333333333,887,976,890,1032,894,1085,902,1137,919,1182,947,1218,989,1242,1037,1258,1091,1267,1148,1260,1201,1245,1247,1221,1280,1184,1298,1136,1307,1084,1313,1030,1319,974,925,904,940,865,975,844,1017,839,1055,851,1131,851,1172,838,1216,839,1256,860,1276,902,1090,902,1088,924,1086,945,1083,969,1043,1025,1064,1028,1087,1032,1110,1028,1134,1024,967,935,989,916,1016,914,1040,933,1016,936,989,937,1151,931,1175,912,1203,913,1226,933,1202,935,1175,933,1011,1113,1041,1083,1070,1066,1089,1069,1108,1065,1141,1082,1180,1110,1144,1124,1112,1127,1091,1128,1070,1127,1043,1126,1026,1109,1069,1090,1090,1091,1108,1090,1165,1107,1110,1105,1091,1104,1071,1104
2033,h,1,1,881,831,1327,1277,67.76666666666667,880,980,886,1035,892,1089,901,1140,920,1184,951,1218,996,1238,1046,1253,1098,1259,1152,1251,1205,1234,1252,1210,1283,1172,1299,1125,1306,1071,1311,1018,1316,962,912,899,936,864,973,848,1016,845,1055,856,1127,857,1164,843,1206,840,1245,855,1271,887,1089,906,1089,928,1088,949,1086,973,1048,1031,1069,1032,1091,1034,1113,1031,1135,1029,961,936,985,919,1013,917,1037,937,1012,939,985,940,1149,932,1173,912,1200,912,1223,929,1201,933,1174,933,1012,1112,1042,1084,1071,1068,1091,1071,1109,1067,1143,1083,1182,1109,1147,1128,1114,1132,1094,1133,1073,1132,1044,1129,1027,1110,1071,1092,1091,1094,1110,1093,1168,1107,1112,1108,1093,1109,1073,1107
2034,h,1,1,881,831,1327,1277,67.8,880,980,886,1035,892,1089,901,1140,920,1184,951,1218,996,1238,1046,1253,1098,1259,1152,1251,1205,1234,1252,1210,1283,1172,1299,1125,1306,1071,1311,1018,1316,962,912,899,936,864,973,848,1016,845,1055,856,1127,857,1164,843,1206,840,1245,855,1271,887,1089,906,1089,928,1088,949,1086,973,1048,1031,1069,1032,1091,1034,1113,1031,1135,1029,961,936,985,919,1013,917,1037,937,1012,939,985,940,1149,932,1173,912,1200,912,1223,929,1201,933,1174,933,1012,1112,1042,1084,1071,1068,1091,1071,1109,1067,1143,1083,1182,1109,1147,1128,1114,1132,1094,1133,1073,1132,1044,1129,1027,1110,1071,1092,1091,1094,1110,1093,1168,1107,1112,1108,1093,1109,1073,1107
2035,h,1,1,881,831,1327,1277,67.83333333333333,888,990,891,1043,896,1093,903,1141,920,1184,948,1218,992,1239,1041,1251,1095,1257,1151,1252,1204,1239,1250,1216,1281,1180,1298,1134,1303,1083,1307,1030,1311,976,920,907,938,869,974,849,1016,845,1055,855,1125,855,1164,842,1208,843,1246,863,1266,904,1088,908,1088,929,1087,949,1086,971,1046,1028,1067,1031,1089,1033,1111,1030,1133,1027,965,938,988,920,1014,918,1037,938,1014,940,987,941,1146,934,1170,915,1197,915,1220,933,1198,937,1170,936,1012,1115,1042,1085,1071,1068,1090,1071,1108,1067,1140,1085,1178,1113,1143,1124,1112,1127,1092,1127,1071,1126,1044,1126,1026,1111,1071,1093,1090,1093,1108,1093,1164,1109,1111,1106,1092,1106,1072,1105
2036,h,1,1,881,831,1327,1277,67.86666666666666,886,987,891,1040,897,1091,905,1140,923,1183,953,1215,1000,1234,1050,1247,1103,1252,1157,1245,1208,1232,1253,1210,1283,1176,1300,1130,1305,1079,1311,1025,1316,970,922,910,942,871,978,852,1020,850,1058,860,1125,857,1164,843,1207,842,1245,860,1268,898,1091,909,1091,930,1090,949,1090,971,1051,1028,1071,1031,1091,1033,1113,1031,1134,1028,968,941,991,922,1019,920,1043,940,1019,945,991,946,1149,936,1172,915,1199,914,1222,933,1201,938,1174,938,1019,1111,1046,1083,1074,1067,1091,1070,1110,1068,1143,1084,1181,1112,1146,1125,1114,1127,1094,1128,1075,1127,1048,1124,1034,1108,1074,1091,1092,1092,1110,1092,1167,1109,1112,1105,1093,1104,1075,1104
2037,h,1,1,881,831,1327,1277,67.9,886,987,891,1040,897,1091,905,1140,923,1183,953,1215,1000,1234,1050,1247,1103,1252,1157,1245,1208,1232,1253,1210,1283,1176,1300,1130,1305,1079,1311,1025,1316,970,922,910,942,871,978,852,1020,850,1058,860,1125,857,1164,843,1207,842,1245,860,1268,898,1091,909,1091,930,1090,949,1090,971,1051,1028,1071,1031,1091,1033,1113,1031,1134,1028,968,941,991,922,1019,920,1043,940,1019,945,991,946,1149,936,1172,915,1199,914,1222,933,1201,938,1174,938,1019,1111,1046,1083,1074,1067,1091,1070,1110,1068,1143,1084,1181,1112,1146,1125,1114,1127,1094,1128,1075,1127,1048,1124,1034,1108,1074,1091,1092,1092,1110,1092,1167,1109,1112,1105,1093,1104,1075,1104
2038,h,1,1,881,831,1327,1277,67.93333333333334,887,1004,891,1055,898,1104,907,1152,926,1194,960,1224,1006,1242,1055,1254,1108,1258,1160,1250,1208,1237,1251,1216,1279,1181,1294,1135,1301,1085,1307,1033,1311,981,925,919,944,881,978,861,1020,857,1057,868,1124,864,1164,849,1207,849,1245,867,1267,906,1090,916,1090,934,1090,952,1089,972,1051,1030,1071,1032,1092,1034,1113,1032,1134,1030,968,952,990,931,1018,929,1043,949,1019,954,991,956,1145,942,1170,921,1198,921,1222,941,1200,946,1171,946,1018,1113,1047,1082,1075,1067,1094,1070,1111,1068,1147,1083,1185,1114,1151,1126,1118,1130,1098,1131,1077,1129,1049,1126,1034,1109,1076,1091,1094,1092,1112,1092,1171,1110,1115,1107,1096,1107,1077,1106
2039,h,1,1,881,831,1327,1277,67.96666666666667,883,990,887,1043,893,1094,902,1143,921,1187,951,1220,996,1239,1047,1253,1101,1258,1156,1251,1207,1236,1251,1213,1280,1177,1295,1131,1301,1081,1306,1027,1311,973,919,910,938,872,973,854,1014,850,1052,861,1121,859,1161,847,1203,846,1242,864,1264,902,1089,909,1088,931,1088,950,1087,973,1046,1028,1067,1031,1089,1034,1111,1032,1134,1029,965,942,987,924,1014,921,1038,940,1014,943,988,945,1146,937,1169,919,1196,920,1219,938,1196,941,1170,940,1014,1114,1043,1084,1071,1067,1089,1070,1107,1068,1141,1085,1179,1115,1143,1126,1112,1127,1092,1127,1072,1126,1046,1124,1030,1110,1071,1092,1090,1093,1108,1093,1164,1110,1110,1105,1091,1103,1072,1103
2040,h,1,1,881,831,1327,1277,68.0,888,1000,890,1051,894,1101,902,1149,921,1191,953,1223,999,1240,1047,1253,1100,1258,1153,1252,1203,1240,1247,1219,1276,1185,1293,1139,1299,1089,1304,1035,1308,981,925,918,942,877,977,857,1017,855,1055,866,1119,863,1159,850,1202,849,1242,869,1262,911,1087,912,1086,932,1085,952,1083,974,1043,1027,1064,1031,1087,1033,1110,1031,1133,1028,967,944,988,925,1014,923,1037,943,1014,945,989,946,1145,939,1167,919,1193,920,1216,939,1194,941,1168,941,1014,1115,1042,1083,1069,1068,1088,1070,1106,1068,1142,1085,1180,1115,1144,1129,1111,1131,1091,1131,1070,1130,1044,1127,1028,1111,1069,1091,1088,1092,1107,1092,1167,1111,1109,1109,1090,1108,1071,1107
2041,h,1,1,881,831,1327,1277,68.03333333333333,888,1000,890,1051,894,1101,902,1149,921,1191,953,1223,999,1240,1047,1253,1100,1258,1153,1252,1203,1240,1247,1219,1276,1185,1293,1139,1299,1089,1304,1035,1308,981,925,918,942,877,977,857,1017,855,1055,866,1119,863,1159,850,1202,849,1242,869,1262,911,1087,912,1086,932,1085,952,1083,974,1043,1027,1064,1031,1087,1033,1110,1031,1133,1028,967,944,988,925,1014,923,1037,943,1014,945,989,946,1145,939,1167,919,1193,920,1216,939,1194,941,1168,941,1014,1115,1042,1083,1069,1068,1088,1070,1106,1068,1142,1085,1180,1115,1144,1129,1111,1131,1091,1131,1070,1130,1044,1127,1028,1111,1069,1091,1088,1092,1107,1092,1167,1111,1109,1109,1090,1108,1071,1107
2042,h,1,1,881,831,1327,1277,68.06666666666666,884,1012,888,1064,895,1114,906,1160,927,1199,960,1228,1005,1243,1052,1253,1103,1258,1155,1252,1202,1240,1246,1219,1275,1185,1292,1140,1298,1090,1302,1039,1305,987,922,917,941,879,975,860,1016,856,1053,866,1118,863,1158,851,1200,852,1238,870,1260,908,1087,913,1087,933,1087,952,1087,974,1049,1031,1069,1033,1090,1035,1112,1032,1132,1030,965,949,987,929,1013,927,1037,946,1013,949,987,951,1144,941,1168,922,1194,923,1217,942,1195,945,1168,943,1016,1116,1044,1086,1072,1069,1091,1072,1110,1069,1143,1086,1181,1115,1147,1127,1115,1129,1095,1130,1075,1129,1046,1128,1030,1112,1073,1093,1092,1093,1111,1093,1167,1111,1113,1108,1094,1107,1074,1107
2043,h,1,1,881,831,1327,1277,68.1,891,1023,894,1071,899,1117,909,1161,927,1200,958,1227,1004,1241,1051,1250,1102,1255,1154,1249,1202,1239,1245,1220,1275,1188,1292,1144,1299,1094,1303,1042,1308,990,923,928,940,889,974,867,1015,861,1052,869,1121,865,1160,852,1203,853,1242,873,1263,913,1087,917,1087,936,1087,954,1087,974,1048,1030,1068,1033,1089,1034,1111,1032,1133,1030,965,956,987,934,1014,931,1040,953,1015,956,988,958,1143,946,1167,924,1194,924,1218,945,1196,948,1168,947,1015,1116,1044,1084,1072,1068,1091,1071,1109,1069,1144,1085,1184,1113,1148,1125,1115,1127,1095,1128,1075,1126,1047,1126,1030,1112,1073,1091,1092,1091,1110,1092,1170,1110,1112,1107,1093,1106,1074,1106
2044,h,1,1,881,831,1327,1277,68.13333333333334,888,1006,891,1057,895,1106,904,1153,922,1194,953,1225,998,1242,1047,1253,1100,1258,1152,1251,1201,1237,1245,1216,1275,1183,1292,1138,1298,1087,1302,1034,1306,980,923,919,940,881,974,860,1013,856,1050,864,1115,861,1155,851,1198,851,1236,869,1257,908,1085,909,1084,930,1084,951,1084,974,1044,1026,1065,1028,1086,1031,1109,1029,1130,1026,968,943,987,924,1011,922,1033,939,1011,941,989,943,1143,935,1164,917,1189,918,1211,936,1189,937,1165,936,1013,1114,1041,1083,1069,1068,1088,1071,1106,1069,1140,1085,1177,1114,1143,1125,1110,1126,1090,1126,1070,1124,1042,1123,1026,1109,1069,1091,1088,1092,1107,1092,1164,1110,1108,1106,1089,1104,1070,1104
2045,h,1,1,881,831,1327,1277,68.16666666666667,888,1006,891,1057,895,1106,904,1153,922,1194,953,1225,998,1242,1047,1253,1100,1258,1152,1251,1201,1237,1245,1216,1275,1183,1292,1138,1298,1087,1302,1034,1306,980,923,919,940,881,974,860,1013,856,1050,864,1115,861,1155,851,1198,851,1236,869,1257,908,1085,909,1084,930,1084,951,1084,974,1044,1026,1065,1028,1086,1031,1109,1029,1130,1026,968,943,987,924,1011,922,1033,939,1011,941,989,943,1143,935,1164,917,1189,918,1211,936,1189,937,1165,936,1013,1114,1041,1083,1069,1068,1088,1071,1106,1069,1140,1085,1177,1114,1143,1125,1110,1126,1090,1126,1070,1124,1042,1123,1026,1109,1069,1091,1088,1092,1107,1092,1164,1110,1108,1106,1089,1104,1070,1104
2046,h,1,1,899,816,1270,1188,68.2,891,985,892,1033,895,1082,899,1129,912,1173,939,1208,982,1228,1031,1240,1086,1242,1143,1237,1194,1224,1242,1205,1275,1174,1294,1132,1300,1084,1304,1034,1308,984,927,908,944,872,979,853,1018,851,1054,862,1116,859,1154,848,1196,847,1234,865,1255,903,1085,909,1084,928,1082,947,1081,969,1042,1023,1063,1025,1084,1027,1106,1024,1128,1022,969,939,989,920,1013,918,1034,936,1013,938,989,940,1144,933,1166,915,1190,915,1212,933,1191,935,1167,934,1005,1115,1035,1083,1065,1064,1084,1068,1104,1064,1134,1079,1169,1106,1134,1114,1105,1116,1084,1118,1063,1118,1036,1120,1019,1109,1065,1090,1085,1090,1104,1088,1154,1103,1104,1092,1084,1093,1064,1094
2047,h,1,1,881,831,1327,1277,68.23333333333333,885,993,888,1045,894,1095,901,1144,917,1186,947,1217,994,1234,1043,1246,1097,1251,1152,1244,1203,1231,1248,1211,1278,1178,1293,1133,1298,1082,1303,1030,1307,977,920,912,939,874,975,854,1016,851,1054,862,1117,859,1157,848,1201,848,1241,866,1262,906,1087,906,1087,927,1086,946,1086,968,1046,1024,1066,1027,1087,1029,1109,1027,1130,1025,967,941,988,923,1012,920,1035,938,1013,940,988,941,1144,934,1166,916,1192,917,1215,935,1192,937,1166,935,1014,1110,1042,1078,1069,1061,1088,1064,1106,1061,1138,1079,1176,1109,1141,1119,1109,1120,1090,1121,1070,1119,1044,1118,1028,1105,1070,1085,1089,1085,1107,1085,1163,1105,1108,1100,1090,1100,1070,1099
2048,h,1,1,899,816,1270,1188,68.26666666666667,890,991,891,1039,893,1087,898,1133,911,1175,939,1207,982,1225,1033,1236,1088,1239,1145,1234,1197,1223,1244,1205,1277,1175,1295,1132,1300,1083,1303,1032,1305,982,924,912,940,873,976,851,1018,848,1057,859,1114,857,1153,844,1196,844,1235,863,1256,901,1085,907,1085,926,1085,945,1084,966,1042,1022,1064,1023,1086,1025,1109,1023,1132,1021,968,938,988,920,1012,917,1035,935,1013,937,989,939,1143,932,1166,913,1190,913,1211,931,1190,932,1166,932,1008,1112,1038,1079,1068,1060,1086,1064,1103,1059,1136,1077,1172,1107,1135,1112,1104,1112,1085,1114,1066,1113,1039,1114,1021,1106,1068,1087,1086,1088,1104,1087,1158,1102,1104,1088,1085,1088,1067,1089
2049,h,1,1,899,816,1270,1188,68.3,890,991,891,1039,893,1087,898,1133,911,1175,939,1207,982,1225,1033,1236,1088,1239,1145,1234,1197,1223,1244,1205,1277,1175,1295,1132,1300,1083,1303,1032,1305,982,924,912,940,873,976,851,1018,848,1057,859,1114,857,1153,844,1196,844,1235,863,1256,901,1085,907,1085,926,1085,945,1084,966,1042,1022,1064,1023,1086,1025,1109,1023,1132,1021,968,938,988,920,1012,917,1035,935,1013,937,989,939,1143,932,1166,913,1190,913,1211,931,1190,932,1166,932,1008,1112,1038,1079,1068,1060,1086,1064,1103,1059,1136,1077,1172,1107,1135,1112,1104,1112,1085,1114,1066,1113,1039,1114,1021,1106,1068,1087,1086,1088,1104,1087,1158,1102,1104,1088,1085,1088,1067,1089
2050,h,1,1,899,816,1270,1188,68.33333333333333,888,978,890,1028,894,1078,898,1125,912,1168,940,1200,983,1219,1033,1231,1088,1235,1146,1230,1197,1217,1244,1197,1277,1166,1294,1121,1299,1072,1303,1021,1306,970,923,906,940,869,975,848,1016,845,1053,855,1114,852,1153,839,1195,839,1234,857,1255,896,1083,904,1083,924,1082,942,1081,963,1042,1020,1063,1021,1084,1022,1107,1019,1129,1018,966,937,986,918,1010,916,1031,933,1011,936,987,937,1143,929,1165,910,1189,910,1210,927,1190,929,1166,929,1008,1110,1038,1077,1067,1058,1085,1061,1104,1056,1135,1073,1172,1102,1136,1106,1106,1108,1086,1109,1066,1109,1039,1111,1022,1103,1066,1085,1086,1085,1105,1084,1158,1097,1105,1084,1086,1085,1066,1086
2051,h,1,1,899,816,1270,1188,68.36666666666666,889,987,891,1035,894,1083,900,1130,914,1171,943,1202,987,1219,1036,1229,1090,1232,1145,1227,1196,1216,1243,1197,1276,1167,1294,1124,1301,1078,1304,1030,1306,981,922,904,940,866,976,846,1017,843,1055,855,1119,853,1158,840,1200,840,1238,858,1259,894,1086,904,1086,923,1086,940,1085,960,1045,1018,1065,1020,1087,1021,1109,1019,1131,1017,965,936,986,917,1012,915,1036,934,1013,937,986,940,1143,931,1167,911,1194,912,1216,930,1194,935,1168,934,1009,1107,1041,1073,1070,1055,1088,1058,1106,1053,1137,1071,1173,1098,1138,1105,1108,1108,1089,1109,1069,1109,1042,1110,1024,1101,1070,1082,1088,1082,1107,1081,1158,1095,1107,1083,1088,1084,1070,1085
2052,h,1,1,899,816,1270,1188,68.4,889,987,891,1035,894,1083,900,1130,914,1171,943,1202,987,1219,1036,1229,1090,1232,1145,1227,1196,1216,1243,1197,1276,1167,1294,1124,1301,1078,1304,1030,1306,981,922,904,940,866,976,846,1017,843,1055,855,1119,853,1158,840,1200,840,1238,858,1259,894,1086,904,1086,923,1086,940,1085,960,1045,1018,1065,1020,1087,1021,1109,1019,1131,1017,965,936,986,917,1012,915,1036,934,1013,937,986,940,1143,931,1167,911,1194,912,1216,930,1194,935,1168,934,1009,1107,1041,1073,1070,1055,1088,1058,1106,1053,1137,1071,1173,1098,1138,1105,1108,1108,1089,1109,1069,1109,1042,1110,1024,1101,1070,1082,1088,1082,1107,1081,1158,1095,1107,1083,1088,1084,1070,1085
2053,h,1,1,899,816,1270,1188,68.43333333333334,889,991,890,1038,893,1086,898,1132,912,1173,940,1205,984,1222,1035,1232,1091,1236,1147,1230,1199,1218,1245,1200,1278,1169,1295,1126,1301,1078,1303,1028,1304,978,921,905,939,867,975,845,1017,842,1055,853,1114,851,1153,838,1195,838,1235,857,1256,895,1084,899,1084,918,1083,936,1083,956,1044,1016,1065,1017,1086,1018,1108,1016,1130,1014,964,936,985,916,1010,914,1033,931,1011,935,986,937,1142,927,1165,908,1190,909,1212,927,1191,929,1166,928,1009,1107,1039,1072,1068,1052,1087,1056,1106,1051,1137,1069,1173,1099,1138,1105,1108,1106,1089,1108,1068,1108,1040,1109,1023,1100,1068,1080,1087,1080,1106,1079,1158,1094,1107,1082,1087,1082,1068,1083
2054,h,1,1,899,816,1270,1188,68.46666666666667,891,995,892,1042,894,1089,899,1135,914,1176,942,1207,987,1224,1037,1234,1093,1236,1149,1230,1200,1219,1246,1201,1278,1172,1296,1130,1302,1082,1305,1033,1307,984,925,905,943,866,978,845,1020,842,1057,853,1116,851,1154,839,1196,840,1234,858,1256,894,1087,899,1086,918,1085,936,1084,957,1045,1015,1065,1017,1086,1018,1108,1016,1130,1014,966,935,987,915,1013,912,1036,931,1014,934,988,936,1144,927,1167,907,1192,908,1214,927,1193,929,1168,929,1008,1107,1038,1073,1067,1052,1085,1057,1105,1051,1138,1070,1174,1100,1139,1106,1108,1107,1087,1109,1067,1109,1040,1110,1022,1101,1067,1080,1086,1081,1105,1080,1159,1096,1106,1083,1086,1083,1067,1083
2055,h,1,1,881,831,1327,1277,68.5,886,992,890,1043,895,1092,901,1140,917,1182,945,1214,990,1233,1040,1245,1094,1251,1149,1245,1200,1231,1246,1210,1276,1177,1292,1133,1297,1084,1302,1032,1306,979,919,905,937,867,972,848,1013,844,1050,854,1117,853,1156,841,1198,842,1238,860,1261,899,1082,899,1082,920,1082,940,1081,964,1043,1017,1063,1020,1084,1023,1106,1020,1128,1017,966,934,986,915,1010,913,1032,931,1010,933,986,934,1143,929,1165,911,1191,912,1214,931,1191,932,1165,931,1011,1105,1039,1073,1066,1056,1086,1059,1104,1055,1137,1073,1174,1102,1140,1113,1109,1115,1089,1116,1068,1114,1041,1114,1025,1101,1067,1081,1086,1081,1105,1080,1160,1098,1107,1095,1087,1094,1067,1094
2056,h,1,1,881,831,1327,1277,68.53333333333333,886,992,890,1043,895,1092,901,1140,917,1182,945,1214,990,1233,1040,1245,1094,1251,1149,1245,1200,1231,1246,1210,1276,1177,1292,1133,1297,1084,1302,1032,1306,979,919,905,937,867,972,848,1013,844,1050,854,1117,853,1156,841,1198,842,1238,860,1261,899,1082,899,1082,920,1082,940,1081,964,1043,1017,1063,1020,1084,1023,1106,1020,1128,1017,966,934,986,915,1010,913,1032,931,1010,933,986,934,1143,929,1165,911,1191,912,1214,931,1191,932,1165,931,1011,1105,1039,1073,1066,1056,1086,1059,1104,1055,1137,1073,1174,1102,1140,1113,1109,1115,1089,1116,1068,1114,1041,1114,1025,1101,1067,1081,1086,1081,1105,1080,1160,1098,1107,1095,1087,1094,1067,1094
2057,h,1,1,899,816,1270,1188,68.56666666666666,889,987,891,1035,895,1082,899,1128,913,1170,940,1203,984,1221,1034,1231,1089,1233,1144,1227,1197,1216,1245,1199,1278,1170,1295,1127,1302,1080,1306,1031,1309,982,922,905,940,867,975,847,1017,844,1056,855,1116,855,1156,841,1199,841,1238,859,1261,897,1085,904,1085,922,1084,940,1082,960,1043,1018,1064,1020,1085,1021,1107,1018,1129,1016,965,935,986,916,1012,914,1035,933,1012,936,986,937,1142,930,1166,909,1192,910,1215,929,1193,932,1167,931,1004,1109,1036,1077,1066,1057,1085,1060,1103,1055,1135,1072,1171,1100,1136,1106,1106,1109,1087,1111,1066,1111,1038,1113,1019,1104,1066,1084,1086,1083,1104,1082,1157,1097,1104,1085,1086,1086,1066,1087
2058,h,1,1,899,816,1270,1188,68.6,890,980,891,1030,895,1080,900,1129,913,1172,941,1205,985,1224,1034,1235,1089,1237,1145,1232,1197,1221,1244,1202,1277,1171,1295,1128,1301,1078,1305,1028,1308,977,924,905,943,866,979,847,1020,844,1058,856,1118,854,1156,841,1198,841,1237,860,1257,899,1086,902,1085,923,1084,942,1083,964,1043,1020,1064,1021,1085,1023,1108,1020,1130,1018,966,935,987,917,1011,915,1034,932,1012,934,987,936,1144,930,1166,911,1191,912,1212,929,1192,932,1167,931,1009,1110,1038,1076,1067,1058,1086,1062,1104,1057,1136,1074,1171,1103,1136,1110,1106,1113,1086,1114,1066,1113,1039,1113,1022,1104,1067,1086,1086,1086,1105,1085,1157,1099,1105,1088,1086,1088,1067,1088
2059,h,1,1,899,816,1270,1188,68.63333333333334,890,985,891,1033,894,1081,899,1128,911,1170,938,1202,981,1221,1031,1231,1086,1235,1142,1230,1195,1220,1244,1202,1277,1172,1295,1130,1302,1082,1306,1031,1310,981,925,904,943,865,979,844,1021,843,1059,856,1118,854,1157,840,1200,840,1240,859,1261,898,1086,903,1085,923,1084,942,1082,964,1044,1019,1064,1021,1085,1023,1108,1020,1130,1017,967,935,988,915,1013,913,1037,933,1013,936,988,937,1145,930,1168,910,1194,911,1217,931,1195,933,1169,932,1006,1109,1036,1076,1065,1058,1084,1062,1103,1058,1134,1075,1170,1104,1134,1110,1104,1113,1084,1114,1063,1113,1036,1113,1020,1103,1065,1086,1085,1086,1104,1085,1156,1100,1103,1088,1084,1088,1064,1088
2060,h,1,1,899,816,1270,1188,68.66666666666667,890,985,891,1033,894,1081,899,1128,911,1170,938,1202,981,1221,1031,1231,1086,1235,1142,1230,1195,1220,1244,1202,1277,1172,1295,1130,1302,1082,1306,1031,1310,981,925,904,943,865,979,844,1021,843,1059,856,1118,854,1157,840,1200,840,1240,859,1261,898,1086,903,1085,923,1084,942,1082,964,1044,1019,1064,1021,1085,1023,1108,1020,1130,1017,967,935,988,915,1013,913,1037,933,1013,936,988,937,1145,930,1168,910,1194,911,1217,931,1195,933,1169,932,1006,1109,1036,1076,1065,1058,1084,1062,1103,1058,1134,1075,1170,1104,1134,1110,1104,1113,1084,1114,1063,1113,1036,1113,1020,1103,1065,1086,1085,1086,1104,1085,1156,1100,1103,1088,1084,1088,1064,1088
2061,h,1,1,899,816,1270,1188,68.7,889,984,890,1033,893,1082,898,1129,912,1171,939,1204,983,1223,1032,1234,1086,1238,1143,1232,1195,1220,1243,1201,1276,1171,1294,1129,1301,1081,1305,1031,1309,980,924,904,942,866,978,847,1019,844,1058,856,1116,852,1157,840,1200,841,1239,859,1260,898,1086,904,1084,924,1083,942,1081,963,1041,1018,1062,1020,1083,1022,1106,1019,1129,1017,966,937,987,917,1012,915,1036,934,1013,937,988,938,1145,930,1168,911,1193,912,1215,931,1194,933,1168,932,1006,1110,1036,1076,1065,1058,1083,1062,1102,1057,1133,1074,1169,1103,1133,1109,1103,1112,1083,1114,1063,1113,1037,1114,1020,1104,1065,1086,1083,1086,1102,1085,1155,1100,1102,1087,1083,1088,1064,1088
2062,h,1,1,899,816,1270,1188,68.73333333333333,887,990,889,1038,892,1087,898,1134,912,1177,939,1208,981,1226,1032,1235,1086,1238,1142,1234,1194,1224,1240,1207,1273,1177,1291,1135,1298,1087,1301,1036,1304,986,917,907,935,866,973,845,1016,841,1056,854,1113,853,1153,839,1197,839,1238,859,1259,901,1082,902,1082,921,1081,940,1080,961,1040,1018,1061,1020,1083,1022,1106,1019,1128,1017,962,936,982,916,1007,913,1031,932,1008,934,983,936,1142,929,1165,910,1190,911,1212,930,1191,931,1165,930,1004,1109,1035,1076,1065,1057,1084,1061,1102,1056,1134,1074,1170,1104,1134,1109,1104,1110,1085,1111,1064,1111,1036,1112,1018,1103,1065,1084,1084,1085,1103,1084,1156,1099,1103,1086,1084,1086,1064,1086
2063,h,1,1,899,816,1270,1188,68.76666666666667,886,990,889,1039,893,1087,898,1134,912,1175,940,1206,984,1223,1034,1233,1089,1237,1146,1232,1198,1221,1245,1203,1276,1173,1294,1130,1299,1083,1302,1033,1306,983,920,905,938,865,974,844,1016,840,1055,852,1117,851,1156,838,1199,840,1239,860,1259,901,1084,900,1084,919,1083,938,1083,958,1042,1015,1063,1017,1085,1018,1107,1016,1129,1014,964,934,985,914,1010,912,1033,931,1011,934,985,935,1143,929,1166,909,1192,910,1213,929,1192,931,1166,930,1005,1108,1035,1074,1065,1055,1085,1059,1104,1054,1137,1072,1172,1103,1137,1108,1106,1110,1086,1112,1065,1111,1036,1112,1019,1102,1065,1082,1085,1082,1104,1081,1158,1098,1105,1086,1085,1086,1065,1086
2064,h,1,1,899,816,1270,1188,68.8,886,990,889,1039,893,1087,898,1134,912,1175,940,1206,984,1223,1034,1233,1089,1237,1146,1232,1198,1221,1245,1203,1276,1173,1294,1130,1299,1083,1302,1033,1306,983,920,905,938,865,974,844,1016,840,1055,852,1117,851,1156,838,1199,840,1239,860,1259,901,1084,900,1084,919,1083,938,1083,958,1042,1015,1063,1017,1085,1018,1107,1016,1129,1014,964,934,985,914,1010,912,1033,931,1011,934,985,935,1143,929,1166,909,1192,910,1213,929,1192,931,1166,930,1005,1108,1035,1074,1065,1055,1085,1059,1104,1054,1137,1072,1172,1103,1137,1108,1106,1110,1086,1112,1065,1111,1036,1112,1019,1102,1065,1082,1085,1082,1104,1081,1158,1098,1105,1086,1085,1086,1065,1086
2065,h,1,1,899,816,1270,1188,68.83333333333333,890,981,891,1029,893,1077,897,1125,909,1168,936,1200,978,1219,1028,1230,1084,1235,1142,1230,1194,1218,1241,1199,1274,1168,1291,1126,1298,1079,1302,1029,1305,980,922,905,940,864,976,842,1019,838,1057,851,1117,851,1156,838,1199,839,1238,860,1257,900,1085,901,1084,921,1083,939,1082,959,1042,1016,1063,1017,1084,1019,1106,1016,1129,1014,967,934,987,915,1011,913,1034,931,1012,933,988,934,1143,929,1166,910,1191,911,1212,930,1191,931,1167,930,1002,1106,1034,1073,1064,1054,1083,1058,1101,1054,1133,1071,1169,1101,1134,1106,1103,1108,1084,1109,1063,1109,1035,1110,1016,1100,1064,1082,1083,1082,1102,1081,1155,1097,1102,1084,1083,1084,1064,1084
2066,h,1,1,899,816,1270,1188,68.86666666666666,891,985,892,1033,894,1081,898,1128,912,1170,939,1201,981,1220,1031,1230,1087,1234,1143,1230,1196,1220,1242,1202,1275,1173,1293,1130,1301,1082,1304,1032,1308,982,923,904,941,864,977,843,1019,839,1058,851,1118,850,1158,838,1201,840,1240,861,1260,902,1085,901,1084,920,1083,939,1082,960,1042,1016,1063,1017,1084,1019,1106,1016,1128,1015,966,934,987,915,1012,913,1034,932,1013,934,988,935,1145,929,1168,910,1193,912,1214,930,1193,932,1168,931,1003,1107,1035,1074,1065,1054,1084,1058,1103,1054,1136,1072,1173,1103,1136,1107,1106,1108,1086,1109,1065,1109,1037,1110,1018,1101,1065,1081,1085,1082,1104,1081,1158,1099,1104,1084,1085,1083,1066,1084
2067,h,1,1,899,816,1270,1188,68.9,891,985,892,1033,894,1081,898,1128,912,1170,939,1201,981,1220,1031,1230,1087,1234,1143,1230,1196,1220,1242,1202,1275,1173,1293,1130,1301,1082,1304,1032,1308,982,923,904,941,864,977,843,1019,839,1058,851,1118,850,1158,838,1201,840,1240,861,1260,902,1085,901,1084,920,1083,939,1082,960,1042,1016,1063,1017,1084,1019,1106,1016,1128,1015,966,934,987,915,1012,913,1034,932,1013,934,988,935,1145,929,1168,910,1193,912,1214,930,1193,932,1168,931,1003,1107,1035,1074,1065,1054,1084,1058,1103,1054,1136,1072,1173,1103,1136,1107,1106,1108,1086,1109,1065,1109,1037,1110,1018,1101,1065,1081,1085,1082,1104,1081,1158,1099,1104,1084,1085,1083,1066,1084
2068,h,1,1,881,831,1327,1277,68.93333333333334,890,981,891,1033,894,1084,900,1135,916,1180,944,1216,988,1238,1037,1251,1089,1256,1143,1250,1195,1236,1243,1214,1277,1178,1294,1133,1301,1083,1307,1031,1311,978,927,900,946,865,981,847,1021,845,1058,856,1125,855,1163,844,1205,845,1242,862,1264,899,1089,902,1087,923,1085,944,1083,967,1049,1019,1067,1022,1087,1024,1108,1022,1129,1019,971,931,991,914,1017,913,1039,930,1016,932,991,934,1147,929,1168,912,1194,913,1216,931,1194,933,1169,931,1009,1103,1039,1073,1069,1059,1090,1063,1109,1058,1141,1073,1176,1102,1142,1116,1110,1121,1090,1121,1068,1120,1039,1117,1022,1099,1069,1081,1090,1082,1109,1081,1163,1098,1110,1101,1090,1101,1069,1100
2069,h,1,1,899,816,1270,1188,68.96666666666667,896,983,894,1031,896,1079,899,1125,910,1168,935,1202,977,1222,1026,1234,1081,1239,1139,1235,1192,1225,1241,1207,1275,1177,1293,1134,1301,1086,1306,1037,1310,986,930,902,948,864,984,844,1025,842,1062,855,1122,852,1162,840,1205,841,1244,861,1264,901,1089,899,1087,919,1085,938,1082,960,1043,1015,1063,1017,1084,1020,1107,1017,1130,1015,970,933,991,915,1015,912,1038,930,1016,932,991,934,1148,928,1171,910,1196,912,1217,930,1196,931,1171,930,1006,1105,1037,1073,1065,1054,1084,1059,1102,1054,1135,1072,1172,1103,1135,1106,1103,1107,1083,1108,1064,1107,1037,1108,1021,1100,1065,1081,1084,1082,1102,1081,1157,1098,1102,1084,1083,1084,1065,1084
2070,h,1,1,899,816,1270,1188,69.0,897,981,895,1028,895,1076,898,1123,910,1166,936,1199,978,1219,1028,1231,1084,1235,1141,1231,1196,1222,1244,1204,1277,1174,1295,1132,1303,1085,1309,1035,1314,985,930,892,948,855,983,836,1023,836,1059,849,1127,849,1166,837,1208,838,1245,858,1265,898,1091,899,1088,918,1086,935,1083,955,1044,1011,1064,1013,1085,1016,1107,1014,1130,1013,970,929,991,910,1017,909,1040,928,1017,930,991,932,1149,928,1173,909,1199,911,1221,931,1199,933,1173,931,1005,1103,1036,1069,1067,1050,1085,1055,1104,1051,1136,1071,1172,1104,1136,1109,1105,1110,1084,1110,1064,1109,1036,1109,1020,1098,1066,1079,1085,1080,1104,1080,1158,1099,1104,1084,1084,1083,1065,1083
2071,h,1,1,899,816,1270,1188,69.03333333333333,897,981,895,1028,895,1076,898,1123,910,1166,936,1199,978,1219,1028,1231,1084,1235,1141,1231,1196,1222,1244,1204,1277,1174,1295,1132,1303,1085,1309,1035,1314,985,930,892,948,855,983,836,1023,836,1059,849,1127,849,1166,837,1208,838,1245,858,1265,898,1091,899,1088,918,1086,935,1083,955,1044,1011,1064,1013,1085,1016,1107,1014,1130,1013,970,929,991,910,1017,909,1040,928,1017,930,991,932,1149,928,1173,909,1199,911,1221,931,1199,933,1173,931,1005,1103,1036,1069,1067,1050,1085,1055,1104,1051,1136,1071,1172,1104,1136,1109,1105,1110,1084,1110,1064,1109,1036,1109,1020,1098,1066,1079,1085,1080,1104,1080,1158,1099,1104,1084,1084,1083,1065,1083
2072,h,1,1,899,816,1270,1188,69.06666666666666,895,979,895,1026,895,1074,897,1121,909,1162,935,1194,978,1212,1029,1222,1084,1226,1139,1223,1191,1213,1236,1196,1269,1167,1287,1126,1295,1080,1300,1032,1304,983,932,896,949,859,984,839,1023,837,1059,850,1124,851,1163,838,1205,840,1243,860,1263,899,1089,900,1088,919,1086,937,1084,958,1044,1013,1064,1015,1084,1018,1105,1016,1127,1015,971,929,992,911,1017,909,1039,928,1016,930,992,931,1146,928,1171,910,1196,912,1217,930,1195,932,1170,931,1004,1099,1035,1066,1064,1050,1083,1054,1102,1050,1133,1069,1170,1100,1133,1104,1103,1103,1083,1103,1062,1102,1034,1102,1018,1093,1064,1077,1083,1078,1102,1078,1155,1095,1102,1080,1082,1079,1063,1079
2073,h,1,1,899,816,1270,1188,69.1,895,980,895,1026,896,1073,898,1118,909,1159,936,1190,979,1207,1029,1217,1084,1223,1139,1220,1192,1211,1239,1194,1271,1165,1289,1124,1297,1078,1303,1031,1307,982,931,894,949,857,984,839,1024,837,1059,851,1124,849,1162,837,1203,838,1240,857,1259,895,1090,898,1089,917,1087,935,1085,955,1046,1009,1066,1012,1085,1014,1107,1014,1129,1013,971,929,992,910,1016,909,1038,927,1016,929,992,930,1147,927,1170,909,1196,911,1216,930,1196,931,1170,930,1008,1095,1039,1064,1067,1048,1085,1053,1103,1050,1133,1069,1169,1100,1131,1103,1101,1102,1083,1101,1064,1100,1037,1100,1021,1090,1067,1074,1084,1076,1102,1076,1155,1095,1101,1079,1083,1077,1065,1077
2074,h,1,1,899,816,1270,1188,69.13333333333334,895,978,895,1025,896,1072,898,1119,909,1162,935,1194,978,1213,1029,1223,1085,1226,1141,1223,1194,1213,1242,1196,1274,1167,1292,1126,1299,1080,1304,1031,1309,983,928,892,946,855,981,837,1021,834,1058,847,1123,848,1163,836,1206,837,1244,858,1263,898,1087,898,1086,916,1084,933,1082,953,1043,1010,1063,1012,1082,1014,1104,1013,1126,1013,969,927,990,909,1014,907,1036,926,1014,928,989,929,1146,927,1171,909,1196,910,1217,930,1196,931,1170,930,1003,1096,1034,1064,1063,1048,1082,1053,1100,1049,1131,1068,1169,1098,1130,1101,1100,1100,1080,1099,1061,1098,1033,1099,1017,1090,1063,1075,1081,1076,1100,1076,1154,1093,1099,1078,1081,1077,1062,1077
2075,h,1,1,899,816,1270,1188,69.16666666666667,895,978,895,1025,896,1072,898,1119,909,1162,935,1194,978,1213,1029,1223,1085,1226,1141,1223,1194,1213,1242,1196,1274,1167,1292,1126,1299,1080,1304,1031,1309,983,928,892,946,855,981,837,1021,834,1058,847,1123,848,1163,836,1206,837,1244,858,1263,898,1087,898,1086,916,1084,933,1082,953,1043,1010,1063,1012,1082,1014,1104,1013,1126,1013,969,927,990,909,1014,907,1036,926,1014,928,989,929,1146,927,1171,909,1196,910,1217,930,1196,931,1170,930,1003,1096,1034,1064,1063,1048,1082,1053,1100,1049,1131,1068,1169,1098,1130,1101,1100,1100,1080,1099,1061,1098,1033,1099,1017,1090,1063,1075,1081,1076,1100,1076,1154,1093,1099,1078,1081,1077,1062,1077
2076,h,1,1,899,816,1270,1188,69.2,894,976,893,1024,894,1071,896,1117,907,1160,933,1193,976,1211,1026,1220,1081,1223,1138,1219,1192,1211,1242,1195,1274,1168,1292,1127,1299,1082,1304,1035,1309,987,928,894,946,857,981,837,1021,834,1058,848,1124,848,1164,836,1206,837,1245,858,1263,899,1088,896,1086,914,1083,931,1081,951,1040,1006,1061,1008,1081,1010,1104,1009,1126,1008,969,927,989,908,1013,907,1036,925,1014,926,989,927,1145,925,1171,907,1195,909,1216,929,1195,929,1169,927,1000,1094,1032,1061,1062,1044,1081,1048,1099,1045,1131,1064,1170,1096,1131,1099,1099,1097,1079,1097,1060,1096,1031,1097,1014,1088,1062,1071,1081,1072,1099,1072,1155,1091,1099,1075,1080,1074,1061,1074
2078,h,1,1,899,816,1270,1188,69.26666666666667,896,971,894,1017,894,1064,895,1109,904,1152,928,1184,970,1203,1019,1213,1074,1218,1132,1216,1188,1209,1238,1194,1273,1167,1292,1128,1300,1084,1306,1036,1312,988,928,886,945,851,979,833,1018,830,1055,843,1124,843,1165,833,1208,835,1246,856,1266,895,1087,893,1084,912,1081,928,1078,948,1038,1004,1058,1005,1078,1008,1100,1007,1123,1007,968,923,988,905,1013,904,1035,922,1013,924,988,925,1146,924,1170,906,1196,908,1218,928,1196,929,1169,928,998,1091,1029,1059,1058,1043,1077,1047,1095,1044,1128,1062,1166,1094,1126,1098,1094,1097,1074,1096,1054,1095,1028,1095,1012,1086,1058,1070,1076,1071,1095,1071,1151,1089,1094,1073,1075,1072,1056,1072
2079,h,1,1,899,816,1270,1188,69.3,896,971,894,1017,894,1064,895,1109,904,1152,928,1184,970,1203,1019,1213,1074,1218,1132,1216,1188,1209,1238,1194,1273,1167,1292,1128,1300,1084,1306,1036,1312,988,928,886,945,851,979,833,1018,830,1055,843,1124,843,1165,833,1208,835,1246,856,1266,895,1087,893,1084,912,1081,928,1078,948,1038,1004,1058,1005,1078,1008,1100,1007,1123,1007,968,923,988,905,1013,904,1035,922,1013,924,988,925,1146,924,1170,906,1196,908,1218,928,1196,929,1169,928,998,1091,1029,1059,1058,1043,1077,1047,1095,1044,1128,1062,1166,1094,1126,1098,1094,1097,1074,1096,1054,1095,1028,1095,1012,1086,1058,1070,1076,1071,1095,1071,1151,1089,1094,1073,1075,1072,1056,1072
2084,h,1,1,881,782,1327,1228,69.46666666666667,887,955,887,1007,888,1058,891,1107,901,1151,924,1185,965,1207,1013,1220,1069,1227,1127,1225,1184,1217,1236,1202,1269,1172,1290,1129,1300,1079,1307,1028,1314,974,906,875,927,837,968,817,1013,816,1054,833,1122,834,1163,822,1207,824,1246,845,1268,886,1084,883,1081,901,1077,918,1073,938,1031,992,1051,996,1072,999,1095,998,1119,997,952,907,976,893,1003,891,1028,907,1002,910,976,911,1145,910,1172,896,1199,899,1222,917,1197,918,1170,915,989,1081,1020,1047,1050,1030,1070,1033,1089,1032,1123,1052,1163,1088,1123,1097,1089,1094,1068,1092,1046,1090,1019,1089,1005,1076,1049,1055,1069,1056,1088,1058,1147,1082,1089,1072,1069,1070,1048,1069
2088,h,1,1,881,782,1327,1228,69.6,901,947,896,996,892,1045,892,1093,900,1139,923,1177,962,1202,1009,1216,1063,1224,1122,1223,1180,1217,1234,1201,1270,1172,1290,1131,1300,1082,1309,1031,1318,980,936,870,953,837,985,819,1023,816,1058,829,1129,832,1169,822,1213,826,1251,846,1272,886,1085,876,1080,893,1075,909,1070,928,1033,984,1051,987,1070,991,1093,990,1115,989,972,906,991,889,1014,886,1036,903,1014,904,991,905,1146,906,1172,892,1197,894,1219,914,1195,913,1169,909,990,1069,1019,1036,1049,1021,1068,1025,1085,1023,1120,1043,1159,1079,1120,1089,1084,1087,1065,1086,1045,1084,1017,1081,1004,1066,1048,1047,1067,1048,1085,1050,1145,1074,1085,1068,1066,1065,1047,1064
2091,h,1,1,881,782,1327,1228,69.7,893,946,892,997,891,1048,894,1099,907,1146,932,1182,974,1204,1022,1217,1077,1225,1136,1224,1194,1215,1245,1197,1279,1163,1298,1120,1307,1069,1317,1018,1327,966,923,859,944,826,980,808,1021,804,1057,818,1135,822,1175,813,1218,818,1256,838,1279,876,1092,869,1088,887,1084,904,1079,924,1039,981,1058,985,1079,988,1101,988,1123,988,970,896,991,880,1016,879,1039,895,1014,897,990,897,1152,901,1178,886,1203,890,1225,910,1201,909,1175,905,994,1064,1024,1033,1055,1018,1076,1022,1096,1021,1131,1040,1173,1076,1131,1083,1096,1080,1075,1079,1052,1076,1024,1074,1009,1061,1054,1043,1076,1045,1096,1047,1157,1072,1096,1061,1076,1058,1054,1056
2096,h,1,1,881,782,1327,1228,69.86666666666666,899,942,896,993,895,1044,896,1097,907,1143,931,1180,972,1204,1021,1219,1075,1227,1133,1226,1193,1219,1245,1201,1281,1167,1302,1122,1315,1070,1326,1015,1336,960,933,859,953,826,988,809,1028,807,1065,820,1134,823,1176,809,1222,812,1262,832,1286,872,1092,870,1087,888,1081,906,1074,926,1038,983,1058,986,1078,989,1101,988,1124,987,972,897,994,878,1020,875,1044,895,1019,895,994,897,1155,898,1182,879,1210,882,1233,904,1207,904,1180,901,996,1065,1026,1035,1057,1019,1077,1024,1097,1021,1133,1040,1176,1076,1134,1089,1098,1091,1076,1090,1053,1088,1025,1082,1010,1062,1056,1044,1077,1045,1097,1046,1161,1071,1098,1070,1077,1068,1056,1066
2097,h,1,1,881,782,1327,1228,69.9,899,942,896,993,895,1044,896,1097,907,1143,931,1180,972,1204,1021,1219,1075,1227,1133,1226,1193,1219,1245,1201,1281,1167,1302,1122,1315,1070,1326,1015,1336,960,933,859,953,826,988,809,1028,807,1065,820,1134,823,1176,809,1222,812,1262,832,1286,872,1092,870,1087,888,1081,906,1074,926,1038,983,1058,986,1078,989,1101,988,1124,987,972,897,994,878,1020,875,1044,895,1019,895,994,897,1155,898,1182,879,1210,882,1233,904,1207,904,1180,901,996,1065,1026,1035,1057,1019,1077,1024,1097,1021,1133,1040,1176,1076,1134,1089,1098,1091,1076,1090,1053,1088,1025,1082,1010,1062,1056,1044,1077,1045,1097,1046,1161,1071,1098,1070,1077,1068,1056,1066
2099,h,1,1,881,782,1327,1228,69.96666666666667,904,943,898,993,895,1045,896,1095,907,1141,930,1177,968,1200,1013,1214,1064,1225,1121,1226,1182,1220,1238,1205,1276,1175,1300,1130,1313,1080,1324,1025,1332,971,935,859,952,822,987,805,1028,803,1065,817,1137,820,1181,809,1227,814,1268,836,1288,881,1092,867,1086,886,1080,904,1073,924,1034,979,1054,983,1075,987,1098,986,1122,985,974,894,995,876,1019,875,1042,893,1018,893,994,894,1156,898,1182,882,1208,885,1231,906,1205,904,1179,901,993,1065,1023,1034,1053,1019,1073,1023,1092,1020,1127,1039,1167,1075,1126,1083,1092,1082,1071,1082,1049,1079,1022,1076,1007,1061,1052,1044,1072,1046,1091,1046,1153,1070,1093,1061,1073,1059,1052,1058
2100,h,1,1,881,782,1327,1228,70.0,904,936,901,988,898,1039,899,1091,909,1137,933,1173,972,1198,1018,1213,1072,1223,1130,1222,1189,1214,1242,1199,1279,1168,1302,1124,1315,1073,1324,1020,1335,965,943,861,963,826,999,809,1039,808,1075,822,1136,823,1179,813,1224,818,1264,840,1285,883,1102,869,1095,888,1089,905,1083,926,1042,981,1062,985,1082,988,1106,989,1130,990,982,894,1003,877,1027,877,1051,895,1026,893,1002,893,1157,899,1182,883,1208,887,1231,907,1206,904,1180,901,1003,1065,1031,1034,1060,1020,1080,1026,1102,1023,1136,1043,1173,1078,1135,1087,1101,1088,1078,1087,1056,1084,1030,1079,1017,1061,1059,1044,1079,1047,1101,1048,1159,1073,1102,1068,1079,1066,1059,1064
2101,h,1,1,881,782,1327,1228,70.03333333333333,904,936,901,988,898,1039,899,1091,909,1137,933,1173,972,1198,1018,1213,1072,1223,1130,1222,1189,1214,1242,1199,1279,1168,1302,1124,1315,1073,1324,1020,1335,965,943,861,963,826,999,809,1039,808,1075,822,1136,823,1179,813,1224,818,1264,840,1285,883,1102,869,1095,888,1089,905,1083,926,1042,981,1062,985,1082,988,1106,989,1130,990,982,894,1003,877,1027,877,1051,895,1026,893,1002,893,1157,899,1182,883,1208,887,1231,907,1206,904,1180,901,1003,1065,1031,1034,1060,1020,1080,1026,1102,1023,1136,1043,1173,1078,1135,1087,1101,1088,1078,1087,1056,1084,1030,1079,1017,1061,1059,1044,1079,1047,1101,1048,1159,1073,1102,1068,1079,1066,1059,1064
2102,h,1,1,881,782,1327,1228,70.06666666666666,903,934,898,985,896,1036,896,1088,906,1137,930,1176,972,1200,1021,1214,1074,1222,1132,1220,1190,1213,1244,1199,1282,1168,1304,1124,1316,1074,1327,1021,1338,967,939,849,963,818,998,804,1036,805,1070,820,1137,823,1179,814,1223,819,1261,840,1286,878,1096,866,1091,886,1085,905,1079,927,1038,984,1057,987,1077,991,1101,992,1124,992,976,890,997,874,1022,873,1045,892,1020,892,996,892,1156,898,1182,882,1209,886,1233,907,1207,906,1180,902,994,1065,1024,1035,1054,1021,1074,1025,1094,1024,1130,1043,1172,1079,1130,1088,1094,1087,1073,1086,1051,1083,1023,1079,1008,1063,1053,1046,1074,1049,1094,1050,1158,1074,1094,1064,1074,1062,1054,1060
2103,h,1,1,881,782,1327,1228,70.1,896,923,894,977,893,1031,894,1084,903,1132,927,1172,969,1196,1017,1212,1070,1222,1128,1220,1187,1212,1242,1196,1280,1165,1303,1120,1318,1069,1329,1015,1339,959,929,848,952,816,990,802,1031,801,1069,817,1138,822,1180,811,1226,815,1267,835,1290,874,1095,866,1090,885,1084,905,1079,926,1036,981,1056,986,1078,989,1102,989,1125,988,970,887,993,873,1019,872,1041,891,1017,891,991,890,1158,897,1185,882,1212,885,1234,904,1209,905,1182,901,994,1066,1024,1035,1055,1021,1074,1026,1094,1024,1127,1043,1167,1078,1126,1087,1091,1087,1071,1086,1050,1083,1022,1079,1007,1062,1053,1046,1073,1048,1093,1049,1153,1073,1093,1065,1073,1062,1052,1061
2104,h,1,1,881,782,1327,1228,70.13333333333334,898,932,894,982,890,1033,891,1083,899,1131,922,1169,964,1193,1011,1209,1064,1219,1123,1218,1183,1213,1238,1200,1276,1170,1300,1127,1314,1076,1324,1022,1335,966,933,853,955,819,991,802,1032,802,1069,818,1134,822,1176,811,1222,815,1263,837,1285,877,1091,863,1087,884,1081,904,1076,927,1037,980,1055,985,1075,989,1098,989,1121,988,973,889,994,872,1019,871,1042,889,1018,890,994,890,1152,897,1179,880,1206,884,1230,904,1204,903,1177,900,992,1064,1022,1035,1053,1021,1071,1026,1090,1024,1125,1044,1164,1078,1123,1086,1088,1085,1068,1084,1048,1081,1020,1078,1007,1061,1051,1046,1070,1048,1089,1050,1150,1073,1089,1063,1070,1060,1051,1059
2105,h,1,1,881,782,1327,1228,70.16666666666667,898,932,894,982,890,1033,891,1083,899,1131,922,1169,964,1193,1011,1209,1064,1219,1123,1218,1183,1213,1238,1200,1276,1170,1300,1127,1314,1076,1324,1022,1335,966,933,853,955,819,991,802,1032,802,1069,818,1134,822,1176,811,1222,815,1263,837,1285,877,1091,863,1087,884,1081,904,1076,927,1037,980,1055,985,1075,989,1098,989,1121,988,973,889,994,872,1019,871,1042,889,1018,890,994,890,1152,897,1179,880,1206,884,1230,904,1204,903,1177,900,992,1064,1022,1035,1053,1021,1071,1026,1090,1024,1125,1044,1164,1078,1123,1086,1088,1085,1068,1084,1048,1081,1020,1078,1007,1061,1051,1046,1070,1048,1089,1050,1150,1073,1089,1063,1070,1060,1051,1059
2106,h,1,1,881,782,1327,1228,70.2,898,925,894,979,892,1032,892,1085,901,1135,924,1175,962,1202,1009,1218,1064,1228,1124,1228,1185,1220,1240,1203,1279,1170,1302,1124,1314,1072,1324,1018,1335,962,931,850,952,816,988,800,1029,800,1067,814,1134,820,1176,809,1221,813,1261,833,1284,874,1093,864,1087,884,1080,905,1074,928,1035,982,1055,986,1075,989,1098,989,1122,988,972,888,992,871,1017,871,1041,888,1016,889,992,889,1156,895,1182,879,1208,883,1231,903,1206,902,1180,898,991,1067,1020,1036,1050,1023,1073,1028,1094,1026,1128,1044,1168,1079,1127,1089,1092,1088,1070,1087,1046,1083,1018,1079,1004,1062,1050,1047,1072,1049,1093,1050,1154,1074,1093,1067,1072,1065,1049,1063
2107,h,1,1,881,782,1327,1228,70.23333333333333,895,927,891,979,889,1031,890,1084,900,1132,923,1170,963,1197,1010,1213,1063,1224,1122,1222,1182,1214,1235,1198,1274,1166,1297,1122,1310,1070,1320,1016,1330,961,930,846,949,814,983,798,1023,797,1059,810,1136,814,1177,805,1221,811,1259,832,1280,870,1089,863,1084,883,1078,903,1072,924,1034,980,1053,984,1073,988,1095,988,1118,987,969,887,990,870,1016,869,1040,888,1015,890,989,889,1150,895,1176,878,1203,882,1226,903,1201,903,1174,899,991,1066,1020,1035,1050,1020,1069,1025,1088,1023,1123,1043,1163,1079,1123,1087,1087,1086,1067,1085,1046,1082,1019,1079,1005,1062,1048,1047,1068,1049,1087,1051,1149,1073,1088,1064,1069,1061,1049,1060
2108,h,1,1,881,782,1327,1228,70.26666666666667,895,926,890,980,887,1033,889,1087,900,1135,925,1174,964,1199,1009,1216,1062,1224,1120,1224,1178,1215,1231,1198,1269,1166,1294,1122,1308,1070,1319,1017,1331,961,933,844,955,814,991,800,1031,802,1066,817,1132,823,1173,812,1217,815,1256,833,1280,872,1089,864,1083,884,1077,903,1070,925,1031,980,1050,983,1071,987,1095,987,1119,986,969,889,989,871,1015,870,1038,890,1013,891,988,891,1151,895,1176,879,1203,882,1226,902,1201,903,1173,899,989,1066,1018,1035,1048,1019,1068,1024,1087,1022,1122,1041,1160,1077,1121,1091,1086,1093,1066,1093,1045,1090,1017,1084,1004,1063,1048,1046,1067,1048,1086,1049,1146,1072,1087,1069,1068,1068,1047,1066
2109,h,1,1,881,782,1327,1228,70.3,895,926,890,980,887,1033,889,1087,900,1135,925,1174,964,1199,1009,1216,1062,1224,1120,1224,1178,1215,1231,1198,1269,1166,1294,1122,1308,1070,1319,1017,1331,961,933,844,955,814,991,800,1031,802,1066,817,1132,823,1173,812,1217,815,1256,833,1280,872,1089,864,1083,884,1077,903,1070,925,1031,980,1050,983,1071,987,1095,987,1119,986,969,889,989,871,1015,870,1038,890,1013,891,988,891,1151,895,1176,879,1203,882,1226,902,1201,903,1173,899,989,1066,1018,1035,1048,1019,1068,1024,1087,1022,1122,1041,1160,1077,1121,1091,1086,1093,1066,1093,1045,1090,1017,1084,1004,1063,1048,1046,1067,1048,1086,1049,1146,1072,1087,1069,1068,1068,1047,1066
2110,h,1,1,881,782,1327,1228,70.33333333333333,890,930,887,983,885,1035,887,1088,898,1135,922,1173,964,1197,1012,1213,1066,1222,1126,1221,1184,1211,1236,1194,1273,1161,1295,1116,1308,1065,1318,1011,1329,956,923,850,944,812,981,795,1024,792,1062,806,1133,810,1176,800,1222,805,1262,828,1281,872,1091,860,1086,881,1081,901,1075,924,1032,978,1053,983,1074,987,1098,987,1122,986,966,885,987,868,1014,866,1038,886,1013,886,987,887,1151,892,1177,875,1204,878,1227,899,1202,899,1175,896,987,1062,1018,1033,1050,1019,1070,1024,1089,1022,1124,1042,1164,1076,1122,1085,1087,1085,1066,1083,1045,1081,1016,1076,1000,1059,1049,1044,1069,1047,1088,1048,1150,1071,1088,1062,1068,1060,1047,1058
2111,h,1,1,881,782,1327,1228,70.36666666666666,890,929,886,982,883,1034,883,1087,893,1135,918,1172,958,1198,1005,1213,1058,1223,1116,1221,1174,1214,1227,1199,1265,1169,1289,1125,1303,1074,1313,1019,1324,964,928,842,950,809,986,795,1026,794,1063,808,1131,814,1172,804,1217,808,1256,829,1279,869,1087,860,1082,881,1076,900,1069,923,1029,980,1048,983,1068,986,1092,987,1117,986,968,884,988,866,1014,866,1036,886,1012,886,987,886,1150,892,1176,876,1203,879,1225,900,1200,900,1173,896,986,1064,1016,1034,1046,1019,1066,1024,1085,1022,1120,1042,1160,1077,1119,1085,1083,1085,1063,1084,1042,1081,1014,1078,1000,1061,1045,1046,1065,1049,1084,1050,1147,1072,1084,1062,1065,1060,1045,1058
2112,h,1,1,881,782,1327,1228,70.4,890,929,886,982,883,1034,883,1087,893,1135,918,1172,958,1198,1005,1213,1058,1223,1116,1221,1174,1214,1227,1199,1265,1169,1289,1125,1303,1074,1313,1019,1324,964,928,842,950,809,986,795,1026,794,1063,808,1131,814,1172,804,1217,808,1256,829,1279,869,1087,860,1082,881,1076,900,1069,923,1029,980,1048,983,1068,986,1092,987,1117,986,968,884,988,866,1014,866,1036,886,1012,886,987,886,1150,892,1176,876,1203,879,1225,900,1200,900,1173,896,986,1064,1016,1034,1046,1019,1066,1024,1085,1022,1120,1042,1160,1077,1119,1085,1083,1085,1063,1084,1042,1081,1014,1078,1000,1061,1045,1046,1065,1049,1084,1050,1147,1072,1084,1062,1065,1060,1045,1058
2113,h,1,1,881,782,1327,1228,70.43333333333334,892,925,887,977,884,1028,884,1079,892,1128,914,1168,954,1194,1001,1209,1053,1218,1111,1217,1169,1212,1224,1198,1263,1169,1289,1126,1304,1076,1317,1024,1329,969,936,848,957,814,992,798,1032,800,1068,814,1135,820,1175,808,1219,813,1257,835,1278,875,1092,862,1087,882,1080,901,1073,923,1031,978,1051,983,1071,987,1094,987,1118,986,970,887,992,868,1019,868,1041,889,1017,890,991,889,1150,895,1176,878,1204,882,1226,905,1202,904,1174,900,986,1066,1017,1036,1047,1020,1065,1025,1084,1023,1117,1043,1156,1077,1115,1085,1082,1084,1062,1083,1041,1081,1015,1078,1000,1062,1046,1045,1064,1047,1083,1048,1142,1072,1083,1062,1064,1060,1044,1059
2114,h,1,1,881,782,1327,1228,70.46666666666667,889,925,884,978,881,1030,880,1082,890,1131,913,1168,953,1192,998,1207,1049,1219,1106,1219,1165,1215,1221,1203,1261,1175,1287,1132,1303,1082,1317,1026,1330,970,928,848,949,812,986,795,1028,796,1064,812,1127,819,1170,807,1218,813,1259,836,1279,880,1086,862,1079,883,1072,903,1065,926,1025,981,1044,985,1065,989,1089,989,1114,988,966,882,987,866,1013,866,1036,887,1011,886,986,886,1147,896,1174,878,1202,882,1225,904,1199,904,1171,900,983,1064,1013,1036,1042,1021,1061,1026,1078,1024,1113,1045,1154,1081,1111,1088,1076,1087,1058,1086,1038,1083,1011,1078,998,1061,1041,1046,1060,1048,1077,1049,1138,1075,1078,1066,1060,1063,1041,1061
2115,h,1,1,881,782,1327,1228,70.5,887,926,881,980,878,1033,879,1086,889,1136,914,1177,954,1204,1000,1220,1053,1230,1111,1228,1167,1220,1219,1204,1257,1174,1283,1131,1299,1081,1312,1027,1324,971,937,840,960,810,994,799,1031,801,1064,817,1132,823,1171,814,1214,818,1250,839,1273,876,1088,866,1082,887,1075,906,1068,929,1029,984,1048,988,1067,992,1089,993,1112,993,967,888,989,871,1015,871,1038,893,1013,893,987,892,1146,900,1172,883,1200,887,1223,908,1197,909,1170,905,979,1069,1011,1038,1043,1022,1062,1027,1082,1025,1117,1046,1156,1080,1116,1093,1081,1094,1060,1093,1039,1090,1009,1084,994,1065,1042,1050,1062,1051,1082,1053,1142,1076,1082,1070,1062,1068,1042,1066
2116,h,1,1,881,782,1327,1228,70.53333333333333,887,926,881,980,878,1033,879,1086,889,1136,914,1177,954,1204,1000,1220,1053,1230,1111,1228,1167,1220,1219,1204,1257,1174,1283,1131,1299,1081,1312,1027,1324,971,937,840,960,810,994,799,1031,801,1064,817,1132,823,1171,814,1214,818,1250,839,1273,876,1088,866,1082,887,1075,906,1068,929,1029,984,1048,988,1067,992,1089,993,1112,993,967,888,989,871,1015,871,1038,893,1013,893,987,892,1146,900,1172,883,1200,887,1223,908,1197,909,1170,905,979,1069,1011,1038,1043,1022,1062,1027,1082,1025,1117,1046,1156,1080,1116,1093,1081,1094,1060,1093,1039,1090,1009,1084,994,1065,1042,1050,1062,1051,1082,1053,1142,1076,1082,1070,1062,1068,1042,1066
2117,h,1,1,881,782,1327,1228,70.56666666666666,885,923,880,976,876,1029,877,1084,888,1133,915,1172,957,1198,1005,1216,1058,1228,1114,1225,1171,1214,1223,1196,1260,1164,1284,1120,1298,1069,1309,1017,1320,962,930,846,952,813,987,798,1026,799,1059,815,1128,819,1168,809,1211,815,1248,836,1270,874,1088,867,1083,888,1077,907,1071,930,1031,984,1050,988,1070,992,1091,993,1115,994,963,887,986,869,1013,869,1037,892,1010,893,984,892,1143,899,1169,881,1198,885,1221,908,1195,910,1167,905,984,1063,1015,1036,1046,1023,1065,1029,1083,1028,1119,1047,1159,1080,1118,1095,1081,1097,1061,1094,1041,1091,1012,1083,997,1061,1045,1048,1064,1051,1082,1053,1145,1077,1082,1073,1063,1071,1044,1067
2118,h,1,1,881,782,1327,1228,70.6,872,936,873,990,874,1041,883,1093,904,1139,938,1175,984,1200,1032,1220,1083,1228,1140,1223,1190,1207,1236,1181,1270,1144,1291,1098,1302,1044,1309,991,1314,936,912,872,936,837,974,821,1015,822,1054,837,1110,840,1149,823,1195,823,1235,842,1259,880,1078,879,1075,909,1073,938,1069,970,1032,1002,1051,1009,1074,1014,1097,1009,1119,1001,957,900,978,881,1006,880,1032,904,1004,906,977,906,1135,905,1160,883,1189,883,1213,903,1189,909,1160,907,1002,1080,1027,1056,1055,1045,1077,1049,1097,1044,1133,1053,1169,1077,1137,1094,1103,1100,1080,1102,1057,1100,1032,1095,1017,1078,1056,1066,1078,1068,1099,1066,1154,1075,1101,1079,1079,1080,1057,1078
2123,h,1,1,831,782,1277,1228,70.76666666666667,876,934,871,986,869,1037,870,1089,881,1137,905,1174,945,1200,992,1216,1047,1225,1107,1222,1167,1215,1220,1199,1258,1169,1282,1125,1295,1076,1306,1024,1317,969,904,847,927,812,966,797,1009,799,1046,817,1117,822,1160,811,1206,814,1245,837,1265,877,1075,871,1069,890,1064,907,1057,928,1015,987,1035,992,1057,995,1081,995,1105,994,947,890,972,873,1000,873,1024,895,998,895,970,894,1133,903,1162,885,1191,888,1214,910,1189,910,1160,907,969,1070,1005,1041,1035,1027,1054,1032,1073,1030,1108,1051,1149,1085,1105,1095,1070,1093,1049,1092,1029,1090,1001,1086,985,1067,1034,1053,1053,1055,1072,1056,1133,1080,1072,1072,1052,1070,1032,1068
2124,h,1,1,831,782,1277,1228,70.8,876,934,871,986,869,1037,870,1089,881,1137,905,1174,945,1200,992,1216,1047,1225,1107,1222,1167,1215,1220,1199,1258,1169,1282,1125,1295,1076,1306,1024,1317,969,904,847,927,812,966,797,1009,799,1046,817,1117,822,1160,811,1206,814,1245,837,1265,877,1075,871,1069,890,1064,907,1057,928,1015,987,1035,992,1057,995,1081,995,1105,994,947,890,972,873,1000,873,1024,895,998,895,970,894,1133,903,1162,885,1191,888,1214,910,1189,910,1160,907,969,1070,1005,1041,1035,1027,1054,1032,1073,1030,1108,1051,1149,1085,1105,1095,1070,1093,1049,1092,1029,1090,1001,1086,985,1067,1034,1053,1053,1055,1072,1056,1133,1080,1072,1072,1052,1070,1032,1068
2132,h,1,1,881,782,1327,1228,71.06666666666666,885,944,881,999,878,1053,880,1104,892,1151,916,1187,957,1211,1003,1226,1057,1235,1115,1233,1172,1225,1224,1210,1262,1180,1286,1137,1300,1085,1311,1031,1321,976,922,861,943,828,980,815,1020,816,1056,830,1124,834,1166,823,1211,825,1250,844,1271,883,1086,882,1080,902,1074,921,1067,943,1025,996,1045,1001,1066,1006,1091,1006,1116,1005,961,903,983,886,1008,885,1032,905,1007,906,981,906,1144,911,1170,894,1197,897,1220,917,1196,919,1168,915,982,1085,1013,1056,1043,1042,1063,1047,1084,1046,1118,1064,1157,1096,1117,1108,1081,1107,1060,1106,1038,1103,1010,1099,997,1081,1042,1065,1062,1068,1083,1069,1142,1092,1082,1084,1061,1082,1040,1081
2133,h,1,1,881,782,1327,1228,71.1,889,944,882,996,880,1049,881,1100,892,1147,915,1184,955,1210,1000,1224,1054,1233,1112,1231,1168,1224,1220,1211,1258,1183,1283,1141,1298,1092,1310,1039,1319,985,932,869,952,834,987,817,1026,817,1060,832,1128,834,1168,825,1211,831,1248,852,1269,890,1089,884,1083,904,1076,922,1069,943,1030,999,1048,1003,1068,1008,1091,1008,1115,1009,966,906,988,888,1013,887,1037,908,1012,909,986,909,1146,914,1172,897,1199,901,1221,922,1197,924,1170,920,985,1087,1015,1057,1044,1043,1063,1049,1084,1046,1119,1065,1159,1096,1117,1108,1083,1107,1061,1106,1040,1103,1014,1099,1000,1082,1044,1068,1063,1070,1083,1071,1144,1092,1084,1083,1063,1081,1043,1080
2134,h,1,1,881,782,1327,1228,71.13333333333334,890,947,886,999,884,1050,885,1100,895,1147,916,1185,953,1212,999,1228,1054,1237,1115,1236,1174,1230,1225,1214,1263,1184,1286,1142,1299,1091,1310,1037,1319,982,933,866,953,833,987,818,1026,819,1060,834,1126,838,1166,827,1209,831,1247,853,1268,891,1087,886,1081,907,1075,926,1069,948,1029,1003,1049,1007,1068,1012,1092,1011,1116,1011,966,908,987,889,1013,889,1036,910,1011,912,985,911,1145,917,1172,899,1199,903,1220,925,1196,927,1169,924,986,1092,1017,1060,1045,1046,1065,1051,1085,1049,1118,1068,1155,1102,1115,1107,1082,1104,1062,1102,1040,1100,1014,1099,1001,1087,1044,1073,1064,1075,1084,1076,1140,1096,1084,1080,1064,1078,1044,1076
2135,h,1,1,881,782,1327,1228,71.16666666666667,890,947,886,999,884,1050,885,1100,895,1147,916,1185,953,1212,999,1228,1054,1237,1115,1236,1174,1230,1225,1214,1263,1184,1286,1142,1299,1091,1310,1037,1319,982,933,866,953,833,987,818,1026,819,1060,834,1126,838,1166,827,1209,831,1247,853,1268,891,1087,886,1081,907,1075,926,1069,948,1029,1003,1049,1007,1068,1012,1092,1011,1116,1011,966,908,987,889,1013,889,1036,910,1011,912,985,911,1145,917,1172,899,1199,903,1220,925,1196,927,1169,924,986,1092,1017,1060,1045,1046,1065,1051,1085,1049,1118,1068,1155,1102,1115,1107,1082,1104,1062,1102,1040,1100,1014,1099,1001,1087,1044,1073,1064,1075,1084,1076,1140,1096,1084,1080,1064,1078,1044,1076
2136,h,1,1,881,782,1327,1228,71.2,890,948,887,1001,887,1054,888,1106,899,1154,923,1190,961,1216,1008,1230,1064,1239,1124,1238,1182,1232,1232,1215,1267,1183,1289,1138,1302,1088,1314,1033,1323,976,926,863,945,829,981,813,1021,812,1056,829,1126,831,1166,820,1210,823,1249,844,1269,883,1086,883,1082,905,1077,927,1072,951,1032,1007,1052,1010,1072,1013,1096,1013,1120,1013,966,904,986,888,1010,888,1032,905,1009,907,985,907,1150,911,1174,896,1199,899,1221,918,1197,918,1172,915,990,1094,1021,1064,1049,1049,1069,1054,1088,1051,1120,1071,1160,1103,1119,1110,1086,1107,1066,1106,1045,1103,1019,1101,1004,1090,1048,1075,1068,1077,1087,1078,1146,1098,1086,1082,1068,1080,1048,1078
2137,h,1,1,881,782,1327,1228,71.23333333333333,891,958,888,1011,887,1061,889,1112,901,1158,924,1195,963,1219,1009,1234,1065,1243,1125,1243,1182,1234,1233,1216,1268,1185,1291,1142,1303,1092,1312,1038,1320,983,930,867,949,832,986,815,1026,814,1061,831,1124,834,1164,821,1208,824,1248,845,1268,887,1087,884,1083,907,1079,929,1074,953,1032,1006,1053,1010,1075,1014,1098,1014,1122,1013,969,908,988,891,1011,891,1033,907,1010,908,987,909,1150,913,1174,899,1198,902,1220,921,1196,920,1171,917,991,1095,1022,1065,1050,1050,1070,1055,1089,1053,1120,1072,1159,1104,1119,1108,1087,1105,1067,1104,1046,1102,1020,1101,1004,1090,1049,1076,1069,1078,1088,1079,1145,1098,1088,1081,1069,1080,1048,1078
2138,h,1,1,881,782,1327,1228,71.26666666666667,894,964,891,1016,890,1066,893,1116,906,1161,930,1196,969,1219,1016,1235,1073,1243,1131,1240,1187,1232,1236,1214,1270,1183,1291,1139,1303,1090,1313,1037,1322,983,928,872,947,835,984,818,1025,817,1061,833,1128,836,1167,823,1212,826,1251,846,1272,885,1089,887,1085,910,1081,932,1075,956,1033,1009,1054,1013,1076,1017,1100,1016,1124,1015,968,911,989,896,1011,894,1034,910,1012,910,989,911,1154,913,1178,901,1202,903,1223,921,1200,919,1176,916,996,1095,1024,1066,1052,1052,1071,1057,1090,1056,1124,1075,1164,1106,1123,1113,1089,1110,1069,1109,1048,1106,1023,1104,1010,1091,1051,1079,1071,1081,1090,1083,1150,1102,1089,1087,1070,1084,1051,1083
2139,h,1,1,881,782,1327,1228,71.3,894,964,891,1016,890,1066,893,1116,906,1161,930,1196,969,1219,1016,1235,1073,1243,1131,1240,1187,1232,1236,1214,1270,1183,1291,1139,1303,1090,1313,1037,1322,983,928,872,947,835,984,818,1025,817,1061,833,1128,836,1167,823,1212,826,1251,846,1272,885,1089,887,1085,910,1081,932,1075,956,1033,1009,1054,1013,1076,1017,1100,1016,1124,1015,968,911,989,896,1011,894,1034,910,1012,910,989,911,1154,913,1178,901,1202,903,1223,921,1200,919,1176,916,996,1095,1024,1066,1052,1052,1071,1057,1090,1056,1124,1075,1164,1106,1123,1113,1089,1110,1069,1109,1048,1106,1023,1104,1010,1091,1051,1079,1071,1081,1090,1083,1150,1102,1089,1087,1070,1084,1051,1083
2140,h,1,1,881,782,1327,1228,71.33333333333333,898,967,894,1018,893,1068,894,1117,907,1162,931,1198,970,1221,1018,1235,1074,1243,1133,1239,1188,1231,1238,1213,1272,1183,1293,1139,1305,1090,1314,1038,1322,986,932,876,949,838,986,821,1027,819,1063,836,1126,838,1165,825,1209,827,1248,849,1270,890,1089,887,1085,909,1081,931,1076,955,1036,1008,1055,1012,1076,1017,1100,1016,1123,1014,971,913,990,897,1012,895,1035,912,1012,914,990,914,1152,916,1175,902,1199,904,1220,923,1198,922,1173,920,998,1097,1027,1068,1054,1053,1073,1059,1092,1057,1124,1076,1163,1106,1123,1111,1091,1107,1071,1106,1050,1103,1025,1103,1011,1092,1053,1079,1073,1082,1092,1084,1149,1102,1092,1085,1073,1083,1052,1081
2141,h,1,1,881,782,1327,1228,71.36666666666666,899,965,896,1018,894,1069,896,1119,907,1165,930,1200,968,1224,1013,1238,1070,1247,1129,1246,1187,1237,1239,1219,1276,1187,1297,1143,1309,1091,1318,1036,1326,981,931,885,945,844,981,823,1023,820,1059,835,1125,837,1165,825,1211,828,1251,850,1270,893,1087,887,1083,910,1079,932,1073,957,1033,1009,1053,1012,1074,1016,1098,1016,1123,1014,971,912,990,897,1013,895,1034,910,1013,911,990,912,1153,913,1177,900,1200,903,1221,920,1198,919,1174,916,999,1096,1025,1068,1051,1054,1070,1060,1089,1057,1122,1077,1162,1108,1122,1112,1088,1109,1069,1108,1048,1105,1024,1103,1013,1092,1050,1080,1070,1083,1088,1084,1148,1103,1089,1086,1070,1084,1050,1081
2142,h,1,1,881,782,1327,1228,71.4,899,965,896,1018,894,1069,896,1119,907,1165,930,1200,968,1224,1013,1238,1070,1247,1129,1246,1187,1237,1239,1219,1276,1187,1297,1143,1309,1091,1318,1036,1326,981,931,885,945,844,981,823,1023,820,1059,835,1125,837,1165,825,1211,828,1251,850,1270,893,1087,887,1083,910,1079,932,1073,957,1033,1009,1053,1012,1074,1016,1098,1016,1123,1014,971,912,990,897,1013,895,1034,910,1013,911,990,912,1153,913,1177,900,1200,903,1221,920,1198,919,1174,916,999,1096,1025,1068,1051,1054,1070,1060,1089,1057,1122,1077,1162,1108,1122,1112,1088,1109,1069,1108,1048,1105,1024,1103,1013,1092,1050,1080,1070,1083,1088,1084,1148,1103,1089,1086,1070,1084,1050,1081
2143,h,1,1,881,782,1327,1228,71.43333333333334,902,961,897,1013,895,1064,897,1114,908,1159,929,1195,966,1221,1011,1238,1065,1247,1125,1246,1183,1237,1236,1220,1273,1187,1295,1141,1307,1090,1316,1035,1323,980,935,882,952,846,985,827,1025,824,1061,838,1127,840,1166,827,1210,830,1249,849,1269,889,1087,893,1083,915,1079,936,1074,959,1035,1014,1054,1018,1074,1021,1098,1020,1122,1019,974,917,993,900,1016,899,1037,917,1015,918,992,918,1152,919,1175,903,1200,905,1221,924,1198,924,1173,922,998,1099,1025,1070,1052,1055,1071,1060,1089,1057,1122,1076,1163,1108,1122,1113,1089,1110,1069,1108,1048,1106,1023,1106,1011,1095,1051,1081,1071,1084,1089,1085,1149,1103,1089,1087,1070,1084,1050,1082
2144,h,1,1,881,782,1327,1228,71.46666666666667,903,961,899,1013,898,1063,899,1114,910,1161,932,1196,967,1222,1013,1237,1068,1244,1129,1243,1187,1236,1238,1220,1274,1189,1296,1145,1308,1094,1317,1040,1325,985,934,882,951,845,987,826,1028,824,1065,838,1127,839,1167,827,1210,830,1249,850,1270,891,1089,892,1085,914,1081,935,1075,959,1033,1013,1054,1016,1075,1020,1100,1019,1124,1017,973,918,993,902,1016,900,1037,917,1015,918,992,919,1153,918,1177,905,1201,907,1221,924,1199,924,1175,922,995,1101,1024,1071,1052,1055,1071,1060,1089,1057,1122,1077,1161,1108,1121,1112,1088,1109,1068,1108,1048,1107,1022,1107,1008,1096,1051,1082,1071,1083,1089,1085,1147,1103,1089,1085,1070,1084,1051,1083
2145,h,1,1,881,782,1327,1228,71.5,904,963,899,1014,897,1065,899,1115,909,1161,930,1196,966,1222,1012,1236,1068,1244,1128,1243,1187,1236,1240,1219,1276,1187,1298,1143,1308,1094,1318,1040,1327,986,932,882,949,845,986,827,1027,826,1063,842,1128,845,1167,831,1211,833,1250,851,1271,891,1090,892,1085,914,1080,935,1074,958,1035,1012,1054,1016,1075,1020,1098,1019,1122,1018,973,918,992,901,1015,900,1037,917,1015,919,991,919,1153,919,1177,904,1201,906,1222,925,1200,924,1175,922,998,1098,1026,1069,1052,1054,1070,1059,1089,1057,1121,1077,1162,1108,1121,1112,1088,1108,1068,1107,1048,1105,1024,1104,1011,1093,1050,1081,1070,1083,1089,1085,1148,1103,1089,1085,1070,1083,1050,1081
2146,h,1,1,881,782,1327,1228,71.53333333333333,904,963,899,1014,897,1065,899,1115,909,1161,930,1196,966,1222,1012,1236,1068,1244,1128,1243,1187,1236,1240,1219,1276,1187,1298,1143,1308,1094,1318,1040,1327,986,932,882,949,845,986,827,1027,826,1063,842,1128,845,1167,831,1211,833,1250,851,1271,891,1090,892,1085,914,1080,935,1074,958,1035,1012,1054,1016,1075,1020,1098,1019,1122,1018,973,918,992,901,1015,900,1037,917,1015,919,991,919,1153,919,1177,904,1201,906,1222,925,1200,924,1175,922,998,1098,1026,1069,1052,1054,1070,1059,1089,1057,1121,1077,1162,1108,1121,1112,1088,1108,1068,1107,1048,1105,1024,1104,1011,1093,1050,1081,1070,1083,1089,1085,1148,1103,1089,1085,1070,1083,1050,1081
2147,h,1,1,881,782,1327,1228,71.56666666666666,907,959,900,1009,896,1060,897,1110,906,1158,926,1195,961,1221,1007,1235,1061,1244,1121,1244,1180,1240,1233,1225,1270,1197,1294,1155,1308,1105,1319,1051,1327,996,938,876,954,840,989,822,1028,820,1063,837,1129,840,1168,828,1213,832,1251,854,1270,895,1088,894,1083,915,1078,935,1072,958,1031,1012,1051,1016,1072,1020,1096,1020,1120,1019,974,918,993,902,1016,900,1038,917,1015,917,993,918,1152,921,1177,908,1202,911,1222,931,1199,928,1174,924,992,1098,1020,1068,1048,1053,1069,1058,1088,1056,1121,1075,1160,1109,1119,1112,1085,1109,1064,1108,1042,1106,1017,1105,1004,1094,1047,1080,1068,1082,1087,1084,1146,1103,1086,1086,1066,1084,1046,1082
2148,h,1,1,881,782,1327,1228,71.6,902,959,897,1011,895,1061,897,1112,908,1158,930,1193,968,1217,1015,1232,1069,1241,1129,1239,1189,1231,1242,1214,1277,1182,1298,1138,1309,1088,1319,1035,1328,980,923,874,943,839,982,823,1024,823,1060,841,1126,842,1167,828,1214,830,1255,850,1277,890,1087,893,1083,914,1077,934,1071,956,1033,1010,1051,1014,1071,1017,1095,1018,1118,1017,968,913,989,899,1012,899,1034,913,1012,915,988,915,1152,918,1176,906,1200,909,1222,925,1199,926,1174,923,999,1092,1026,1064,1051,1051,1069,1057,1087,1055,1121,1076,1162,1108,1120,1114,1085,1109,1066,1106,1046,1103,1023,1101,1012,1088,1050,1078,1068,1081,1086,1083,1148,1104,1086,1085,1068,1081,1049,1079
2149,h,1,1,881,782,1327,1228,71.63333333333334,900,953,896,1005,895,1055,895,1105,902,1151,923,1187,960,1214,1006,1230,1060,1239,1121,1239,1181,1233,1235,1219,1272,1188,1295,1144,1307,1092,1317,1038,1326,982,918,874,937,834,976,814,1020,813,1058,831,1123,837,1165,822,1212,826,1253,849,1273,893,1084,889,1079,911,1074,931,1068,955,1024,1007,1045,1012,1067,1016,1091,1016,1116,1016,962,908,984,895,1008,895,1032,911,1008,913,983,913,1147,917,1173,903,1199,906,1222,924,1197,925,1171,922,986,1090,1015,1062,1042,1047,1061,1054,1080,1053,1114,1074,1155,1108,1112,1109,1077,1104,1056,1102,1036,1099,1011,1097,1000,1087,1041,1074,1060,1077,1079,1080,1141,1102,1078,1082,1059,1079,1039,1077
2150,h,1,1,881,782,1327,1228,71.66666666666667,900,953,896,1005,895,1055,895,1105,902,1151,923,1187,960,1214,1006,1230,1060,1239,1121,1239,1181,1233,1235,1219,1272,1188,1295,1144,1307,1092,1317,1038,1326,982,918,874,937,834,976,814,1020,813,1058,831,1123,837,1165,822,1212,826,1253,849,1273,893,1084,889,1079,911,1074,931,1068,955,1024,1007,1045,1012,1067,1016,1091,1016,1116,1016,962,908,984,895,1008,895,1032,911,1008,913,983,913,1147,917,1173,903,1199,906,1222,924,1197,925,1171,922,986,1090,1015,1062,1042,1047,1061,1054,1080,1053,1114,1074,1155,1108,1112,1109,1077,1104,1056,1102,1036,1099,1011,1097,1000,1087,1041,1074,1060,1077,1079,1080,1141,1102,1078,1082,1059,1079,1039,1077
2162,h,1,1,831,782,1277,1228,72.06666666666666,906,949,896,995,892,1042,896,1089,907,1133,925,1173,955,1202,990,1222,1037,1238,1090,1240,1152,1238,1210,1228,1253,1202,1284,1161,1305,1112,1321,1061,1334,1008,928,860,949,837,979,828,1012,836,1040,854,1114,862,1156,849,1200,851,1238,872,1264,904,1067,896,1058,914,1048,930,1038,949,1008,1001,1023,1007,1038,1011,1060,1014,1081,1016,957,903,978,887,1005,889,1026,910,1001,911,974,910,1132,925,1159,908,1188,914,1211,937,1184,937,1157,932,975,1088,992,1052,1016,1041,1030,1048,1049,1050,1086,1073,1127,1113,1082,1124,1043,1121,1023,1117,1006,1111,987,1101,987,1085,1013,1068,1029,1072,1047,1077,1112,1107,1046,1095,1027,1090,1012,1085
2164,h,1,1,831,782,1277,1228,72.13333333333334,915,954,905,995,899,1037,902,1079,910,1120,927,1156,958,1185,991,1210,1035,1227,1091,1231,1154,1231,1216,1223,1262,1201,1293,1164,1312,1115,1329,1065,1345,1013,928,873,948,850,981,848,1013,861,1041,879,1105,881,1150,870,1196,871,1239,889,1266,922,1065,905,1055,919,1044,933,1032,949,1002,998,1018,1005,1034,1010,1057,1014,1080,1017,957,911,976,896,1001,897,1022,917,999,917,973,916,1133,933,1162,919,1190,926,1213,947,1185,945,1158,940,977,1085,990,1051,1011,1039,1024,1047,1042,1048,1082,1073,1125,1113,1080,1118,1039,1113,1021,1108,1006,1102,988,1093,989,1083,1011,1068,1024,1071,1041,1076,1110,1107,1041,1087,1023,1081,1010,1076
2165,h,1,1,831,782,1277,1228,72.16666666666667,915,954,905,995,899,1037,902,1079,910,1120,927,1156,958,1185,991,1210,1035,1227,1091,1231,1154,1231,1216,1223,1262,1201,1293,1164,1312,1115,1329,1065,1345,1013,928,873,948,850,981,848,1013,861,1041,879,1105,881,1150,870,1196,871,1239,889,1266,922,1065,905,1055,919,1044,933,1032,949,1002,998,1018,1005,1034,1010,1057,1014,1080,1017,957,911,976,896,1001,897,1022,917,999,917,973,916,1133,933,1162,919,1190,926,1213,947,1185,945,1158,940,977,1085,990,1051,1011,1039,1024,1047,1042,1048,1082,1073,1125,1113,1080,1118,1039,1113,1021,1108,1006,1102,988,1093,989,1083,1011,1068,1024,1071,1041,1076,1110,1107,1041,1087,1023,1081,1010,1076
2167,h,1,1,831,782,1277,1228,72.23333333333333,921,944,908,989,899,1035,898,1083,906,1128,922,1166,950,1197,984,1220,1030,1237,1088,1242,1153,1241,1214,1232,1262,1209,1295,1169,1317,1119,1334,1069,1350,1015,936,859,957,835,989,830,1021,841,1050,860,1113,871,1158,861,1205,862,1246,883,1276,921,1072,897,1062,914,1051,930,1038,949,1006,1000,1022,1006,1038,1011,1061,1015,1083,1018,960,900,980,885,1005,888,1027,907,1002,906,977,905,1136,926,1165,913,1193,920,1217,941,1189,938,1161,932,973,1086,990,1053,1014,1042,1028,1050,1046,1051,1084,1076,1126,1115,1079,1125,1040,1122,1020,1117,1004,1112,985,1101,986,1085,1012,1069,1026,1073,1044,1078,1110,1109,1043,1095,1024,1090,1010,1085
2170,h,1,1,899,816,1270,1188,72.33333333333333,934,931,920,978,910,1026,902,1074,902,1117,916,1151,945,1176,980,1195,1025,1210,1077,1218,1134,1219,1188,1210,1231,1189,1262,1155,1285,1113,1306,1069,1325,1022,958,853,980,825,1014,814,1051,818,1082,835,1154,850,1194,846,1236,856,1268,883,1284,922,1104,896,1095,915,1085,932,1074,952,1031,1002,1048,1007,1064,1014,1086,1019,1108,1024,981,895,1005,882,1031,886,1052,909,1027,906,1000,902,1158,931,1187,917,1214,924,1234,948,1208,944,1182,938,980,1073,1010,1052,1040,1044,1054,1055,1073,1057,1102,1080,1134,1117,1091,1119,1057,1112,1038,1106,1021,1099,997,1089,993,1072,1034,1071,1050,1078,1068,1084,1120,1111,1064,1085,1046,1079,1030,1073
2171,h,1,1,899,816,1270,1188,72.36666666666666,943,925,928,970,916,1017,906,1066,903,1110,914,1148,939,1178,973,1199,1019,1216,1073,1224,1130,1222,1184,1213,1227,1192,1259,1158,1284,1117,1306,1074,1329,1027,964,850,987,822,1022,810,1059,814,1092,832,1160,847,1201,843,1243,855,1277,884,1291,925,1110,891,1098,912,1086,932,1074,954,1032,1001,1047,1008,1063,1015,1086,1020,1108,1024,986,893,1011,881,1037,886,1059,907,1033,905,1005,901,1164,929,1195,917,1222,926,1241,949,1216,946,1189,938,974,1072,1006,1051,1035,1043,1049,1052,1068,1055,1097,1081,1134,1116,1085,1119,1051,1111,1032,1104,1015,1097,993,1088,987,1071,1029,1070,1045,1076,1063,1082,1118,1110,1058,1083,1040,1077,1024,1072
2181,h,1,1,881,782,1327,1228,72.7,944,942,936,987,928,1033,928,1082,936,1130,955,1171,987,1202,1024,1226,1074,1241,1133,1244,1197,1239,1258,1226,1305,1199,1335,1156,1353,1105,1368,1054,1382,1002,955,872,978,846,1014,840,1050,856,1082,877,1148,879,1194,867,1241,866,1284,887,1309,923,1107,905,1097,922,1087,938,1076,957,1045,1007,1061,1015,1078,1019,1101,1020,1124,1022,989,909,1010,895,1038,896,1061,917,1034,916,1007,915,1174,931,1201,917,1230,923,1255,944,1226,944,1197,938,1009,1093,1032,1067,1057,1054,1074,1060,1094,1059,1132,1077,1176,1110,1131,1123,1093,1124,1072,1121,1053,1119,1029,1111,1022,1094,1057,1080,1074,1082,1093,1084,1159,1107,1094,1099,1074,1097,1057,1094
2182,h,1,1,881,782,1327,1228,72.73333333333333,952,939,938,987,928,1037,921,1087,920,1136,932,1176,960,1206,997,1227,1045,1241,1103,1248,1168,1248,1229,1241,1275,1220,1307,1182,1328,1133,1346,1085,1363,1035,968,864,986,827,1023,807,1064,809,1100,830,1159,849,1204,841,1252,855,1290,886,1308,933,1112,892,1103,914,1093,934,1082,957,1042,1005,1059,1012,1076,1019,1101,1021,1125,1023,993,901,1016,891,1040,893,1063,910,1037,906,1012,904,1176,932,1208,924,1234,933,1256,953,1226,946,1200,938,988,1089,1019,1062,1047,1049,1063,1059,1081,1060,1114,1086,1153,1125,1104,1123,1067,1115,1048,1110,1030,1104,1009,1099,1000,1087,1043,1077,1060,1082,1077,1088,1137,1118,1073,1091,1056,1085,1038,1081
2183,h,1,1,881,782,1327,1228,72.76666666666667,953,940,940,990,930,1040,922,1092,921,1141,935,1184,963,1217,999,1238,1051,1253,1111,1260,1175,1261,1235,1250,1279,1225,1308,1185,1329,1137,1349,1088,1367,1035,971,863,994,829,1033,813,1076,819,1109,844,1168,860,1214,851,1263,864,1302,894,1318,941,1127,903,1117,927,1106,950,1095,976,1047,1018,1065,1028,1085,1037,1111,1040,1136,1043,999,903,1024,896,1049,901,1073,917,1046,915,1020,912,1186,941,1218,936,1244,946,1264,966,1237,961,1211,952,1001,1096,1029,1073,1057,1067,1077,1078,1103,1080,1134,1103,1168,1142,1123,1143,1086,1135,1060,1130,1037,1122,1015,1111,1012,1094,1051,1093,1073,1101,1098,1106,1154,1135,1093,1111,1068,1105,1046,1097
2184,h,1,1,881,782,1327,1228,72.8,953,940,940,990,930,1040,922,1092,921,1141,935,1184,963,1217,999,1238,1051,1253,1111,1260,1175,1261,1235,1250,1279,1225,1308,1185,1329,1137,1349,1088,1367,1035,971,863,994,829,1033,813,1076,819,1109,844,1168,860,1214,851,1263,864,1302,894,1318,941,1127,903,1117,927,1106,950,1095,976,1047,1018,1065,1028,1085,1037,1111,1040,1136,1043,999,903,1024,896,1049,901,1073,917,1046,915,1020,912,1186,941,1218,936,1244,946,1264,966,1237,961,1211,952,1001,1096,1029,1073,1057,1067,1077,1078,1103,1080,1134,1103,1168,1142,1123,1143,1086,1135,1060,1130,1037,1122,1015,1111,1012,1094,1051,1093,1073,1101,1098,1106,1154,1135,1093,1111,1068,1105,1046,1097
2186,h,1,1,881,831,1327,1277,72.86666666666666,938,966,927,1014,921,1064,919,1115,925,1164,942,1210,972,1246,1008,1272,1058,1290,1115,1293,1177,1284,1234,1264,1279,1233,1311,1190,1333,1140,1351,1087,1368,1031,949,891,972,863,1009,857,1047,865,1083,881,1154,888,1200,879,1247,885,1288,909,1311,949,1109,929,1100,948,1090,966,1079,987,1045,1040,1061,1046,1079,1051,1100,1053,1122,1056,983,934,1006,919,1034,923,1057,946,1031,943,1002,941,1173,962,1202,946,1231,953,1255,976,1227,974,1198,969,1002,1125,1026,1098,1054,1087,1072,1095,1093,1095,1129,1116,1168,1151,1124,1169,1084,1172,1061,1169,1042,1164,1018,1152,1014,1126,1051,1111,1069,1116,1091,1120,1153,1148,1088,1146,1066,1143,1048,1139
2187,h,1,1,881,782,1327,1228,72.9,950,934,936,985,925,1037,918,1091,920,1141,934,1182,962,1214,996,1239,1047,1257,1107,1265,1174,1265,1235,1257,1282,1233,1315,1192,1340,1143,1361,1091,1382,1038,970,858,994,825,1032,810,1073,816,1106,838,1167,856,1214,850,1263,863,1304,891,1325,937,1123,900,1112,923,1100,945,1086,970,1040,1014,1058,1023,1076,1032,1102,1036,1127,1039,998,901,1021,893,1047,897,1067,913,1042,910,1017,907,1186,939,1218,933,1244,944,1266,964,1237,959,1210,950,993,1096,1019,1071,1046,1062,1062,1073,1084,1075,1119,1102,1157,1145,1109,1147,1070,1138,1047,1132,1028,1123,1007,1112,1007,1095,1040,1091,1059,1098,1080,1104,1141,1137,1076,1109,1056,1103,1036,1096
2188,h,1,1,881,782,1327,1228,72.93333333333334,950,934,936,985,925,1037,918,1091,920,1141,934,1182,962,1214,996,1239,1047,1257,1107,1265,1174,1265,1235,1257,1282,1233,1315,1192,1340,1143,1361,1091,1382,1038,970,858,994,825,1032,810,1073,816,1106,838,1167,856,1214,850,1263,863,1304,891,1325,937,1123,900,1112,923,1100,945,1086,970,1040,1014,1058,1023,1076,1032,1102,1036,1127,1039,998,901,1021,893,1047,897,1067,913,1042,910,1017,907,1186,939,1218,933,1244,944,1266,964,1237,959,1210,950,993,1096,1019,1071,1046,1062,1062,1073,1084,1075,1119,1102,1157,1145,1109,1147,1070,1138,1047,1132,1028,1123,1007,1112,1007,1095,1040,1091,1059,1098,1080,1104,1141,1137,1076,1109,1056,1103,1036,1096
2189,h,1,1,881,782,1327,1228,72.96666666666667,953,929,939,978,928,1028,922,1080,926,1128,942,1168,972,1198,1006,1220,1053,1237,1110,1244,1173,1245,1233,1238,1280,1216,1313,1177,1336,1128,1357,1078,1376,1026,978,854,1000,825,1035,815,1072,822,1106,840,1167,858,1212,853,1258,863,1296,889,1317,928,1118,893,1107,914,1096,934,1084,957,1043,1002,1060,1010,1077,1018,1101,1022,1125,1026,1003,893,1026,883,1051,887,1071,906,1046,903,1021,900,1180,929,1210,922,1237,931,1259,951,1230,946,1203,938,997,1082,1020,1057,1046,1048,1061,1057,1079,1059,1113,1087,1153,1128,1105,1128,1068,1119,1049,1113,1031,1105,1011,1095,1008,1080,1042,1074,1059,1080,1075,1085,1138,1120,1073,1094,1056,1087,1039,1081
2190,h,1,1,881,782,1327,1228,73.0,952,939,938,987,928,1036,925,1087,932,1132,950,1171,982,1199,1016,1221,1061,1237,1119,1244,1183,1242,1244,1235,1290,1211,1322,1170,1343,1119,1360,1069,1377,1018,977,851,997,825,1028,817,1062,824,1091,841,1162,855,1205,849,1249,857,1285,881,1308,916,1113,891,1104,910,1095,928,1085,949,1047,997,1064,1005,1081,1011,1105,1014,1127,1016,1003,892,1023,884,1047,887,1068,902,1044,900,1020,897,1178,924,1208,917,1233,925,1256,944,1227,938,1202,931,1002,1078,1026,1050,1051,1040,1066,1048,1084,1051,1119,1079,1159,1120,1110,1124,1071,1115,1053,1108,1036,1101,1017,1092,1015,1077,1048,1067,1063,1072,1080,1079,1143,1113,1076,1089,1059,1081,1044,1076
2191,h,1,1,881,782,1327,1228,73.03333333333333,952,939,938,987,928,1036,925,1087,932,1132,950,1171,982,1199,1016,1221,1061,1237,1119,1244,1183,1242,1244,1235,1290,1211,1322,1170,1343,1119,1360,1069,1377,1018,977,851,997,825,1028,817,1062,824,1091,841,1162,855,1205,849,1249,857,1285,881,1308,916,1113,891,1104,910,1095,928,1085,949,1047,997,1064,1005,1081,1011,1105,1014,1127,1016,1003,892,1023,884,1047,887,1068,902,1044,900,1020,897,1178,924,1208,917,1233,925,1256,944,1227,938,1202,931,1002,1078,1026,1050,1051,1040,1066,1048,1084,1051,1119,1079,1159,1120,1110,1124,1071,1115,1053,1108,1036,1101,1017,1092,1015,1077,1048,1067,1063,1072,1080,1079,1143,1113,1076,1089,1059,1081,1044,1076
2192,h,1,1,881,782,1327,1228,73.06666666666666,955,931,941,980,931,1031,924,1080,924,1129,938,1169,968,1199,1003,1219,1052,1234,1110,1241,1175,1242,1234,1236,1280,1214,1311,1176,1333,1129,1351,1080,1369,1028,974,857,994,823,1030,807,1070,809,1106,827,1172,846,1218,843,1264,857,1300,887,1317,931,1121,891,1112,910,1102,928,1092,949,1048,994,1065,1002,1083,1009,1108,1014,1131,1017,1003,894,1027,884,1052,886,1074,905,1049,902,1023,899,1184,930,1215,920,1242,929,1263,952,1235,946,1208,938,997,1083,1023,1050,1051,1036,1068,1046,1087,1047,1120,1078,1152,1124,1108,1129,1071,1123,1052,1117,1032,1110,1011,1099,1012,1080,1047,1066,1064,1072,1082,1078,1136,1116,1077,1094,1059,1088,1041,1083
2193,h,1,1,881,782,1327,1228,73.1,959,945,945,989,935,1035,930,1084,930,1131,941,1173,966,1205,999,1230,1047,1249,1106,1254,1176,1254,1243,1245,1293,1220,1326,1181,1346,1130,1361,1080,1376,1028,976,866,990,838,1017,824,1047,828,1073,847,1165,861,1206,851,1250,859,1286,884,1307,921,1101,901,1089,921,1076,940,1061,961,1032,1006,1047,1013,1064,1020,1088,1021,1113,1021,995,914,1015,897,1041,897,1065,917,1039,917,1013,917,1169,933,1201,920,1231,927,1255,951,1224,948,1195,941,991,1088,1013,1058,1040,1046,1057,1053,1078,1053,1115,1077,1156,1119,1109,1129,1069,1128,1047,1125,1027,1119,1006,1108,1007,1086,1037,1073,1055,1077,1076,1081,1137,1113,1073,1102,1052,1098,1033,1094
2194,h,1,1,881,782,1327,1228,73.13333333333334,953,943,939,990,931,1040,923,1088,921,1139,930,1183,957,1218,994,1241,1045,1255,1107,1261,1175,1260,1236,1252,1281,1228,1311,1189,1333,1141,1352,1091,1370,1039,969,865,988,833,1024,818,1063,820,1100,835,1174,856,1217,851,1262,863,1298,889,1317,929,1118,898,1109,919,1099,937,1088,958,1046,1009,1063,1015,1080,1022,1105,1025,1130,1028,995,909,1017,896,1043,897,1065,915,1039,913,1014,911,1183,938,1214,929,1242,937,1263,960,1235,955,1207,946,993,1099,1020,1066,1050,1052,1067,1061,1086,1062,1120,1091,1157,1138,1109,1145,1070,1141,1050,1136,1031,1129,1009,1118,1007,1097,1045,1083,1063,1089,1081,1095,1140,1131,1077,1110,1059,1104,1040,1100
2195,h,1,1,881,782,1327,1228,73.16666666666667,953,943,939,990,931,1040,923,1088,921,1139,930,1183,957,1218,994,1241,1045,1255,1107,1261,1175,1260,1236,1252,1281,1228,1311,1189,1333,1141,1352,1091,1370,1039,969,865,988,833,1024,818,1063,820,1100,835,1174,856,1217,851,1262,863,1298,889,1317,929,1118,898,1109,919,1099,937,1088,958,1046,1009,1063,1015,1080,1022,1105,1025,1130,1028,995,909,1017,896,1043,897,1065,915,1039,913,1014,911,1183,938,1214,929,1242,937,1263,960,1235,955,1207,946,993,1099,1020,1066,1050,1052,1067,1061,1086,1062,1120,1091,1157,1138,1109,1145,1070,1141,1050,1136,1031,1129,1009,1118,1007,1097,1045,1083,1063,1089,1081,1095,1140,1131,1077,1110,1059,1104,1040,1100
2196,h,1,1,881,782,1327,1228,73.2,949,935,934,985,925,1040,921,1092,922,1144,934,1190,961,1227,997,1252,1045,1268,1104,1273,1170,1272,1233,1262,1281,1236,1316,1195,1339,1144,1359,1092,1377,1037,970,859,988,821,1026,800,1068,803,1103,826,1164,846,1209,839,1258,852,1295,885,1313,932,1120,889,1110,913,1099,936,1088,962,1043,1009,1060,1017,1079,1025,1104,1028,1129,1030,998,897,1022,887,1046,889,1069,905,1043,901,1019,898,1179,932,1212,925,1238,935,1259,958,1230,949,1204,939,992,1098,1019,1067,1050,1054,1066,1065,1086,1066,1118,1095,1153,1140,1106,1148,1069,1144,1047,1140,1028,1133,1006,1118,1006,1096,1044,1084,1062,1090,1081,1096,1136,1133,1076,1116,1056,1111,1037,1104
2197,h,1,1,881,782,1327,1228,73.23333333333333,951,924,935,974,926,1028,921,1080,921,1134,931,1181,957,1219,991,1246,1041,1264,1103,1271,1167,1270,1229,1258,1278,1231,1312,1189,1336,1138,1354,1084,1372,1031,976,852,994,816,1031,798,1073,802,1107,825,1163,849,1207,841,1255,853,1292,882,1310,927,1119,886,1110,909,1099,931,1088,956,1043,1004,1060,1012,1078,1019,1104,1022,1128,1024,1002,891,1025,881,1049,883,1071,900,1045,895,1022,893,1181,927,1213,921,1238,931,1258,953,1229,944,1204,934,993,1096,1019,1065,1047,1052,1065,1063,1085,1064,1117,1092,1148,1138,1104,1143,1068,1139,1047,1135,1026,1127,1006,1114,1006,1095,1042,1082,1061,1088,1080,1093,1132,1130,1076,1111,1057,1105,1037,1099
2198,h,1,1,881,782,1327,1228,73.26666666666667,947,930,934,979,925,1031,922,1081,923,1131,935,1173,961,1207,994,1231,1042,1250,1101,1257,1168,1257,1233,1249,1283,1227,1318,1187,1343,1137,1362,1083,1380,1028,971,852,993,823,1029,811,1067,815,1102,831,1166,852,1211,847,1259,858,1296,885,1318,924,1114,895,1104,914,1092,933,1079,954,1039,1003,1057,1010,1076,1017,1102,1020,1126,1022,997,898,1021,887,1048,888,1071,908,1043,906,1016,904,1179,931,1211,921,1239,930,1262,952,1232,947,1203,939,993,1093,1018,1060,1048,1045,1064,1054,1081,1055,1115,1084,1151,1131,1105,1139,1067,1137,1049,1133,1031,1126,1008,1115,1006,1091,1044,1075,1061,1080,1077,1085,1133,1124,1074,1107,1057,1101,1039,1097
2199,h,1,1,881,782,1327,1228,73.3,947,930,934,979,925,1031,922,1081,923,1131,935,1173,961,1207,994,1231,1042,1250,1101,1257,1168,1257,1233,1249,1283,1227,1318,1187,1343,1137,1362,1083,1380,1028,971,852,993,823,1029,811,1067,815,1102,831,1166,852,1211,847,1259,858,1296,885,1318,924,1114,895,1104,914,1092,933,1079,954,1039,1003,1057,1010,1076,1017,1102,1020,1126,1022,997,898,1021,887,1048,888,1071,908,1043,906,1016,904,1179,931,1211,921,1239,930,1262,952,1232,947,1203,939,993,1093,1018,1060,1048,1045,1064,1054,1081,1055,1115,1084,1151,1131,1105,1139,1067,1137,1049,1133,1031,1126,1008,1115,1006,1091,1044,1075,1061,1080,1077,1085,1133,1124,1074,1107,1057,1101,1039,1097
2200,h,1,1,881,782,1327,1228,73.33333333333333,954,933,943,981,935,1031,929,1079,929,1127,942,1169,970,1201,1003,1226,1053,1245,1112,1252,1181,1251,1244,1243,1292,1216,1324,1174,1345,1122,1363,1071,1380,1017,969,854,990,825,1025,812,1063,817,1097,833,1163,852,1208,846,1254,855,1293,879,1315,918,1111,891,1102,912,1091,931,1080,953,1043,1000,1061,1007,1079,1013,1104,1016,1128,1018,998,895,1021,884,1046,885,1069,903,1043,899,1018,898,1180,923,1210,914,1237,923,1260,942,1231,937,1204,929,1001,1088,1025,1055,1052,1041,1067,1051,1085,1051,1120,1081,1157,1127,1110,1135,1072,1131,1053,1127,1035,1119,1015,1107,1016,1086,1048,1071,1064,1076,1081,1082,1140,1119,1077,1101,1060,1095,1043,1090
2201,h,1,1,881,782,1327,1228,73.36666666666666,948,934,935,983,927,1034,922,1085,923,1133,938,1174,969,1206,1005,1229,1054,1246,1113,1253,1178,1252,1238,1243,1285,1217,1318,1174,1338,1123,1355,1071,1372,1016,970,852,990,820,1026,806,1066,809,1101,824,1167,843,1211,839,1257,850,1293,876,1314,917,1117,891,1110,911,1101,930,1091,950,1049,1000,1067,1006,1085,1013,1109,1016,1132,1019,997,896,1021,883,1047,885,1070,906,1043,903,1017,900,1180,928,1210,916,1238,923,1261,945,1232,940,1204,934,997,1089,1023,1053,1052,1038,1070,1048,1089,1049,1124,1079,1159,1128,1114,1136,1076,1131,1056,1126,1036,1118,1013,1106,1012,1086,1048,1071,1067,1076,1085,1082,1143,1121,1082,1101,1063,1094,1044,1089
2202,h,1,1,881,782,1327,1228,73.4,961,928,948,975,938,1024,931,1074,926,1123,935,1167,964,1201,1000,1226,1050,1245,1113,1253,1182,1251,1249,1242,1298,1217,1329,1174,1350,1122,1367,1069,1384,1013,970,859,992,832,1025,827,1059,838,1089,857,1167,872,1211,864,1256,868,1296,890,1319,927,1114,903,1102,923,1090,941,1077,962,1046,1004,1061,1010,1078,1016,1101,1019,1124,1021,1002,900,1022,886,1048,890,1069,911,1044,908,1018,906,1182,933,1212,919,1241,927,1264,950,1235,946,1207,939,998,1092,1021,1060,1049,1045,1066,1054,1086,1054,1122,1084,1160,1129,1114,1135,1075,1132,1054,1127,1033,1120,1012,1109,1011,1091,1046,1076,1064,1081,1083,1086,1142,1122,1080,1103,1060,1097,1041,1093
2203,h,1,1,881,782,1327,1228,73.43333333333334,961,928,948,975,938,1024,931,1074,926,1123,935,1167,964,1201,1000,1226,1050,1245,1113,1253,1182,1251,1249,1242,1298,1217,1329,1174,1350,1122,1367,1069,1384,1013,970,859,992,832,1025,827,1059,838,1089,857,1167,872,1211,864,1256,868,1296,890,1319,927,1114,903,1102,923,1090,941,1077,962,1046,1004,1061,1010,1078,1016,1101,1019,1124,1021,1002,900,1022,886,1048,890,1069,911,1044,908,1018,906,1182,933,1212,919,1241,927,1264,950,1235,946,1207,939,998,1092,1021,1060,1049,1045,1066,1054,1086,1054,1122,1084,1160,1129,1114,1135,1075,1132,1054,1127,1033,1120,1012,1109,1011,1091,1046,1076,1064,1081,1083,1086,1142,1122,1080,1103,1060,1097,1041,1093
2204,h,1,1,881,782,1327,1228,73.46666666666667,951,933,936,982,928,1033,924,1082,924,1134,935,1177,963,1213,999,1238,1049,1255,1107,1262,1174,1261,1237,1251,1284,1227,1317,1186,1339,1135,1355,1082,1371,1027,971,852,991,818,1028,800,1069,802,1104,824,1167,844,1211,838,1258,850,1294,879,1313,923,1119,896,1110,917,1099,937,1089,959,1046,1007,1064,1015,1083,1021,1109,1025,1134,1026,996,902,1020,888,1046,891,1069,911,1042,907,1016,905,1183,936,1214,924,1241,932,1262,956,1234,950,1207,942,996,1096,1024,1061,1053,1046,1070,1056,1089,1057,1122,1087,1157,1132,1112,1139,1075,1137,1055,1132,1036,1125,1014,1114,1010,1093,1048,1080,1066,1085,1085,1090,1141,1125,1082,1107,1063,1102,1044,1097
2205,h,1,1,881,782,1327,1228,73.5,951,939,936,987,927,1038,924,1088,925,1137,937,1179,964,1212,998,1237,1046,1255,1107,1263,1174,1262,1237,1252,1287,1227,1320,1186,1341,1134,1358,1081,1374,1025,970,858,990,831,1022,818,1058,821,1091,836,1167,855,1210,850,1254,859,1290,884,1311,922,1112,898,1102,919,1090,939,1078,960,1040,1006,1057,1013,1076,1020,1102,1023,1127,1024,996,904,1018,891,1044,893,1067,911,1040,909,1014,908,1177,932,1207,921,1236,929,1258,951,1228,946,1201,939,996,1092,1021,1059,1049,1045,1067,1054,1086,1055,1121,1083,1159,1130,1113,1137,1073,1134,1053,1130,1033,1123,1011,1111,1010,1090,1045,1075,1064,1080,1082,1086,1142,1123,1079,1105,1060,1099,1041,1094
2206,h,1,1,881,782,1327,1228,73.53333333333333,951,939,936,987,927,1038,924,1088,925,1137,937,1179,964,1212,998,1237,1046,1255,1107,1263,1174,1262,1237,1252,1287,1227,1320,1186,1341,1134,1358,1081,1374,1025,970,858,990,831,1022,818,1058,821,1091,836,1167,855,1210,850,1254,859,1290,884,1311,922,1112,898,1102,919,1090,939,1078,960,1040,1006,1057,1013,1076,1020,1102,1023,1127,1024,996,904,1018,891,1044,893,1067,911,1040,909,1014,908,1177,932,1207,921,1236,929,1258,951,1228,946,1201,939,996,1092,1021,1059,1049,1045,1067,1054,1086,1055,1121,1083,1159,1130,1113,1137,1073,1134,1053,1130,1033,1123,1011,1111,1010,1090,1045,1075,1064,1080,1082,1086,1142,1123,1079,1105,1060,1099,1041,1094
2207,h,1,1,881,782,1327,1228,73.56666666666666,955,938,942,986,933,1035,926,1085,927,1133,941,1173,973,1204,1010,1226,1059,1243,1119,1250,1185,1250,1246,1240,1289,1215,1320,1174,1340,1122,1356,1073,1372,1021,971,855,992,824,1027,810,1065,813,1100,829,1159,845,1205,841,1252,851,1291,878,1313,919,1114,890,1106,910,1096,929,1085,950,1045,998,1063,1004,1082,1011,1108,1015,1133,1017,1000,896,1022,883,1047,884,1071,904,1045,900,1020,898,1178,924,1208,913,1235,921,1258,943,1229,936,1202,929,1000,1085,1024,1051,1053,1036,1069,1046,1087,1047,1123,1078,1161,1124,1115,1129,1076,1123,1057,1118,1038,1111,1016,1099,1014,1082,1050,1068,1067,1073,1084,1080,1144,1116,1080,1093,1063,1086,1046,1081
2208,h,1,1,881,782,1327,1228,73.6,944,970,937,1014,931,1059,931,1107,940,1152,962,1188,999,1212,1039,1230,1090,1244,1150,1248,1213,1245,1269,1230,1309,1203,1335,1160,1350,1108,1364,1059,1378,1009,968,879,986,849,1014,835,1048,838,1079,850,1149,858,1196,851,1241,859,1280,883,1307,920,1109,894,1103,908,1096,922,1090,939,1054,995,1072,1000,1089,1005,1112,1007,1133,1010,990,911,1011,896,1037,896,1062,914,1037,913,1010,913,1175,926,1205,914,1233,921,1258,943,1229,938,1201,932,1025,1091,1042,1049,1064,1032,1078,1039,1096,1041,1132,1070,1171,1119,1128,1121,1091,1114,1073,1109,1056,1104,1037,1097,1039,1088,1063,1063,1077,1066,1094,1072,1153,1111,1092,1088,1075,1082,1060,1078
2209,h,1,1,881,782,1327,1228,73.63333333333334,950,947,939,995,931,1043,927,1093,930,1139,948,1177,983,1205,1027,1224,1080,1238,1140,1241,1202,1240,1257,1230,1297,1205,1325,1166,1342,1119,1359,1072,1377,1022,972,860,992,828,1023,813,1059,814,1092,828,1176,845,1222,842,1266,853,1301,879,1320,918,1124,889,1116,907,1107,924,1098,943,1057,991,1074,998,1093,1004,1116,1007,1138,1010,998,898,1021,882,1048,884,1070,905,1045,903,1018,903,1187,925,1216,912,1245,921,1266,945,1238,940,1211,932,1018,1081,1040,1046,1063,1033,1079,1040,1097,1043,1131,1071,1167,1116,1124,1115,1088,1106,1069,1101,1051,1095,1032,1089,1032,1078,1061,1062,1076,1066,1094,1072,1150,1108,1092,1082,1074,1075,1058,1071
2210,h,1,1,881,782,1327,1228,73.66666666666667,950,947,939,995,931,1043,927,1093,930,1139,948,1177,983,1205,1027,1224,1080,1238,1140,1241,1202,1240,1257,1230,1297,1205,1325,1166,1342,1119,1359,1072,1377,1022,972,860,992,828,1023,813,1059,814,1092,828,1176,845,1222,842,1266,853,1301,879,1320,918,1124,889,1116,907,1107,924,1098,943,1057,991,1074,998,1093,1004,1116,1007,1138,1010,998,898,1021,882,1048,884,1070,905,1045,903,1018,903,1187,925,1216,912,1245,921,1266,945,1238,940,1211,932,1018,1081,1040,1046,1063,1033,1079,1040,1097,1043,1131,1071,1167,1116,1124,1115,1088,1106,1069,1101,1051,1095,1032,1089,1032,1078,1061,1062,1076,1066,1094,1072,1150,1108,1092,1082,1074,1075,1058,1071
2211,h,1,1,881,782,1327,1228,73.7,953,946,940,992,930,1041,925,1091,928,1139,943,1179,977,1209,1017,1229,1067,1244,1126,1250,1191,1249,1251,1240,1295,1216,1326,1176,1346,1126,1361,1076,1377,1025,973,854,996,826,1030,811,1070,814,1106,830,1168,850,1214,846,1260,857,1297,885,1318,925,1123,889,1115,909,1107,929,1097,951,1055,998,1073,1006,1092,1013,1117,1015,1141,1016,1003,895,1026,884,1050,886,1073,902,1047,898,1023,897,1186,926,1217,919,1243,929,1264,949,1236,941,1210,932,1006,1077,1033,1049,1060,1037,1077,1046,1095,1048,1131,1076,1172,1118,1123,1117,1085,1108,1065,1103,1046,1095,1025,1088,1019,1075,1057,1066,1075,1071,1092,1078,1155,1112,1089,1083,1071,1076,1053,1071
2212,h,1,1,881,782,1327,1228,73.73333333333333,958,934,943,984,934,1034,929,1086,929,1136,943,1178,977,1209,1015,1229,1065,1245,1124,1252,1190,1252,1251,1243,1295,1217,1324,1175,1344,1126,1362,1076,1378,1024,978,860,998,827,1034,812,1073,815,1107,834,1171,853,1216,848,1262,859,1299,887,1319,928,1127,892,1118,914,1109,934,1099,957,1056,1007,1074,1015,1091,1022,1116,1026,1139,1028,1005,897,1029,886,1054,889,1077,906,1051,903,1026,900,1188,930,1220,923,1246,932,1267,953,1239,946,1213,938,1006,1084,1034,1058,1061,1047,1077,1057,1096,1059,1130,1087,1170,1128,1122,1129,1084,1119,1064,1113,1045,1106,1025,1098,1019,1082,1057,1076,1073,1082,1092,1088,1154,1121,1090,1094,1071,1087,1054,1081
2213,h,1,1,881,782,1327,1228,73.76666666666667,966,928,952,977,940,1030,931,1084,931,1135,944,1179,973,1211,1010,1232,1062,1246,1122,1253,1187,1253,1247,1244,1291,1219,1322,1179,1344,1130,1362,1079,1380,1027,987,855,1008,821,1047,807,1087,813,1120,835,1180,854,1224,845,1271,855,1309,883,1327,926,1138,895,1128,918,1117,940,1105,964,1056,1011,1075,1018,1095,1026,1121,1030,1146,1034,1011,895,1035,890,1059,894,1080,908,1056,904,1032,901,1198,932,1230,927,1254,937,1274,954,1247,948,1223,940,1007,1091,1035,1064,1063,1054,1080,1064,1102,1067,1135,1094,1169,1135,1124,1136,1087,1129,1064,1124,1043,1116,1023,1108,1020,1089,1058,1084,1076,1090,1098,1095,1153,1127,1094,1101,1072,1096,1052,1090
2214,h,1,1,881,782,1327,1228,73.8,966,928,952,977,940,1030,931,1084,931,1135,944,1179,973,1211,1010,1232,1062,1246,1122,1253,1187,1253,1247,1244,1291,1219,1322,1179,1344,1130,1362,1079,1380,1027,987,855,1008,821,1047,807,1087,813,1120,835,1180,854,1224,845,1271,855,1309,883,1327,926,1138,895,1128,918,1117,940,1105,964,1056,1011,1075,1018,1095,1026,1121,1030,1146,1034,1011,895,1035,890,1059,894,1080,908,1056,904,1032,901,1198,932,1230,927,1254,937,1274,954,1247,948,1223,940,1007,1091,1035,1064,1063,1054,1080,1064,1102,1067,1135,1094,1169,1135,1124,1136,1087,1129,1064,1124,1043,1116,1023,1108,1020,1089,1058,1084,1076,1090,1098,1095,1153,1127,1094,1101,1072,1096,1052,1090
2215,h,1,1,881,782,1327,1228,73.83333333333333,950,946,937,995,929,1044,924,1094,926,1143,941,1185,971,1217,1008,1239,1060,1254,1119,1260,1184,1260,1244,1250,1289,1223,1319,1182,1340,1134,1356,1084,1371,1032,975,868,993,832,1030,812,1071,811,1106,829,1168,847,1213,842,1260,856,1295,885,1314,927,1125,893,1117,915,1108,935,1098,958,1052,1007,1071,1015,1090,1023,1116,1025,1140,1026,1000,905,1023,893,1048,894,1071,909,1046,905,1021,905,1186,931,1219,924,1245,934,1266,955,1238,946,1212,937,1001,1093,1030,1063,1060,1051,1077,1060,1097,1061,1131,1090,1166,1135,1120,1137,1084,1130,1062,1126,1042,1119,1019,1108,1015,1092,1056,1081,1074,1087,1094,1092,1152,1127,1089,1104,1070,1098,1050,1093
2216,h,1,1,881,782,1327,1228,73.86666666666666,953,945,942,994,933,1043,926,1093,927,1142,942,1183,974,1214,1013,1236,1062,1252,1122,1257,1187,1256,1247,1246,1291,1219,1321,1177,1341,1128,1359,1077,1376,1022,973,855,993,829,1025,817,1061,819,1094,834,1166,854,1211,850,1257,861,1294,886,1316,924,1115,895,1106,914,1097,933,1088,954,1050,1004,1067,1010,1085,1017,1109,1020,1133,1023,997,900,1021,888,1046,890,1068,907,1042,904,1017,902,1181,930,1212,921,1240,930,1262,950,1233,944,1206,936,1008,1089,1032,1057,1059,1044,1076,1052,1093,1054,1129,1084,1167,1130,1121,1134,1082,1129,1063,1124,1044,1117,1023,1106,1023,1087,1055,1075,1073,1080,1090,1086,1152,1122,1087,1101,1070,1094,1051,1089
2217,h,1,1,881,782,1327,1228,73.9,946,936,932,986,923,1038,918,1089,920,1140,935,1183,968,1216,1008,1239,1059,1254,1119,1260,1183,1258,1244,1249,1289,1223,1321,1182,1342,1131,1360,1079,1376,1024,973,856,994,827,1028,813,1066,814,1100,828,1172,847,1218,843,1264,854,1301,881,1321,923,1120,892,1112,911,1103,929,1094,949,1053,1001,1071,1007,1089,1013,1113,1016,1137,1019,998,899,1021,886,1048,888,1071,907,1044,904,1018,902,1184,928,1215,918,1243,926,1266,949,1237,943,1209,935,1002,1087,1030,1054,1059,1040,1076,1049,1095,1050,1129,1080,1165,1127,1119,1132,1081,1126,1061,1121,1042,1114,1020,1104,1018,1086,1055,1071,1073,1076,1090,1083,1148,1119,1087,1097,1069,1091,1050,1086
2218,h,1,1,881,782,1327,1228,73.93333333333334,946,936,932,986,923,1038,918,1089,920,1140,935,1183,968,1216,1008,1239,1059,1254,1119,1260,1183,1258,1244,1249,1289,1223,1321,1182,1342,1131,1360,1079,1376,1024,973,856,994,827,1028,813,1066,814,1100,828,1172,847,1218,843,1264,854,1301,881,1321,923,1120,892,1112,911,1103,929,1094,949,1053,1001,1071,1007,1089,1013,1113,1016,1137,1019,998,899,1021,886,1048,888,1071,907,1044,904,1018,902,1184,928,1215,918,1243,926,1266,949,1237,943,1209,935,1002,1087,1030,1054,1059,1040,1076,1049,1095,1050,1129,1080,1165,1127,1119,1132,1081,1126,1061,1121,1042,1114,1020,1104,1018,1086,1055,1071,1073,1076,1090,1083,1148,1119,1087,1097,1069,1091,1050,1086
2219,h,1,1,881,782,1327,1228,73.96666666666667,955,934,941,981,932,1032,926,1083,926,1132,938,1174,968,1209,1007,1231,1058,1246,1118,1251,1182,1251,1242,1243,1288,1220,1320,1181,1340,1133,1357,1082,1374,1030,980,854,1000,823,1035,807,1074,808,1109,824,1173,844,1218,841,1263,853,1299,881,1318,922,1124,890,1115,911,1105,930,1094,951,1053,1000,1070,1006,1088,1013,1113,1016,1136,1018,1004,898,1028,885,1053,887,1075,907,1050,904,1024,902,1187,929,1217,918,1244,926,1266,949,1238,942,1211,935,999,1085,1028,1052,1057,1038,1074,1047,1093,1048,1126,1077,1163,1123,1117,1129,1080,1124,1061,1119,1041,1113,1018,1103,1014,1083,1053,1070,1071,1075,1089,1080,1146,1116,1085,1096,1067,1091,1048,1087
2220,h,1,1,881,782,1327,1228,74.0,961,934,944,982,933,1032,927,1082,927,1133,939,1175,969,1210,1004,1234,1054,1251,1113,1258,1180,1258,1242,1249,1290,1224,1325,1182,1348,1131,1365,1077,1382,1024,986,852,1004,821,1036,805,1073,808,1106,826,1168,848,1211,843,1256,855,1292,881,1313,919,1122,887,1112,908,1102,928,1092,950,1050,997,1068,1006,1087,1014,1113,1016,1137,1017,1008,891,1030,882,1054,885,1076,900,1051,895,1027,893,1187,924,1219,918,1244,928,1265,947,1236,940,1211,931,1001,1085,1029,1052,1057,1039,1074,1048,1093,1050,1127,1078,1163,1126,1116,1130,1078,1124,1059,1119,1040,1112,1018,1103,1015,1083,1053,1071,1070,1076,1088,1082,1146,1118,1084,1095,1066,1089,1048,1084
2221,h,1,1,881,782,1327,1228,74.03333333333333,961,934,944,982,933,1032,927,1082,927,1133,939,1175,969,1210,1004,1234,1054,1251,1113,1258,1180,1258,1242,1249,1290,1224,1325,1182,1348,1131,1365,1077,1382,1024,986,852,1004,821,1036,805,1073,808,1106,826,1168,848,1211,843,1256,855,1292,881,1313,919,1122,887,1112,908,1102,928,1092,950,1050,997,1068,1006,1087,1014,1113,1016,1137,1017,1008,891,1030,882,1054,885,1076,900,1051,895,1027,893,1187,924,1219,918,1244,928,1265,947,1236,940,1211,931,1001,1085,1029,1052,1057,1039,1074,1048,1093,1050,1127,1078,1163,1126,1116,1130,1078,1124,1059,1119,1040,1112,1018,1103,1015,1083,1053,1071,1070,1076,1088,1082,1146,1118,1084,1095,1066,1089,1048,1084
2222,h,1,1,881,782,1327,1228,74.06666666666666,964,931,947,977,936,1030,927,1081,927,1131,937,1172,963,1206,998,1229,1048,1246,1107,1253,1173,1253,1234,1245,1282,1222,1316,1184,1340,1135,1358,1085,1376,1033,985,854,1004,820,1040,801,1081,802,1115,823,1176,841,1221,835,1268,851,1304,882,1319,927,1129,889,1119,910,1108,930,1095,952,1049,997,1067,1005,1086,1013,1112,1016,1138,1019,1007,895,1031,886,1055,889,1077,905,1052,902,1027,899,1191,930,1222,923,1248,932,1267,952,1240,945,1215,937,999,1085,1026,1052,1054,1040,1072,1049,1094,1051,1127,1080,1160,1125,1114,1131,1078,1126,1056,1121,1035,1113,1014,1103,1013,1082,1050,1069,1068,1074,1089,1080,1144,1117,1085,1098,1064,1092,1045,1088
2223,h,1,1,881,782,1327,1228,74.1,960,931,946,980,936,1032,928,1084,927,1135,938,1177,966,1211,1004,1233,1056,1248,1116,1253,1181,1253,1240,1244,1286,1220,1318,1180,1339,1131,1357,1081,1375,1028,978,855,999,821,1035,803,1076,805,1111,825,1177,846,1221,839,1267,853,1304,882,1321,927,1128,892,1119,913,1109,933,1097,955,1052,1001,1070,1009,1089,1016,1115,1019,1139,1022,1005,899,1028,888,1054,890,1077,908,1051,904,1025,902,1189,931,1221,924,1247,933,1267,954,1240,946,1214,938,999,1086,1028,1054,1058,1041,1075,1049,1094,1051,1126,1080,1162,1125,1116,1130,1079,1124,1059,1119,1040,1112,1017,1103,1014,1084,1054,1072,1071,1077,1090,1083,1145,1118,1086,1096,1067,1089,1049,1085
2224,h,1,1,881,782,1327,1228,74.13333333333334,957,930,944,979,935,1030,928,1082,929,1132,945,1174,977,1204,1014,1227,1064,1243,1123,1249,1188,1246,1249,1236,1294,1211,1323,1168,1342,1118,1359,1068,1376,1016,973,857,997,827,1033,815,1073,819,1107,835,1173,853,1218,848,1263,857,1300,882,1319,921,1125,894,1117,914,1107,933,1096,955,1053,1003,1071,1009,1090,1016,1114,1020,1137,1023,1003,900,1026,888,1052,890,1074,909,1048,906,1022,904,1186,931,1218,922,1244,930,1266,951,1238,946,1211,938,1004,1086,1031,1055,1059,1042,1076,1051,1095,1052,1127,1082,1163,1126,1117,1129,1082,1122,1062,1117,1042,1109,1021,1100,1019,1083,1055,1072,1073,1077,1091,1083,1146,1119,1087,1095,1069,1088,1051,1083
2225,h,1,1,881,782,1327,1228,74.16666666666667,957,930,944,979,935,1030,928,1082,929,1132,945,1174,977,1204,1014,1227,1064,1243,1123,1249,1188,1246,1249,1236,1294,1211,1323,1168,1342,1118,1359,1068,1376,1016,973,857,997,827,1033,815,1073,819,1107,835,1173,853,1218,848,1263,857,1300,882,1319,921,1125,894,1117,914,1107,933,1096,955,1053,1003,1071,1009,1090,1016,1114,1020,1137,1023,1003,900,1026,888,1052,890,1074,909,1048,906,1022,904,1186,931,1218,922,1244,930,1266,951,1238,946,1211,938,1004,1086,1031,1055,1059,1042,1076,1051,1095,1052,1127,1082,1163,1126,1117,1129,1082,1122,1062,1117,1042,1109,1021,1100,1019,1083,1055,1072,1073,1077,1091,1083,1146,1119,1087,1095,1069,1088,1051,1083
2226,h,1,1,881,782,1327,1228,74.2,948,941,937,991,929,1043,926,1095,931,1142,949,1181,982,1210,1021,1228,1073,1240,1133,1244,1193,1240,1250,1230,1291,1206,1319,1165,1337,1117,1354,1067,1371,1017,972,857,995,827,1031,814,1071,816,1107,832,1176,848,1221,845,1266,856,1302,881,1322,920,1126,891,1118,912,1109,931,1099,953,1055,1001,1074,1008,1092,1015,1116,1018,1139,1020,1003,898,1027,888,1052,890,1073,906,1049,904,1023,902,1188,927,1219,920,1245,928,1265,948,1239,942,1212,935,1014,1083,1037,1055,1063,1044,1079,1053,1096,1054,1129,1082,1164,1124,1120,1122,1086,1113,1067,1108,1049,1101,1029,1093,1028,1080,1059,1073,1076,1078,1093,1084,1149,1116,1090,1088,1073,1082,1056,1077
2227,h,1,1,881,782,1327,1228,74.23333333333333,958,937,946,983,937,1033,930,1082,930,1129,945,1168,976,1196,1014,1216,1063,1233,1121,1239,1184,1240,1244,1235,1289,1214,1320,1175,1341,1127,1359,1076,1378,1024,979,851,998,821,1033,808,1070,812,1103,829,1172,848,1217,843,1264,856,1301,884,1323,924,1121,891,1112,912,1101,932,1090,954,1052,1001,1068,1007,1085,1014,1109,1017,1133,1020,1006,895,1030,886,1054,890,1075,907,1050,904,1025,901,1185,930,1216,922,1242,931,1264,950,1236,945,1209,938,1008,1080,1034,1054,1060,1044,1074,1053,1093,1054,1126,1081,1165,1120,1117,1118,1080,1109,1061,1104,1044,1097,1025,1090,1021,1079,1056,1071,1071,1076,1089,1082,1149,1113,1086,1085,1068,1078,1052,1073
2228,h,1,1,881,782,1327,1228,74.26666666666667,947,964,939,1011,933,1060,935,1107,944,1152,965,1189,1000,1215,1038,1232,1088,1244,1147,1246,1207,1244,1260,1232,1297,1206,1322,1165,1340,1117,1354,1071,1368,1023,972,866,991,837,1022,821,1058,822,1090,837,1166,854,1209,849,1253,861,1287,889,1307,926,1117,894,1110,914,1103,932,1095,953,1056,1003,1074,1010,1093,1015,1117,1017,1140,1019,1003,903,1024,890,1049,891,1069,908,1046,907,1021,906,1181,929,1211,920,1237,928,1258,949,1231,944,1205,936,1034,1094,1051,1060,1074,1048,1087,1055,1103,1057,1136,1082,1172,1125,1130,1125,1094,1117,1078,1112,1063,1106,1047,1099,1047,1090,1071,1075,1085,1079,1100,1085,1157,1118,1097,1094,1083,1087,1069,1082
2229,h,1,1,881,782,1327,1228,74.3,947,964,939,1011,933,1060,935,1107,944,1152,965,1189,1000,1215,1038,1232,1088,1244,1147,1246,1207,1244,1260,1232,1297,1206,1322,1165,1340,1117,1354,1071,1368,1023,972,866,991,837,1022,821,1058,822,1090,837,1166,854,1209,849,1253,861,1287,889,1307,926,1117,894,1110,914,1103,932,1095,953,1056,1003,1074,1010,1093,1015,1117,1017,1140,1019,1003,903,1024,890,1049,891,1069,908,1046,907,1021,906,1181,929,1211,920,1237,928,1258,949,1231,944,1205,936,1034,1094,1051,1060,1074,1048,1087,1055,1103,1057,1136,1082,1172,1125,1130,1125,1094,1117,1078,1112,1063,1106,1047,1099,1047,1090,1071,1075,1085,1079,1100,1085,1157,1118,1097,1094,1083,1087,1069,1082
2230,h,1,1,881,782,1327,1228,74.33333333333333,951,950,945,995,944,1041,949,1087,958,1132,977,1172,1009,1201,1044,1224,1094,1241,1151,1243,1213,1238,1269,1223,1308,1192,1334,1148,1349,1096,1364,1044,1376,990,962,882,980,853,1011,845,1045,854,1074,873,1143,882,1187,873,1232,874,1274,893,1301,927,1103,902,1096,922,1087,941,1079,963,1051,1006,1068,1013,1085,1018,1107,1020,1130,1022,998,905,1017,893,1040,894,1060,909,1038,909,1015,909,1172,927,1201,917,1227,924,1250,942,1223,939,1196,933,1030,1090,1045,1060,1066,1049,1080,1058,1097,1058,1135,1082,1176,1119,1132,1124,1094,1119,1076,1115,1059,1108,1042,1099,1042,1088,1065,1073,1080,1078,1097,1083,1161,1113,1094,1093,1077,1087,1062,1081
2231,h,1,1,881,782,1327,1228,74.36666666666666,951,956,942,1004,935,1052,934,1102,940,1149,961,1186,998,1209,1036,1228,1084,1244,1142,1246,1202,1243,1260,1232,1300,1206,1326,1166,1343,1117,1359,1067,1373,1017,969,876,989,849,1021,840,1055,847,1086,864,1165,874,1209,868,1251,873,1287,895,1308,930,1116,902,1109,919,1102,936,1093,956,1056,1005,1073,1011,1090,1016,1113,1019,1135,1022,1000,907,1021,893,1046,896,1067,913,1043,911,1018,909,1179,933,1208,922,1235,929,1257,950,1230,945,1204,939,1028,1089,1045,1057,1067,1047,1080,1055,1097,1056,1131,1083,1169,1123,1126,1122,1089,1113,1072,1106,1056,1100,1039,1093,1041,1087,1065,1073,1078,1078,1095,1084,1154,1116,1091,1086,1075,1079,1061,1074
2232,h,1,1,881,782,1327,1228,74.4,957,952,944,1000,936,1049,935,1099,943,1144,965,1181,1000,1208,1040,1227,1087,1241,1143,1243,1200,1239,1255,1229,1296,1205,1324,1165,1343,1118,1359,1071,1375,1022,978,868,1001,837,1038,825,1078,831,1112,849,1178,864,1222,858,1266,867,1302,892,1321,927,1135,903,1127,921,1118,937,1109,956,1066,1007,1084,1014,1101,1019,1124,1022,1146,1025,1008,906,1031,894,1058,896,1079,914,1055,913,1028,911,1190,935,1220,925,1247,933,1267,954,1242,951,1215,944,1035,1095,1056,1062,1078,1049,1090,1056,1106,1059,1138,1085,1172,1125,1131,1125,1098,1117,1081,1112,1067,1106,1049,1100,1048,1092,1075,1075,1088,1079,1104,1084,1157,1118,1102,1093,1086,1087,1073,1083
2233,h,1,1,881,782,1327,1228,74.43333333333334,957,952,944,1000,936,1049,935,1099,943,1144,965,1181,1000,1208,1040,1227,1087,1241,1143,1243,1200,1239,1255,1229,1296,1205,1324,1165,1343,1118,1359,1071,1375,1022,978,868,1001,837,1038,825,1078,831,1112,849,1178,864,1222,858,1266,867,1302,892,1321,927,1135,903,1127,921,1118,937,1109,956,1066,1007,1084,1014,1101,1019,1124,1022,1146,1025,1008,906,1031,894,1058,896,1079,914,1055,913,1028,911,1190,935,1220,925,1247,933,1267,954,1242,951,1215,944,1035,1095,1056,1062,1078,1049,1090,1056,1106,1059,1138,1085,1172,1125,1131,1125,1098,1117,1081,1112,1067,1106,1049,1100,1048,1092,1075,1075,1088,1079,1104,1084,1157,1118,1102,1093,1086,1087,1073,1083
2234,h,1,1,881,782,1327,1228,74.46666666666667,953,951,943,1000,937,1049,936,1097,946,1143,969,1180,1005,1204,1044,1224,1091,1238,1146,1242,1207,1240,1264,1230,1304,1203,1331,1163,1347,1114,1363,1064,1378,1014,972,868,993,841,1026,831,1063,838,1097,853,1166,867,1212,861,1259,867,1298,893,1319,932,1123,899,1115,918,1107,934,1098,954,1058,1005,1077,1012,1095,1017,1119,1020,1142,1022,1000,904,1022,891,1048,893,1071,912,1046,911,1019,910,1184,933,1214,921,1242,929,1265,951,1237,947,1209,940,1031,1097,1050,1061,1074,1049,1087,1056,1103,1058,1138,1084,1177,1126,1134,1130,1097,1123,1080,1117,1066,1112,1046,1104,1044,1093,1071,1075,1085,1079,1101,1085,1161,1119,1100,1098,1084,1091,1070,1087
2235,h,1,1,881,782,1327,1228,74.5,960,939,946,989,937,1040,930,1091,931,1140,946,1179,979,1208,1020,1226,1071,1240,1131,1245,1194,1245,1252,1236,1294,1212,1324,1173,1343,1125,1359,1078,1376,1028,984,850,1006,820,1040,804,1079,807,1111,827,1175,844,1219,838,1264,851,1300,880,1318,921,1132,890,1123,912,1113,933,1102,956,1057,1003,1075,1011,1093,1019,1118,1022,1142,1026,1008,896,1032,887,1057,891,1080,907,1054,903,1029,900,1190,930,1222,924,1247,934,1268,954,1241,948,1216,939,1015,1079,1040,1054,1066,1046,1080,1054,1100,1057,1134,1084,1174,1123,1126,1125,1089,1117,1069,1111,1052,1103,1031,1093,1029,1078,1062,1073,1078,1078,1096,1085,1160,1117,1094,1092,1075,1086,1059,1080
2236,h,1,1,881,782,1327,1228,74.53333333333333,960,939,946,989,937,1040,930,1091,931,1140,946,1179,979,1208,1020,1226,1071,1240,1131,1245,1194,1245,1252,1236,1294,1212,1324,1173,1343,1125,1359,1078,1376,1028,984,850,1006,820,1040,804,1079,807,1111,827,1175,844,1219,838,1264,851,1300,880,1318,921,1132,890,1123,912,1113,933,1102,956,1057,1003,1075,1011,1093,1019,1118,1022,1142,1026,1008,896,1032,887,1057,891,1080,907,1054,903,1029,900,1190,930,1222,924,1247,934,1268,954,1241,948,1216,939,1015,1079,1040,1054,1066,1046,1080,1054,1100,1057,1134,1084,1174,1123,1126,1125,1089,1117,1069,1111,1052,1103,1031,1093,1029,1078,1062,1073,1078,1078,1096,1085,1160,1117,1094,1092,1075,1086,1059,1080
2237,h,1,1,881,782,1327,1228,74.56666666666666,947,966,939,1015,933,1063,934,1110,944,1155,966,1193,1002,1218,1041,1236,1090,1249,1146,1252,1206,1249,1261,1238,1300,1211,1327,1171,1344,1121,1359,1072,1373,1021,968,873,986,842,1018,827,1055,831,1088,848,1159,860,1205,856,1250,866,1286,892,1308,930,1114,895,1108,914,1102,933,1095,954,1059,1007,1077,1013,1094,1018,1116,1020,1138,1022,1000,906,1019,891,1045,893,1067,911,1043,911,1018,910,1178,930,1209,919,1236,927,1258,949,1231,945,1204,938,1030,1096,1048,1062,1072,1050,1086,1057,1103,1058,1139,1084,1177,1125,1135,1126,1097,1118,1079,1113,1063,1108,1044,1101,1044,1094,1069,1077,1084,1081,1101,1086,1162,1118,1099,1096,1083,1088,1067,1084
2238,h,1,1,881,782,1327,1228,74.6,950,953,942,1000,939,1049,944,1098,956,1143,977,1179,1011,1205,1047,1224,1095,1238,1151,1240,1209,1236,1265,1226,1305,1199,1332,1159,1350,1110,1367,1060,1382,1009,969,870,991,843,1024,836,1060,845,1092,862,1160,873,1207,867,1251,870,1290,890,1314,923,1119,904,1112,923,1103,940,1094,960,1060,1010,1077,1016,1094,1020,1116,1023,1138,1025,1001,907,1022,892,1049,894,1071,914,1046,914,1019,913,1182,933,1211,919,1239,926,1262,949,1235,947,1207,941,1036,1096,1052,1062,1074,1050,1087,1058,1104,1058,1140,1083,1176,1125,1136,1132,1100,1128,1082,1123,1066,1117,1048,1107,1049,1094,1072,1076,1086,1080,1102,1085,1161,1119,1102,1102,1085,1096,1071,1091
2239,h,1,1,881,782,1327,1228,74.63333333333334,960,926,947,972,938,1021,933,1073,937,1122,954,1163,984,1193,1022,1214,1070,1230,1129,1236,1193,1233,1254,1224,1299,1200,1328,1160,1346,1112,1363,1062,1380,1011,979,860,1002,835,1037,833,1072,845,1102,865,1169,879,1212,871,1255,873,1295,892,1318,927,1125,902,1115,921,1104,939,1092,960,1054,1004,1071,1011,1088,1018,1111,1022,1134,1026,1009,897,1031,888,1057,892,1076,911,1051,909,1026,905,1188,935,1217,924,1244,933,1265,953,1238,948,1212,942,1011,1079,1033,1054,1059,1045,1074,1055,1093,1055,1129,1083,1168,1121,1121,1125,1083,1116,1064,1110,1046,1102,1024,1092,1021,1078,1056,1073,1072,1078,1090,1084,1153,1116,1087,1091,1069,1084,1053,1078
2240,h,1,1,881,782,1327,1228,74.66666666666667,960,926,947,972,938,1021,933,1073,937,1122,954,1163,984,1193,1022,1214,1070,1230,1129,1236,1193,1233,1254,1224,1299,1200,1328,1160,1346,1112,1363,1062,1380,1011,979,860,1002,835,1037,833,1072,845,1102,865,1169,879,1212,871,1255,873,1295,892,1318,927,1125,902,1115,921,1104,939,1092,960,1054,1004,1071,1011,1088,1018,1111,1022,1134,1026,1009,897,1031,888,1057,892,1076,911,1051,909,1026,905,1188,935,1217,924,1244,933,1265,953,1238,948,1212,942,1011,1079,1033,1054,1059,1045,1074,1055,1093,1055,1129,1083,1168,1121,1121,1125,1083,1116,1064,1110,1046,1102,1024,1092,1021,1078,1056,1073,1072,1078,1090,1084,1153,1116,1087,1091,1069,1084,1053,1078
2241,h,1,1,881,782,1327,1228,74.7,953,942,941,991,932,1042,927,1093,930,1142,945,1183,978,1213,1016,1234,1067,1247,1127,1252,1193,1250,1252,1240,1295,1214,1324,1173,1342,1125,1358,1076,1375,1024,972,866,991,835,1025,819,1064,822,1098,839,1170,859,1216,854,1263,864,1301,893,1318,936,1121,899,1112,918,1102,937,1092,958,1050,1003,1069,1011,1089,1018,1114,1021,1138,1023,1002,903,1024,891,1049,893,1073,910,1047,909,1021,907,1181,933,1213,924,1240,933,1262,954,1235,948,1207,940,1007,1085,1034,1058,1061,1047,1077,1056,1094,1058,1129,1085,1168,1126,1121,1124,1083,1115,1064,1109,1046,1103,1024,1095,1019,1083,1058,1074,1074,1080,1091,1086,1152,1119,1087,1090,1070,1083,1053,1078
2242,h,1,1,881,782,1327,1228,74.73333333333333,948,946,938,997,930,1050,930,1098,938,1145,957,1182,990,1208,1026,1224,1072,1237,1129,1241,1190,1241,1250,1233,1292,1210,1322,1172,1343,1124,1359,1075,1375,1025,971,865,993,835,1029,822,1067,827,1102,842,1169,859,1215,854,1260,864,1296,892,1316,931,1121,897,1112,917,1103,936,1094,957,1054,1005,1071,1012,1088,1018,1111,1021,1134,1025,1006,900,1028,890,1053,892,1074,910,1050,907,1025,905,1181,932,1212,922,1238,931,1260,951,1232,946,1206,938,1011,1081,1035,1056,1061,1047,1076,1056,1094,1059,1128,1086,1166,1124,1119,1120,1082,1109,1064,1103,1047,1095,1026,1088,1022,1079,1058,1073,1074,1079,1090,1085,1151,1116,1086,1086,1070,1079,1053,1074
2243,h,1,1,881,782,1327,1228,74.76666666666667,956,937,941,985,930,1036,922,1087,923,1136,936,1175,964,1206,1003,1228,1054,1243,1114,1250,1178,1249,1238,1242,1285,1221,1316,1181,1338,1134,1356,1085,1375,1033,977,860,999,825,1037,807,1078,809,1114,831,1176,853,1220,844,1267,858,1304,887,1322,931,1130,898,1119,919,1108,939,1095,962,1052,1007,1069,1014,1087,1022,1113,1025,1137,1028,1003,904,1027,894,1052,896,1075,913,1049,910,1023,907,1191,937,1222,931,1248,940,1267,960,1240,953,1215,945,1001,1084,1031,1059,1058,1048,1073,1057,1092,1059,1124,1087,1165,1126,1114,1125,1078,1115,1059,1109,1040,1102,1019,1095,1014,1082,1054,1076,1070,1081,1088,1088,1149,1120,1084,1091,1066,1084,1049,1079
2244,h,1,1,881,782,1327,1228,74.8,956,937,941,985,930,1036,922,1087,923,1136,936,1175,964,1206,1003,1228,1054,1243,1114,1250,1178,1249,1238,1242,1285,1221,1316,1181,1338,1134,1356,1085,1375,1033,977,860,999,825,1037,807,1078,809,1114,831,1176,853,1220,844,1267,858,1304,887,1322,931,1130,898,1119,919,1108,939,1095,962,1052,1007,1069,1014,1087,1022,1113,1025,1137,1028,1003,904,1027,894,1052,896,1075,913,1049,910,1023,907,1191,937,1222,931,1248,940,1267,960,1240,953,1215,945,1001,1084,1031,1059,1058,1048,1073,1057,1092,1059,1124,1087,1165,1126,1114,1125,1078,1115,1059,1109,1040,1102,1019,1095,1014,1082,1054,1076,1070,1081,1088,1088,1149,1120,1084,1091,1066,1084,1049,1079
2245,h,1,1,881,782,1327,1228,74.83333333333333,963,930,948,980,936,1032,926,1082,924,1132,936,1173,963,1206,1000,1227,1050,1242,1108,1248,1170,1249,1231,1244,1279,1223,1312,1184,1336,1137,1356,1086,1376,1034,980,852,998,816,1035,795,1076,795,1111,814,1175,833,1218,825,1265,842,1301,876,1317,921,1129,883,1118,907,1107,931,1095,956,1052,1001,1069,1009,1086,1017,1111,1020,1135,1021,1007,897,1030,888,1054,891,1076,903,1051,901,1027,899,1188,925,1219,922,1243,931,1263,950,1235,942,1211,933,1001,1081,1029,1056,1055,1047,1072,1056,1092,1058,1123,1084,1160,1124,1112,1121,1077,1111,1056,1106,1037,1099,1018,1092,1015,1079,1050,1073,1068,1079,1087,1085,1145,1117,1084,1087,1064,1081,1046,1075
2246,h,1,1,881,782,1327,1228,74.86666666666666,954,938,942,986,931,1035,923,1084,926,1131,942,1170,975,1198,1015,1220,1061,1237,1117,1243,1181,1243,1243,1236,1290,1215,1321,1178,1342,1132,1360,1085,1378,1035,974,861,995,832,1030,821,1068,828,1101,845,1177,862,1220,858,1265,867,1301,894,1321,932,1125,905,1114,924,1102,942,1090,962,1051,1009,1067,1015,1084,1022,1107,1026,1130,1031,1003,904,1027,893,1054,897,1075,919,1049,915,1022,911,1184,943,1214,931,1242,939,1264,962,1236,958,1208,950,1000,1082,1029,1057,1056,1047,1071,1056,1090,1056,1123,1085,1163,1125,1115,1126,1079,1118,1060,1113,1042,1105,1019,1096,1012,1081,1052,1075,1068,1081,1086,1086,1147,1118,1084,1093,1066,1086,1050,1081
2247,h,1,1,881,782,1327,1228,74.9,955,933,942,981,933,1031,926,1081,930,1130,945,1172,975,1203,1012,1226,1060,1241,1119,1247,1182,1247,1243,1239,1288,1217,1318,1180,1341,1133,1358,1084,1375,1034,980,856,1002,827,1038,818,1076,825,1108,844,1177,861,1223,858,1267,868,1302,894,1321,932,1128,902,1117,922,1105,941,1092,962,1052,1008,1068,1016,1085,1023,1108,1028,1131,1031,1008,902,1031,892,1058,897,1078,915,1052,913,1027,909,1188,940,1218,932,1245,941,1267,963,1240,958,1212,950,1002,1084,1031,1060,1057,1051,1071,1060,1090,1062,1124,1091,1163,1130,1115,1133,1078,1125,1059,1119,1042,1111,1021,1100,1016,1084,1053,1078,1068,1084,1086,1090,1147,1123,1083,1101,1066,1094,1050,1088
2248,h,1,1,881,782,1327,1228,74.93333333333334,955,933,942,981,933,1031,926,1081,930,1130,945,1172,975,1203,1012,1226,1060,1241,1119,1247,1182,1247,1243,1239,1288,1217,1318,1180,1341,1133,1358,1084,1375,1034,980,856,1002,827,1038,818,1076,825,1108,844,1177,861,1223,858,1267,868,1302,894,1321,932,1128,902,1117,922,1105,941,1092,962,1052,1008,1068,1016,1085,1023,1108,1028,1131,1031,1008,902,1031,892,1058,897,1078,915,1052,913,1027,909,1188,940,1218,932,1245,941,1267,963,1240,958,1212,950,1002,1084,1031,1060,1057,1051,1071,1060,1090,1062,1124,1091,1163,1130,1115,1133,1078,1125,1059,1119,1042,1111,1021,1100,1016,1084,1053,1078,1068,1084,1086,1090,1147,1123,1083,1101,1066,1094,1050,1088
2249,h,1,1,881,782,1327,1228,74.96666666666667,943,946,929,994,920,1044,915,1094,917,1143,932,1186,963,1220,1002,1242,1053,1255,1114,1261,1179,1260,1241,1250,1286,1224,1315,1185,1334,1136,1351,1087,1369,1036,964,868,985,834,1021,815,1062,815,1099,832,1163,852,1209,848,1256,861,1292,892,1310,936,1117,900,1108,921,1099,941,1089,964,1047,1013,1064,1019,1082,1026,1107,1029,1131,1032,995,912,1019,901,1044,903,1066,919,1041,916,1015,914,1179,941,1210,935,1236,943,1258,965,1230,957,1203,949,996,1089,1025,1064,1053,1052,1069,1061,1087,1062,1121,1089,1161,1129,1112,1132,1075,1125,1057,1120,1038,1114,1016,1106,1010,1089,1049,1080,1066,1086,1083,1091,1145,1123,1081,1101,1064,1094,1046,1089
2250,h,1,1,881,782,1327,1228,75.0,951,945,938,993,928,1042,923,1094,927,1143,945,1182,979,1212,1016,1234,1064,1250,1122,1256,1184,1254,1242,1245,1287,1222,1316,1183,1337,1136,1355,1087,1372,1035,975,860,997,828,1034,814,1074,819,1105,840,1169,857,1215,852,1261,866,1298,897,1315,940,1125,906,1115,926,1104,946,1093,969,1049,1013,1067,1022,1084,1030,1108,1034,1132,1037,1004,905,1028,895,1054,899,1074,918,1050,916,1024,912,1183,943,1213,935,1240,945,1261,967,1233,961,1207,953,1007,1091,1032,1066,1057,1058,1072,1067,1091,1070,1125,1096,1164,1135,1116,1139,1080,1130,1060,1123,1042,1115,1023,1106,1021,1090,1052,1085,1069,1092,1087,1097,1149,1128,1085,1105,1067,1098,1050,1091
2251,h,1,1,881,782,1327,1228,75.03333333333333,951,945,938,993,928,1042,923,1094,927,1143,945,1182,979,1212,1016,1234,1064,1250,1122,1256,1184,1254,1242,1245,1287,1222,1316,1183,1337,1136,1355,1087,1372,1035,975,860,997,828,1034,814,1074,819,1105,840,1169,857,1215,852,1261,866,1298,897,1315,940,1125,906,1115,926,1104,946,1093,969,1049,1013,1067,1022,1084,1030,1108,1034,1132,1037,1004,905,1028,895,1054,899,1074,918,1050,916,1024,912,1183,943,1213,935,1240,945,1261,967,1233,961,1207,953,1007,1091,1032,1066,1057,1058,1072,1067,1091,1070,1125,1096,1164,1135,1116,1139,1080,1130,1060,1123,1042,1115,1023,1106,1021,1090,1052,1085,1069,1092,1087,1097,1149,1128,1085,1105,1067,1098,1050,1091
2252,h,1,1,881,782,1327,1228,75.06666666666666,948,942,937,990,927,1041,922,1093,924,1142,941,1180,975,1210,1013,1232,1063,1249,1123,1257,1185,1256,1244,1245,1288,1219,1317,1177,1338,1129,1357,1080,1375,1027,970,864,992,832,1030,819,1072,824,1105,845,1167,861,1214,857,1262,868,1301,896,1319,939,1124,908,1114,928,1104,947,1093,969,1050,1014,1067,1023,1084,1031,1108,1036,1132,1039,1002,906,1025,899,1051,903,1072,919,1047,918,1021,914,1184,943,1213,936,1240,946,1260,965,1233,961,1207,954,1009,1091,1034,1069,1058,1063,1072,1072,1091,1075,1124,1100,1162,1137,1115,1136,1079,1125,1060,1119,1043,1111,1024,1102,1021,1090,1054,1089,1069,1095,1087,1101,1148,1130,1085,1102,1067,1094,1051,1087
2253,h,1,1,881,782,1327,1228,75.1,945,945,930,995,921,1047,915,1099,919,1147,934,1187,962,1219,998,1241,1047,1256,1105,1264,1167,1265,1227,1257,1274,1234,1307,1195,1330,1145,1348,1094,1367,1043,964,872,987,836,1026,818,1070,820,1105,841,1167,859,1213,852,1261,867,1299,898,1313,943,1124,909,1115,930,1105,950,1094,973,1043,1019,1063,1027,1083,1036,1109,1039,1134,1042,998,911,1023,905,1047,908,1068,923,1043,922,1018,918,1182,948,1212,943,1238,952,1257,971,1231,966,1206,958,994,1098,1024,1073,1051,1064,1069,1074,1091,1076,1123,1103,1159,1144,1113,1140,1078,1130,1055,1124,1035,1117,1014,1109,1008,1096,1046,1091,1065,1098,1087,1104,1145,1135,1084,1106,1062,1099,1043,1092
2277,h,1,1,881,831,1327,1277,75.9,934,958,925,1010,919,1063,916,1118,920,1170,935,1212,963,1246,999,1272,1048,1288,1106,1291,1168,1286,1226,1272,1273,1243,1308,1198,1331,1145,1349,1087,1366,1028,944,886,967,856,1005,848,1044,855,1077,876,1142,887,1185,874,1234,879,1277,898,1302,937,1099,930,1090,953,1080,976,1069,1002,1031,1049,1048,1056,1067,1062,1092,1064,1117,1065,975,937,999,930,1025,932,1049,947,1021,949,995,947,1166,962,1195,955,1224,962,1248,978,1219,979,1190,973,992,1133,1017,1107,1043,1095,1059,1104,1079,1104,1113,1127,1154,1164,1107,1175,1071,1172,1050,1167,1030,1162,1010,1153,1005,1132,1039,1121,1057,1127,1077,1130,1137,1159,1075,1145,1055,1140,1036,1134
2278,h,1,1,881,831,1327,1277,75.93333333333334,934,958,925,1010,919,1063,916,1118,920,1170,935,1212,963,1246,999,1272,1048,1288,1106,1291,1168,1286,1226,1272,1273,1243,1308,1198,1331,1145,1349,1087,1366,1028,944,886,967,856,1005,848,1044,855,1077,876,1142,887,1185,874,1234,879,1277,898,1302,937,1099,930,1090,953,1080,976,1069,1002,1031,1049,1048,1056,1067,1062,1092,1064,1117,1065,975,937,999,930,1025,932,1049,947,1021,949,995,947,1166,962,1195,955,1224,962,1248,978,1219,979,1190,973,992,1133,1017,1107,1043,1095,1059,1104,1079,1104,1113,1127,1154,1164,1107,1175,1071,1172,1050,1167,1030,1162,1010,1153,1005,1132,1039,1121,1057,1127,1077,1130,1137,1159,1075,1145,1055,1140,1036,1134
2279,h,1,1,881,831,1327,1277,75.96666666666667,932,967,923,1019,919,1070,917,1123,920,1174,933,1218,960,1254,996,1281,1048,1298,1109,1302,1172,1296,1231,1283,1280,1253,1314,1209,1338,1155,1355,1096,1371,1036,949,893,969,861,1006,851,1045,855,1079,876,1144,884,1187,874,1235,880,1276,901,1300,940,1100,931,1091,955,1081,978,1070,1004,1032,1052,1049,1059,1068,1065,1093,1067,1118,1067,983,943,1005,935,1029,936,1052,949,1026,951,1002,950,1165,963,1193,957,1220,964,1244,981,1215,980,1188,974,992,1136,1018,1111,1044,1099,1060,1107,1079,1106,1112,1130,1153,1166,1107,1175,1071,1172,1051,1168,1032,1162,1010,1154,1007,1134,1041,1126,1059,1131,1077,1135,1136,1162,1075,1144,1056,1140,1038,1135
2280,h,1,1,881,831,1327,1277,76.0,937,966,928,1018,923,1073,920,1127,925,1179,941,1223,969,1257,1007,1281,1059,1295,1120,1298,1180,1291,1236,1275,1281,1245,1313,1201,1333,1146,1350,1087,1365,1026,949,893,971,863,1008,855,1046,861,1079,880,1141,889,1186,879,1233,884,1275,902,1300,939,1101,936,1093,960,1084,983,1074,1009,1033,1058,1052,1065,1072,1071,1098,1072,1123,1073,978,947,1001,941,1026,942,1050,953,1024,955,999,954,1166,966,1196,962,1223,969,1247,983,1218,983,1191,977,998,1145,1022,1117,1046,1107,1064,1115,1086,1115,1118,1136,1158,1172,1114,1181,1080,1177,1057,1174,1036,1168,1016,1161,1011,1142,1043,1132,1063,1137,1084,1140,1142,1166,1082,1150,1061,1146,1041,1141
2281,h,1,1,881,831,1327,1277,76.03333333333333,937,966,928,1018,923,1073,920,1127,925,1179,941,1223,969,1257,1007,1281,1059,1295,1120,1298,1180,1291,1236,1275,1281,1245,1313,1201,1333,1146,1350,1087,1365,1026,949,893,971,863,1008,855,1046,861,1079,880,1141,889,1186,879,1233,884,1275,902,1300,939,1101,936,1093,960,1084,983,1074,1009,1033,1058,1052,1065,1072,1071,1098,1072,1123,1073,978,947,1001,941,1026,942,1050,953,1024,955,999,954,1166,966,1196,962,1223,969,1247,983,1218,983,1191,977,998,1145,1022,1117,1046,1107,1064,1115,1086,1115,1118,1136,1158,1172,1114,1181,1080,1177,1057,1174,1036,1168,1016,1161,1011,1142,1043,1132,1063,1137,1084,1140,1142,1166,1082,1150,1061,1146,1041,1141
2313,h,1,1,881,831,1327,1277,77.1,921,980,915,1035,913,1090,915,1147,926,1200,948,1248,978,1289,1015,1321,1065,1337,1123,1333,1183,1316,1236,1290,1280,1252,1312,1202,1333,1143,1346,1079,1357,1015,938,898,956,871,989,863,1023,867,1054,883,1126,887,1168,877,1213,878,1255,893,1280,928,1084,937,1077,963,1069,988,1060,1015,1026,1067,1044,1073,1063,1077,1086,1077,1109,1077,973,951,991,938,1015,938,1037,953,1013,956,990,956,1150,961,1175,949,1202,954,1227,971,1200,973,1173,969,992,1157,1014,1128,1038,1116,1056,1123,1076,1122,1111,1144,1153,1178,1110,1195,1074,1196,1052,1193,1032,1188,1010,1178,1006,1154,1037,1141,1056,1145,1075,1148,1137,1173,1074,1167,1054,1163,1036,1159
2314,h,1,1,881,831,1327,1277,77.13333333333334,918,967,912,1020,910,1074,911,1129,918,1182,935,1226,965,1263,1002,1291,1054,1304,1114,1303,1176,1291,1232,1271,1278,1236,1308,1186,1327,1128,1341,1067,1352,1004,929,895,948,868,984,860,1022,867,1054,885,1121,890,1163,876,1210,876,1254,890,1281,923,1082,940,1075,966,1066,991,1058,1018,1022,1070,1041,1076,1060,1080,1084,1081,1108,1080,961,949,983,940,1010,941,1033,954,1007,959,981,958,1147,962,1174,952,1202,957,1227,971,1199,975,1171,972,995,1156,1016,1131,1038,1118,1053,1125,1070,1123,1102,1145,1143,1175,1099,1187,1066,1186,1048,1183,1030,1178,1011,1172,1009,1153,1036,1145,1052,1149,1069,1151,1127,1169,1068,1156,1051,1153,1034,1149
2315,h,1,1,881,831,1327,1277,77.16666666666667,918,967,912,1020,910,1074,911,1129,918,1182,935,1226,965,1263,1002,1291,1054,1304,1114,1303,1176,1291,1232,1271,1278,1236,1308,1186,1327,1128,1341,1067,1352,1004,929,895,948,868,984,860,1022,867,1054,885,1121,890,1163,876,1210,876,1254,890,1281,923,1082,940,1075,966,1066,991,1058,1018,1022,1070,1041,1076,1060,1080,1084,1081,1108,1080,961,949,983,940,1010,941,1033,954,1007,959,981,958,1147,962,1174,952,1202,957,1227,971,1199,975,1171,972,995,1156,1016,1131,1038,1118,1053,1125,1070,1123,1102,1145,1143,1175,1099,1187,1066,1186,1048,1183,1030,1178,1011,1172,1009,1153,1036,1145,1052,1149,1069,1151,1127,1169,1068,1156,1051,1153,1034,1149
2316,h,1,1,881,831,1327,1277,77.2,921,979,913,1032,909,1086,910,1141,918,1193,936,1238,965,1277,1001,1306,1052,1321,1111,1320,1172,1305,1227,1282,1274,1247,1306,1198,1326,1140,1340,1077,1350,1014,938,906,955,878,987,869,1021,873,1052,890,1119,894,1160,883,1207,883,1249,898,1275,931,1079,948,1072,975,1063,1001,1054,1029,1022,1079,1039,1086,1058,1090,1082,1090,1106,1088,968,963,988,950,1012,950,1035,965,1010,968,986,967,1144,972,1169,959,1197,963,1222,979,1195,982,1167,978,992,1167,1013,1140,1035,1126,1051,1133,1069,1131,1100,1152,1142,1183,1098,1198,1066,1199,1047,1198,1028,1194,1009,1186,1005,1164,1034,1152,1051,1156,1068,1158,1125,1178,1067,1171,1050,1169,1033,1165
2317,h,1,1,881,831,1327,1277,77.23333333333333,917,979,910,1032,908,1087,909,1141,917,1192,934,1236,961,1274,997,1303,1049,1317,1110,1317,1172,1304,1227,1281,1273,1245,1305,1195,1325,1137,1339,1077,1351,1014,930,907,947,876,982,865,1020,870,1054,886,1118,890,1161,879,1208,880,1252,896,1278,931,1080,945,1073,972,1065,1000,1055,1029,1020,1077,1038,1083,1057,1089,1082,1088,1106,1087,963,957,983,946,1008,946,1032,960,1006,963,982,963,1147,966,1173,956,1201,960,1225,976,1198,978,1170,974,992,1167,1012,1139,1034,1125,1052,1133,1071,1131,1103,1151,1144,1183,1101,1200,1067,1200,1046,1198,1026,1194,1007,1186,1006,1163,1033,1152,1051,1156,1070,1158,1128,1179,1068,1171,1049,1169,1031,1165
2318,h,1,1,899,858,1270,1229,77.26666666666667,918,968,912,1019,909,1071,909,1122,915,1172,932,1215,962,1247,999,1272,1049,1285,1106,1286,1163,1274,1215,1252,1258,1219,1288,1173,1308,1120,1323,1064,1335,1006,929,892,951,865,988,858,1025,864,1057,882,1120,888,1160,875,1204,874,1246,890,1272,924,1084,938,1077,962,1069,986,1061,1012,1024,1062,1042,1067,1061,1071,1083,1073,1107,1073,960,943,983,928,1011,930,1034,952,1008,955,980,953,1145,961,1171,943,1201,946,1225,966,1200,972,1171,969,991,1151,1014,1121,1038,1107,1054,1116,1072,1114,1103,1137,1139,1170,1099,1184,1067,1184,1047,1182,1028,1177,1008,1168,1004,1147,1036,1136,1053,1140,1071,1143,1123,1165,1068,1153,1050,1150,1033,1146
2319,h,1,1,899,858,1270,1229,77.3,918,968,912,1019,909,1071,909,1122,915,1172,932,1215,962,1247,999,1272,1049,1285,1106,1286,1163,1274,1215,1252,1258,1219,1288,1173,1308,1120,1323,1064,1335,1006,929,892,951,865,988,858,1025,864,1057,882,1120,888,1160,875,1204,874,1246,890,1272,924,1084,938,1077,962,1069,986,1061,1012,1024,1062,1042,1067,1061,1071,1083,1073,1107,1073,960,943,983,928,1011,930,1034,952,1008,955,980,953,1145,961,1171,943,1201,946,1225,966,1200,972,1171,969,991,1151,1014,1121,1038,1107,1054,1116,1072,1114,1103,1137,1139,1170,1099,1184,1067,1184,1047,1182,1028,1177,1008,1168,1004,1147,1036,1136,1053,1140,1071,1143,1123,1165,1068,1153,1050,1150,1033,1146
2320,h,1,1,881,831,1327,1277,77.33333333333333,909,951,903,1006,901,1061,901,1117,909,1169,926,1211,957,1245,997,1271,1048,1286,1107,1287,1170,1278,1225,1259,1270,1225,1300,1178,1320,1120,1335,1059,1347,995,926,874,948,847,985,839,1024,842,1057,859,1128,865,1169,854,1215,857,1257,874,1282,909,1086,919,1079,942,1071,965,1062,990,1023,1042,1042,1048,1061,1052,1085,1053,1108,1054,961,927,984,915,1012,915,1035,934,1009,936,982,935,1149,944,1176,929,1205,933,1230,951,1203,955,1174,951,990,1132,1012,1099,1035,1084,1053,1091,1071,1090,1103,1114,1142,1150,1099,1162,1066,1161,1046,1159,1027,1154,1006,1147,1004,1128,1034,1111,1052,1115,1069,1117,1125,1145,1068,1133,1050,1130,1031,1126
2321,h,1,1,881,831,1327,1277,77.36666666666666,913,941,906,995,904,1052,905,1108,912,1160,930,1204,960,1239,1000,1265,1052,1280,1111,1283,1175,1273,1231,1253,1276,1218,1306,1172,1326,1116,1341,1056,1354,994,926,871,948,843,985,833,1026,838,1061,855,1136,865,1178,853,1224,855,1265,872,1292,908,1090,912,1082,935,1073,957,1063,981,1026,1031,1044,1037,1063,1041,1087,1043,1110,1044,961,922,986,910,1014,912,1038,929,1010,932,982,931,1154,942,1184,928,1214,934,1239,953,1211,957,1181,952,987,1122,1011,1088,1037,1072,1054,1079,1073,1078,1107,1104,1148,1144,1103,1157,1069,1154,1049,1151,1029,1147,1006,1140,1001,1118,1035,1102,1053,1106,1072,1109,1131,1138,1071,1124,1052,1120,1034,1117
2322,h,1,1,881,831,1327,1277,77.4,915,939,907,993,903,1050,902,1106,908,1159,925,1204,955,1241,996,1268,1050,1283,1111,1283,1175,1272,1232,1252,1276,1218,1304,1171,1324,1116,1339,1058,1354,997,931,872,953,842,991,832,1031,836,1066,855,1140,864,1183,853,1229,856,1270,875,1295,914,1095,913,1087,936,1078,957,1069,981,1030,1031,1048,1037,1067,1042,1091,1043,1115,1043,966,924,990,912,1018,914,1043,931,1015,934,987,932,1157,945,1187,931,1216,937,1239,956,1212,959,1183,954,992,1124,1015,1089,1041,1072,1058,1078,1078,1078,1110,1103,1148,1144,1107,1157,1073,1156,1052,1154,1031,1149,1010,1142,1006,1120,1038,1103,1057,1107,1076,1109,1131,1138,1075,1127,1056,1124,1037,1120
2323,h,1,1,881,831,1327,1277,77.43333333333334,915,939,907,993,903,1050,902,1106,908,1159,925,1204,955,1241,996,1268,1050,1283,1111,1283,1175,1272,1232,1252,1276,1218,1304,1171,1324,1116,1339,1058,1354,997,931,872,953,842,991,832,1031,836,1066,855,1140,864,1183,853,1229,856,1270,875,1295,914,1095,913,1087,936,1078,957,1069,981,1030,1031,1048,1037,1067,1042,1091,1043,1115,1043,966,924,990,912,1018,914,1043,931,1015,934,987,932,1157,945,1187,931,1216,937,1239,956,1212,959,1183,954,992,1124,1015,1089,1041,1072,1058,1078,1078,1078,1110,1103,1148,1144,1107,1157,1073,1156,1052,1154,1031,1149,1010,1142,1006,1120,1038,1103,1057,1107,1076,1109,1131,1138,1075,1127,1056,1124,1037,1120
2324,h,1,1,881,831,1327,1277,77.46666666666667,917,942,910,998,906,1056,905,1112,911,1165,928,1209,960,1246,1001,1274,1056,1288,1119,1288,1182,1275,1238,1256,1281,1223,1308,1176,1327,1121,1342,1064,1356,1002,931,883,953,850,991,837,1034,840,1071,858,1142,866,1187,855,1236,858,1278,880,1300,922,1098,914,1090,939,1081,962,1072,987,1031,1036,1050,1041,1070,1046,1096,1047,1120,1046,968,925,992,913,1021,915,1045,931,1018,933,989,932,1161,943,1191,930,1221,935,1244,954,1216,955,1187,950,994,1130,1017,1093,1043,1076,1061,1082,1081,1081,1115,1106,1153,1147,1112,1162,1079,1162,1057,1161,1035,1157,1013,1149,1008,1125,1041,1106,1060,1109,1080,1112,1135,1142,1080,1133,1060,1130,1040,1126
2325,h,1,1,881,831,1327,1277,77.5,926,957,919,1010,915,1066,916,1121,923,1172,939,1216,971,1253,1013,1276,1066,1286,1124,1285,1183,1274,1238,1256,1281,1225,1309,1180,1328,1126,1341,1068,1354,1009,932,886,954,852,991,838,1033,840,1070,857,1141,865,1184,854,1231,858,1272,878,1295,917,1097,916,1090,940,1083,963,1075,989,1034,1040,1053,1046,1073,1050,1098,1051,1122,1050,968,932,991,920,1018,921,1043,936,1016,937,989,937,1161,947,1191,934,1219,939,1244,957,1216,957,1187,953,997,1136,1020,1099,1046,1081,1063,1088,1082,1086,1116,1110,1155,1152,1114,1167,1080,1169,1059,1168,1039,1163,1016,1154,1012,1131,1045,1112,1063,1115,1081,1117,1137,1146,1081,1138,1062,1135,1043,1133
2326,h,1,1,881,831,1327,1277,77.53333333333333,926,957,919,1010,915,1066,916,1121,923,1172,939,1216,971,1253,1013,1276,1066,1286,1124,1285,1183,1274,1238,1256,1281,1225,1309,1180,1328,1126,1341,1068,1354,1009,932,886,954,852,991,838,1033,840,1070,857,1141,865,1184,854,1231,858,1272,878,1295,917,1097,916,1090,940,1083,963,1075,989,1034,1040,1053,1046,1073,1050,1098,1051,1122,1050,968,932,991,920,1018,921,1043,936,1016,937,989,937,1161,947,1191,934,1219,939,1244,957,1216,957,1187,953,997,1136,1020,1099,1046,1081,1063,1088,1082,1086,1116,1110,1155,1152,1114,1167,1080,1169,1059,1168,1039,1163,1016,1154,1012,1131,1045,1112,1063,1115,1081,1117,1137,1146,1081,1138,1062,1135,1043,1133
2327,h,1,1,881,831,1327,1277,77.56666666666666,940,954,932,1006,929,1062,928,1117,933,1169,948,1212,976,1248,1013,1274,1063,1287,1123,1287,1185,1278,1240,1260,1284,1229,1314,1183,1334,1129,1348,1070,1363,1010,952,870,974,846,1007,841,1043,848,1073,865,1146,871,1188,861,1232,864,1271,882,1295,915,1103,923,1095,946,1086,967,1076,991,1038,1042,1056,1048,1075,1052,1099,1053,1122,1053,978,927,1001,916,1029,918,1052,937,1025,938,998,936,1164,949,1193,934,1222,939,1246,957,1219,960,1190,956,1001,1135,1024,1100,1048,1084,1065,1091,1085,1090,1118,1114,1157,1154,1115,1169,1081,1171,1060,1169,1040,1164,1019,1154,1016,1132,1047,1116,1064,1119,1083,1121,1140,1149,1082,1140,1063,1137,1045,1134
2328,h,1,1,881,831,1327,1277,77.6,941,950,931,1003,927,1058,926,1113,931,1165,946,1209,972,1246,1007,1274,1057,1289,1116,1291,1177,1283,1233,1264,1279,1234,1311,1189,1331,1134,1347,1076,1362,1015,950,877,972,847,1009,839,1048,844,1081,864,1148,869,1190,860,1236,865,1276,886,1297,925,1105,923,1097,946,1088,967,1079,990,1039,1041,1057,1048,1076,1052,1101,1053,1124,1054,979,930,1003,916,1032,919,1055,940,1028,942,999,940,1166,955,1194,938,1224,944,1247,966,1220,970,1191,965,1003,1133,1027,1099,1052,1082,1068,1090,1087,1089,1120,1115,1158,1157,1115,1171,1081,1172,1060,1169,1041,1164,1021,1153,1019,1130,1050,1114,1066,1118,1084,1121,1141,1150,1084,1141,1065,1138,1047,1133
2329,h,1,1,881,831,1327,1277,77.63333333333334,928,955,919,1008,914,1064,915,1119,924,1172,942,1216,973,1254,1013,1280,1065,1294,1126,1295,1189,1284,1244,1263,1288,1229,1318,1184,1337,1129,1349,1071,1361,1012,940,875,962,845,999,837,1038,842,1072,861,1149,868,1192,859,1237,862,1277,880,1299,916,1105,920,1098,943,1089,966,1081,989,1041,1041,1059,1047,1079,1051,1103,1052,1126,1052,975,930,999,917,1028,919,1053,938,1025,940,996,938,1166,951,1195,936,1225,942,1248,963,1221,965,1192,960,1004,1132,1027,1097,1052,1081,1070,1087,1090,1087,1123,1112,1161,1153,1120,1170,1086,1171,1064,1169,1043,1164,1022,1154,1019,1129,1050,1112,1069,1116,1088,1119,1143,1148,1088,1140,1068,1136,1049,1132
2330,h,1,1,881,831,1327,1277,77.66666666666667,928,955,919,1008,914,1064,915,1119,924,1172,942,1216,973,1254,1013,1280,1065,1294,1126,1295,1189,1284,1244,1263,1288,1229,1318,1184,1337,1129,1349,1071,1361,1012,940,875,962,845,999,837,1038,842,1072,861,1149,868,1192,859,1237,862,1277,880,1299,916,1105,920,1098,943,1089,966,1081,989,1041,1041,1059,1047,1079,1051,1103,1052,1126,1052,975,930,999,917,1028,919,1053,938,1025,940,996,938,1166,951,1195,936,1225,942,1248,963,1221,965,1192,960,1004,1132,1027,1097,1052,1081,1070,1087,1090,1087,1123,1112,1161,1153,1120,1170,1086,1171,1064,1169,1043,1164,1022,1154,1019,1129,1050,1112,1069,1116,1088,1119,1143,1148,1088,1140,1068,1136,1049,1132
2331,h,1,1,881,831,1327,1277,77.7,931,959,924,1011,922,1066,923,1119,930,1170,948,1214,979,1251,1018,1277,1069,1290,1127,1291,1189,1283,1245,1263,1288,1230,1318,1183,1338,1127,1350,1068,1362,1008,935,887,956,853,995,839,1037,842,1075,860,1144,870,1190,859,1239,863,1281,884,1305,923,1102,919,1094,942,1086,965,1078,989,1038,1041,1057,1047,1077,1051,1102,1051,1126,1051,972,931,996,919,1024,920,1050,936,1021,938,993,938,1165,949,1196,935,1226,941,1250,960,1222,961,1192,956,1003,1132,1027,1097,1052,1080,1070,1086,1089,1085,1123,1111,1164,1151,1120,1168,1085,1168,1065,1166,1044,1162,1022,1152,1018,1129,1051,1111,1069,1114,1088,1116,1145,1146,1087,1136,1068,1133,1049,1130
2332,h,1,1,881,831,1327,1277,77.73333333333333,926,956,919,1010,915,1067,917,1122,925,1173,944,1215,976,1249,1017,1272,1069,1284,1128,1285,1189,1276,1244,1258,1287,1228,1317,1183,1336,1129,1350,1073,1364,1013,941,880,962,847,1000,835,1041,839,1077,858,1150,868,1193,857,1240,862,1282,883,1305,923,1105,918,1098,941,1090,964,1082,989,1041,1038,1060,1044,1080,1049,1104,1050,1128,1049,975,928,998,917,1025,919,1050,935,1022,936,995,935,1171,948,1200,935,1228,942,1253,960,1224,960,1196,955,1004,1132,1027,1095,1053,1078,1071,1086,1092,1084,1126,1109,1164,1150,1123,1165,1088,1165,1066,1164,1045,1159,1023,1151,1019,1127,1052,1110,1070,1113,1090,1115,1146,1144,1090,1134,1069,1131,1050,1128
2333,h,1,1,881,831,1327,1277,77.76666666666667,940,961,933,1013,931,1067,930,1120,935,1171,951,1213,979,1248,1017,1272,1069,1284,1128,1286,1191,1278,1246,1260,1289,1230,1319,1185,1338,1132,1353,1075,1366,1015,947,884,968,852,1005,841,1045,845,1079,864,1152,874,1196,863,1244,868,1285,888,1308,926,1106,921,1099,944,1090,967,1081,991,1042,1041,1061,1047,1080,1052,1104,1053,1128,1053,979,930,1002,917,1030,919,1056,937,1027,938,999,937,1171,950,1200,936,1230,942,1255,962,1226,963,1197,957,1004,1130,1029,1096,1054,1080,1071,1088,1090,1087,1124,1112,1164,1152,1121,1164,1085,1163,1065,1160,1045,1155,1023,1148,1019,1127,1052,1111,1069,1114,1088,1117,1146,1146,1088,1133,1069,1129,1050,1125
2334,h,1,1,881,831,1327,1277,77.8,940,961,933,1013,931,1067,930,1120,935,1171,951,1213,979,1248,1017,1272,1069,1284,1128,1286,1191,1278,1246,1260,1289,1230,1319,1185,1338,1132,1353,1075,1366,1015,947,884,968,852,1005,841,1045,845,1079,864,1152,874,1196,863,1244,868,1285,888,1308,926,1106,921,1099,944,1090,967,1081,991,1042,1041,1061,1047,1080,1052,1104,1053,1128,1053,979,930,1002,917,1030,919,1056,937,1027,938,999,937,1171,950,1200,936,1230,942,1255,962,1226,963,1197,957,1004,1130,1029,1096,1054,1080,1071,1088,1090,1087,1124,1112,1164,1152,1121,1164,1085,1163,1065,1160,1045,1155,1023,1148,1019,1127,1052,1111,1069,1114,1088,1117,1146,1146,1088,1133,1069,1129,1050,1125
2335,h,1,1,881,831,1327,1277,77.83333333333333,932,949,923,1003,919,1060,918,1115,923,1169,939,1213,967,1251,1007,1278,1059,1292,1119,1293,1181,1283,1237,1265,1282,1234,1313,1189,1335,1135,1351,1077,1365,1016,950,879,973,851,1009,842,1047,847,1080,865,1154,873,1198,864,1243,866,1283,885,1305,921,1109,918,1100,942,1091,965,1082,991,1042,1040,1060,1045,1078,1050,1103,1051,1127,1051,981,928,1005,917,1032,919,1056,933,1030,935,1003,934,1170,945,1199,935,1226,942,1249,959,1222,959,1195,953,1005,1130,1028,1096,1053,1080,1070,1087,1090,1086,1122,1110,1160,1150,1118,1162,1085,1161,1064,1160,1044,1155,1023,1147,1019,1126,1051,1110,1068,1113,1088,1116,1142,1144,1088,1133,1068,1129,1049,1126
2336,h,1,1,881,831,1327,1277,77.86666666666666,945,953,935,1005,929,1059,926,1113,929,1165,944,1209,972,1248,1010,1275,1061,1290,1121,1292,1183,1285,1239,1268,1284,1238,1317,1192,1338,1138,1354,1081,1369,1022,952,878,974,849,1010,840,1050,846,1083,867,1154,875,1199,866,1246,870,1288,891,1311,930,1110,922,1102,945,1092,968,1082,993,1042,1041,1060,1048,1080,1054,1104,1055,1129,1055,982,929,1005,919,1032,920,1056,936,1030,937,1002,935,1175,950,1204,940,1233,947,1257,965,1228,964,1200,958,1003,1127,1028,1096,1054,1081,1071,1088,1091,1088,1124,1114,1164,1153,1119,1167,1084,1165,1062,1162,1042,1157,1021,1148,1018,1125,1051,1110,1069,1114,1089,1117,1147,1148,1087,1136,1067,1131,1048,1127
2337,h,1,1,881,831,1327,1277,77.9,934,961,924,1015,921,1072,922,1126,930,1178,949,1221,978,1257,1016,1283,1065,1296,1121,1296,1180,1288,1235,1271,1279,1239,1311,1195,1332,1141,1348,1083,1361,1023,950,881,972,852,1007,842,1045,845,1078,863,1154,874,1194,864,1239,869,1278,889,1300,925,1107,924,1100,947,1091,969,1083,994,1042,1044,1061,1050,1080,1055,1104,1056,1127,1056,981,933,1005,926,1030,928,1054,940,1027,941,1001,939,1168,954,1197,947,1223,954,1247,968,1219,966,1192,961,1003,1133,1027,1100,1053,1084,1070,1091,1091,1090,1123,1114,1160,1155,1119,1168,1085,1167,1064,1165,1043,1161,1021,1152,1017,1130,1050,1114,1069,1118,1089,1120,1143,1150,1088,1138,1068,1135,1048,1131
2338,h,1,1,881,831,1327,1277,77.93333333333334,934,961,924,1015,921,1072,922,1126,930,1178,949,1221,978,1257,1016,1283,1065,1296,1121,1296,1180,1288,1235,1271,1279,1239,1311,1195,1332,1141,1348,1083,1361,1023,950,881,972,852,1007,842,1045,845,1078,863,1154,874,1194,864,1239,869,1278,889,1300,925,1107,924,1100,947,1091,969,1083,994,1042,1044,1061,1050,1080,1055,1104,1056,1127,1056,981,933,1005,926,1030,928,1054,940,1027,941,1001,939,1168,954,1197,947,1223,954,1247,968,1219,966,1192,961,1003,1133,1027,1100,1053,1084,1070,1091,1091,1090,1123,1114,1160,1155,1119,1168,1085,1167,1064,1165,1043,1161,1021,1152,1017,1130,1050,1114,1069,1118,1089,1120,1143,1150,1088,1138,1068,1135,1048,1131
2339,h,1,1,881,831,1327,1277,77.96666666666667,931,954,923,1009,920,1065,920,1120,926,1171,942,1212,973,1247,1011,1271,1061,1285,1118,1286,1179,1278,1235,1261,1280,1231,1311,1185,1331,1132,1347,1075,1361,1015,946,879,971,852,1008,844,1047,849,1081,869,1152,879,1192,869,1237,872,1276,890,1299,925,1109,925,1101,947,1092,968,1083,993,1041,1042,1060,1049,1079,1054,1103,1056,1127,1056,976,934,1001,928,1027,929,1052,941,1025,942,998,941,1169,954,1199,947,1226,954,1250,968,1222,968,1194,962,1002,1132,1025,1100,1052,1085,1069,1093,1088,1091,1120,1116,1156,1155,1116,1166,1084,1166,1063,1164,1043,1158,1020,1150,1016,1128,1049,1114,1067,1118,1086,1120,1139,1149,1086,1137,1067,1134,1048,1129
2340,h,1,1,881,831,1327,1277,78.0,943,952,932,1005,925,1059,922,1115,927,1167,942,1211,969,1250,1005,1279,1056,1295,1116,1298,1178,1291,1234,1272,1280,1240,1312,1194,1333,1139,1349,1079,1364,1018,961,879,981,852,1014,846,1050,852,1081,871,1154,880,1196,871,1240,875,1280,894,1301,929,1107,924,1099,947,1090,969,1079,993,1041,1042,1058,1049,1077,1054,1102,1056,1125,1057,989,933,1011,925,1035,926,1058,939,1033,939,1009,938,1171,952,1199,945,1225,951,1248,968,1220,966,1194,960,1002,1129,1026,1098,1051,1085,1068,1092,1088,1092,1120,1116,1159,1157,1115,1169,1080,1167,1059,1163,1039,1157,1018,1148,1016,1127,1048,1113,1066,1118,1086,1121,1143,1151,1083,1137,1064,1132,1045,1127
2341,h,1,1,881,831,1327,1277,78.03333333333333,943,952,932,1005,925,1059,922,1115,927,1167,942,1211,969,1250,1005,1279,1056,1295,1116,1298,1178,1291,1234,1272,1280,1240,1312,1194,1333,1139,1349,1079,1364,1018,961,879,981,852,1014,846,1050,852,1081,871,1154,880,1196,871,1240,875,1280,894,1301,929,1107,924,1099,947,1090,969,1079,993,1041,1042,1058,1049,1077,1054,1102,1056,1125,1057,989,933,1011,925,1035,926,1058,939,1033,939,1009,938,1171,952,1199,945,1225,951,1248,968,1220,966,1194,960,1002,1129,1026,1098,1051,1085,1068,1092,1088,1092,1120,1116,1159,1157,1115,1169,1080,1167,1059,1163,1039,1157,1018,1148,1016,1127,1048,1113,1066,1118,1086,1121,1143,1151,1083,1137,1064,1132,1045,1127
2342,h,1,1,881,831,1327,1277,78.06666666666666,932,954,924,1008,921,1063,919,1117,924,1168,942,1211,972,1245,1010,1269,1062,1283,1121,1285,1183,1277,1238,1259,1281,1228,1311,1183,1330,1130,1345,1073,1359,1015,945,879,969,849,1007,842,1047,848,1080,868,1150,877,1192,867,1237,871,1276,888,1299,923,1107,924,1099,947,1090,969,1081,992,1038,1042,1058,1048,1077,1053,1101,1055,1125,1057,978,930,1002,921,1029,923,1052,938,1026,939,999,937,1167,953,1196,944,1223,950,1246,967,1219,967,1192,962,999,1127,1024,1097,1049,1084,1066,1092,1087,1092,1120,1116,1159,1153,1116,1162,1081,1158,1058,1154,1039,1148,1017,1141,1014,1124,1046,1112,1064,1116,1085,1120,1142,1147,1083,1129,1063,1124,1044,1120
2343,h,1,1,881,831,1327,1277,78.1,939,946,929,1000,923,1055,919,1108,922,1159,936,1203,964,1239,1002,1263,1053,1278,1110,1282,1173,1276,1230,1260,1275,1230,1306,1187,1326,1135,1342,1077,1358,1018,962,885,982,857,1015,848,1052,851,1082,868,1152,875,1193,867,1237,874,1274,897,1294,935,1107,921,1098,944,1088,966,1078,990,1037,1038,1055,1045,1074,1050,1099,1052,1123,1052,994,931,1014,919,1038,920,1057,937,1035,937,1012,936,1167,951,1194,939,1219,944,1240,964,1215,963,1190,958,998,1122,1023,1093,1048,1082,1065,1090,1085,1089,1116,1112,1153,1148,1111,1155,1078,1152,1057,1149,1038,1144,1017,1137,1011,1119,1045,1108,1063,1113,1082,1115,1138,1142,1081,1127,1062,1123,1043,1119
2344,h,1,1,881,831,1327,1277,78.13333333333334,935,940,926,994,920,1050,916,1106,920,1159,935,1202,964,1238,1002,1264,1052,1279,1111,1281,1175,1274,1232,1258,1276,1227,1308,1182,1328,1128,1344,1070,1360,1009,950,870,973,846,1009,841,1045,848,1076,865,1153,873,1194,865,1238,868,1276,885,1299,919,1104,921,1095,944,1085,966,1074,991,1034,1038,1052,1044,1071,1049,1096,1051,1121,1052,980,927,1004,918,1030,920,1052,934,1027,936,1001,934,1167,948,1196,939,1222,945,1245,962,1218,962,1191,957,996,1122,1021,1094,1046,1082,1063,1089,1083,1089,1117,1111,1157,1148,1114,1158,1077,1155,1057,1151,1037,1146,1015,1139,1010,1120,1044,1107,1062,1111,1081,1114,1141,1143,1080,1129,1061,1125,1043,1121
2345,h,1,1,881,831,1327,1277,78.16666666666667,935,940,926,994,920,1050,916,1106,920,1159,935,1202,964,1238,1002,1264,1052,1279,1111,1281,1175,1274,1232,1258,1276,1227,1308,1182,1328,1128,1344,1070,1360,1009,950,870,973,846,1009,841,1045,848,1076,865,1153,873,1194,865,1238,868,1276,885,1299,919,1104,921,1095,944,1085,966,1074,991,1034,1038,1052,1044,1071,1049,1096,1051,1121,1052,980,927,1004,918,1030,920,1052,934,1027,936,1001,934,1167,948,1196,939,1222,945,1245,962,1218,962,1191,957,996,1122,1021,1094,1046,1082,1063,1089,1083,1089,1117,1111,1157,1148,1114,1158,1077,1155,1057,1151,1037,1146,1015,1139,1010,1120,1044,1107,1062,1111,1081,1114,1141,1143,1080,1129,1061,1125,1043,1121
2346,h,1,1,881,831,1327,1277,78.2,934,949,925,1003,918,1058,915,1113,919,1165,934,1208,962,1243,1000,1268,1051,1281,1110,1283,1172,1278,1228,1264,1273,1234,1305,1191,1324,1137,1340,1078,1356,1018,953,877,972,848,1006,839,1043,843,1074,860,1151,867,1193,862,1236,867,1272,886,1291,922,1102,920,1093,943,1083,965,1073,989,1034,1040,1052,1045,1071,1050,1095,1051,1119,1052,985,929,1006,917,1031,918,1051,935,1028,936,1003,934,1165,947,1191,936,1217,942,1238,961,1213,960,1187,955,996,1123,1021,1094,1046,1082,1063,1089,1083,1088,1116,1110,1154,1148,1111,1155,1076,1152,1055,1149,1036,1145,1015,1138,1010,1120,1043,1107,1061,1111,1081,1114,1139,1142,1079,1128,1060,1124,1041,1121
2347,h,1,1,881,831,1327,1277,78.23333333333333,929,947,921,1000,915,1054,912,1108,916,1162,932,1206,962,1241,1001,1265,1052,1279,1112,1282,1175,1275,1232,1259,1278,1229,1310,1185,1328,1131,1342,1074,1356,1015,946,880,967,852,1002,842,1040,846,1072,864,1144,871,1187,864,1231,869,1269,889,1291,924,1099,921,1090,944,1081,966,1071,990,1032,1039,1050,1045,1068,1050,1093,1051,1118,1051,979,929,1001,919,1027,920,1049,936,1024,937,999,936,1163,949,1190,939,1217,945,1239,963,1213,963,1186,958,993,1123,1019,1094,1045,1083,1062,1089,1081,1089,1115,1111,1156,1147,1110,1155,1075,1152,1054,1149,1035,1144,1013,1138,1008,1120,1042,1108,1060,1112,1079,1115,1140,1141,1078,1127,1058,1124,1040,1120
2348,h,1,1,881,831,1327,1277,78.26666666666667,931,953,922,1006,917,1059,913,1112,917,1164,932,1206,960,1241,999,1266,1050,1280,1110,1283,1172,1276,1228,1261,1272,1231,1302,1188,1322,1137,1337,1079,1352,1020,954,885,974,856,1007,846,1043,850,1073,866,1146,873,1187,866,1231,872,1268,893,1288,929,1100,919,1091,943,1082,965,1071,990,1034,1039,1051,1045,1069,1050,1094,1051,1118,1051,985,932,1005,918,1029,919,1050,936,1027,937,1003,936,1164,948,1189,936,1215,942,1236,962,1210,960,1185,954,996,1124,1020,1096,1045,1084,1062,1090,1082,1090,1115,1110,1154,1146,1111,1152,1077,1149,1056,1146,1037,1142,1015,1137,1009,1121,1043,1109,1061,1113,1080,1115,1139,1140,1079,1125,1060,1122,1041,1119
2349,h,1,1,881,831,1327,1277,78.3,931,953,922,1006,917,1059,913,1112,917,1164,932,1206,960,1241,999,1266,1050,1280,1110,1283,1172,1276,1228,1261,1272,1231,1302,1188,1322,1137,1337,1079,1352,1020,954,885,974,856,1007,846,1043,850,1073,866,1146,873,1187,866,1231,872,1268,893,1288,929,1100,919,1091,943,1082,965,1071,990,1034,1039,1051,1045,1069,1050,1094,1051,1118,1051,985,932,1005,918,1029,919,1050,936,1027,937,1003,936,1164,948,1189,936,1215,942,1236,962,1210,960,1185,954,996,1124,1020,1096,1045,1084,1062,1090,1082,1090,1115,1110,1154,1146,1111,1152,1077,1149,1056,1146,1037,1142,1015,1137,1009,1121,1043,1109,1061,1113,1080,1115,1139,1140,1079,1125,1060,1122,1041,1119
2350,h,1,1,881,831,1327,1277,78.33333333333333,929,964,920,1017,915,1070,913,1123,918,1173,935,1215,965,1250,1003,1274,1055,1287,1115,1290,1175,1284,1229,1267,1271,1235,1302,1191,1321,1138,1337,1080,1352,1019,950,881,971,854,1005,846,1040,850,1070,866,1145,872,1186,865,1228,869,1264,887,1285,921,1099,919,1090,942,1080,964,1070,988,1032,1040,1050,1046,1069,1051,1093,1052,1117,1051,983,932,1003,917,1028,918,1049,936,1025,936,1001,936,1160,946,1187,934,1213,939,1235,960,1209,959,1183,953,997,1125,1020,1096,1045,1084,1063,1090,1083,1090,1118,1111,1158,1148,1116,1155,1080,1153,1059,1151,1039,1146,1017,1140,1011,1123,1044,1109,1062,1113,1082,1115,1143,1142,1082,1129,1062,1125,1043,1121
2351,h,1,1,881,831,1327,1277,78.36666666666666,923,951,917,1007,913,1063,912,1118,918,1169,936,1211,968,1245,1007,1269,1058,1281,1116,1281,1177,1275,1232,1258,1276,1227,1306,1182,1326,1128,1341,1069,1355,1009,937,881,959,853,996,844,1036,850,1070,868,1142,876,1186,867,1231,870,1272,887,1298,921,1097,920,1089,944,1080,966,1070,991,1030,1041,1048,1048,1068,1052,1094,1053,1119,1053,968,930,993,920,1021,921,1046,936,1018,938,991,937,1160,948,1189,938,1218,944,1242,960,1214,961,1185,956,994,1126,1020,1099,1045,1085,1062,1092,1081,1092,1116,1114,1160,1150,1112,1158,1076,1155,1055,1152,1037,1147,1015,1141,1008,1124,1043,1111,1060,1114,1079,1117,1144,1144,1079,1131,1060,1127,1042,1123
2352,h,1,1,881,831,1327,1277,78.4,925,959,917,1013,914,1068,913,1122,919,1173,938,1213,969,1247,1008,1271,1059,1284,1116,1286,1177,1278,1231,1261,1272,1229,1302,1184,1321,1131,1336,1074,1351,1014,937,883,959,854,996,845,1036,850,1070,868,1138,874,1182,865,1228,870,1268,890,1290,927,1095,922,1088,945,1079,967,1071,992,1029,1041,1048,1048,1069,1053,1094,1054,1119,1054,973,932,996,920,1023,921,1045,938,1019,939,993,938,1158,950,1186,938,1213,944,1236,962,1209,962,1182,957,997,1126,1020,1098,1046,1085,1063,1092,1083,1091,1117,1113,1158,1149,1115,1157,1079,1155,1058,1152,1038,1147,1016,1141,1011,1124,1044,1110,1062,1114,1081,1117,1142,1144,1081,1130,1062,1127,1043,1123
2353,h,1,1,881,831,1327,1277,78.43333333333334,925,959,917,1013,914,1068,913,1122,919,1173,938,1213,969,1247,1008,1271,1059,1284,1116,1286,1177,1278,1231,1261,1272,1229,1302,1184,1321,1131,1336,1074,1351,1014,937,883,959,854,996,845,1036,850,1070,868,1138,874,1182,865,1228,870,1268,890,1290,927,1095,922,1088,945,1079,967,1071,992,1029,1041,1048,1048,1069,1053,1094,1054,1119,1054,973,932,996,920,1023,921,1045,938,1019,939,993,938,1158,950,1186,938,1213,944,1236,962,1209,962,1182,957,997,1126,1020,1098,1046,1085,1063,1092,1083,1091,1117,1113,1158,1149,1115,1157,1079,1155,1058,1152,1038,1147,1016,1141,1011,1124,1044,1110,1062,1114,1081,1117,1142,1144,1081,1130,1062,1127,1043,1123
2354,h,1,1,881,831,1327,1277,78.46666666666667,925,953,918,1006,915,1061,913,1116,919,1166,937,1207,968,1240,1006,1266,1057,1281,1114,1283,1175,1276,1229,1258,1272,1227,1302,1182,1321,1128,1336,1070,1349,1009,937,881,960,854,996,847,1035,851,1069,868,1137,877,1181,867,1228,870,1269,890,1294,926,1095,922,1087,945,1079,968,1070,993,1029,1042,1048,1049,1068,1054,1093,1055,1118,1056,970,929,995,919,1023,921,1045,939,1018,940,991,938,1158,952,1187,939,1216,944,1240,962,1213,965,1184,960,993,1125,1018,1098,1044,1085,1061,1092,1080,1091,1114,1113,1155,1149,1111,1159,1076,1157,1055,1154,1036,1149,1013,1141,1007,1123,1041,1111,1060,1115,1078,1118,1139,1144,1079,1132,1059,1129,1040,1124
2355,h,1,1,881,831,1327,1277,78.5,923,955,917,1009,914,1063,913,1116,918,1166,936,1208,965,1242,1002,1267,1052,1280,1110,1283,1171,1276,1227,1259,1273,1229,1305,1183,1324,1130,1339,1071,1353,1010,934,882,956,852,994,843,1034,848,1069,867,1137,876,1179,865,1226,868,1268,887,1292,925,1095,922,1087,945,1078,967,1069,992,1028,1041,1047,1048,1066,1053,1092,1054,1117,1054,966,929,991,917,1020,918,1044,938,1016,940,988,938,1157,951,1187,937,1217,942,1241,963,1213,965,1183,960,991,1123,1017,1097,1044,1084,1061,1090,1080,1090,1115,1111,1156,1147,1112,1159,1076,1156,1055,1153,1035,1149,1012,1141,1005,1120,1041,1109,1060,1113,1078,1115,1141,1142,1078,1130,1059,1126,1040,1122
2356,h,1,1,881,831,1327,1277,78.53333333333333,923,955,917,1009,914,1063,913,1116,918,1166,936,1208,965,1242,1002,1267,1052,1280,1110,1283,1171,1276,1227,1259,1273,1229,1305,1183,1324,1130,1339,1071,1353,1010,934,882,956,852,994,843,1034,848,1069,867,1137,876,1179,865,1226,868,1268,887,1292,925,1095,922,1087,945,1078,967,1069,992,1028,1041,1047,1048,1066,1053,1092,1054,1117,1054,966,929,991,917,1020,918,1044,938,1016,940,988,938,1157,951,1187,937,1217,942,1241,963,1213,965,1183,960,991,1123,1017,1097,1044,1084,1061,1090,1080,1090,1115,1111,1156,1147,1112,1159,1076,1156,1055,1153,1035,1149,1012,1141,1005,1120,1041,1109,1060,1113,1078,1115,1141,1142,1078,1130,1059,1126,1040,1122
2357,h,1,1,881,831,1327,1277,78.56666666666666,935,949,925,1003,919,1057,917,1111,922,1162,937,1205,965,1241,1001,1267,1051,1281,1109,1284,1168,1279,1224,1264,1269,1234,1301,1192,1322,1138,1338,1079,1353,1018,948,881,969,855,1002,847,1037,852,1068,867,1140,873,1182,867,1226,872,1264,891,1287,926,1095,920,1086,943,1077,965,1067,989,1029,1039,1047,1044,1065,1049,1091,1050,1115,1050,978,931,999,919,1024,920,1046,937,1021,938,997,937,1160,949,1186,937,1213,943,1236,962,1209,962,1182,956,994,1122,1018,1095,1043,1082,1059,1089,1078,1088,1113,1109,1153,1145,1109,1155,1074,1152,1054,1150,1035,1145,1013,1138,1009,1119,1041,1107,1058,1111,1076,1113,1138,1139,1076,1128,1057,1124,1040,1121
2358,h,1,1,881,831,1327,1277,78.6,929,953,921,1007,917,1063,915,1118,921,1168,938,1208,971,1239,1010,1263,1059,1276,1116,1278,1175,1273,1231,1258,1276,1228,1307,1184,1327,1129,1343,1070,1358,1008,944,874,967,850,1001,844,1037,849,1067,865,1140,871,1182,864,1227,867,1267,885,1292,919,1095,921,1087,943,1078,964,1068,988,1031,1037,1049,1043,1067,1048,1091,1049,1116,1050,979,929,1000,916,1026,918,1047,936,1023,937,997,935,1159,947,1185,933,1214,938,1237,957,1211,959,1183,954,998,1123,1020,1094,1045,1081,1062,1089,1081,1088,1115,1110,1157,1145,1113,1156,1078,1154,1058,1151,1038,1146,1017,1138,1012,1121,1043,1108,1061,1111,1080,1114,1142,1140,1080,1130,1061,1125,1042,1122
2359,h,1,1,881,831,1327,1277,78.63333333333334,921,951,915,1005,913,1059,912,1113,917,1164,934,1207,964,1239,1005,1261,1058,1272,1118,1275,1179,1268,1234,1252,1277,1221,1307,1177,1325,1122,1339,1064,1352,1004,931,883,953,850,990,838,1031,842,1066,861,1137,871,1179,859,1224,863,1265,881,1289,918,1094,917,1087,939,1079,960,1071,983,1030,1035,1049,1041,1069,1046,1093,1046,1117,1046,966,928,990,917,1017,918,1041,934,1014,936,987,935,1157,946,1186,934,1215,939,1239,957,1211,959,1182,954,990,1122,1016,1092,1042,1080,1060,1086,1081,1086,1114,1106,1156,1142,1111,1151,1076,1147,1054,1145,1034,1141,1011,1136,1005,1118,1040,1105,1059,1109,1079,1111,1139,1136,1078,1122,1058,1119,1038,1116
2360,h,1,1,881,831,1327,1277,78.66666666666667,921,951,915,1005,913,1059,912,1113,917,1164,934,1207,964,1239,1005,1261,1058,1272,1118,1275,1179,1268,1234,1252,1277,1221,1307,1177,1325,1122,1339,1064,1352,1004,931,883,953,850,990,838,1031,842,1066,861,1137,871,1179,859,1224,863,1265,881,1289,918,1094,917,1087,939,1079,960,1071,983,1030,1035,1049,1041,1069,1046,1093,1046,1117,1046,966,928,990,917,1017,918,1041,934,1014,936,987,935,1157,946,1186,934,1215,939,1239,957,1211,959,1182,954,990,1122,1016,1092,1042,1080,1060,1086,1081,1086,1114,1106,1156,1142,1111,1151,1076,1147,1054,1145,1034,1141,1011,1136,1005,1118,1040,1105,1059,1109,1079,1111,1139,1136,1078,1122,1058,1119,1038,1116
2361,h,1,1,881,831,1327,1277,78.7,917,951,911,1005,910,1059,909,1113,914,1164,931,1206,962,1239,1002,1263,1053,1276,1112,1278,1173,1272,1230,1256,1274,1225,1304,1180,1323,1125,1339,1067,1354,1006,936,881,959,852,996,843,1036,847,1071,863,1137,871,1180,861,1226,864,1267,882,1291,920,1094,916,1086,938,1077,959,1068,983,1029,1033,1047,1040,1067,1044,1091,1045,1115,1045,972,927,995,915,1022,916,1045,933,1019,934,993,933,1157,944,1185,932,1213,937,1237,956,1210,957,1182,952,992,1120,1017,1091,1043,1077,1060,1084,1080,1083,1114,1105,1155,1142,1111,1151,1076,1148,1055,1146,1036,1142,1013,1136,1006,1117,1041,1102,1059,1105,1078,1108,1139,1137,1078,1125,1058,1121,1040,1118
2362,h,1,1,881,831,1327,1277,78.73333333333333,935,947,925,998,919,1050,917,1105,921,1156,937,1198,966,1233,1003,1258,1051,1274,1110,1276,1172,1271,1230,1256,1275,1227,1308,1184,1327,1131,1341,1073,1356,1015,953,874,975,848,1008,841,1043,847,1073,864,1142,870,1182,859,1225,862,1265,881,1288,918,1098,916,1089,937,1078,958,1067,981,1032,1029,1049,1036,1067,1041,1092,1042,1115,1042,985,927,1006,913,1031,914,1053,933,1028,935,1003,934,1160,946,1186,931,1214,936,1236,958,1211,960,1183,955,990,1115,1016,1087,1042,1074,1058,1080,1077,1080,1112,1102,1153,1139,1109,1150,1074,1147,1053,1144,1035,1140,1012,1132,1004,1112,1040,1100,1057,1104,1076,1107,1138,1133,1076,1123,1057,1120,1040,1116
2369,h,1,1,881,782,1327,1228,78.96666666666667,950,937,937,986,928,1038,923,1090,926,1139,943,1179,974,1212,1013,1235,1065,1250,1123,1251,1185,1247,1242,1236,1284,1211,1314,1171,1334,1123,1350,1072,1366,1020,969,857,988,824,1024,809,1063,813,1096,833,1163,849,1207,840,1254,850,1292,876,1312,917,1116,892,1105,913,1095,933,1083,955,1045,1003,1062,1010,1080,1016,1104,1019,1127,1020,997,900,1020,889,1045,892,1068,910,1042,909,1016,907,1176,929,1206,918,1234,926,1257,947,1228,944,1200,937,1003,1094,1027,1059,1052,1044,1067,1051,1086,1051,1118,1080,1153,1126,1112,1131,1078,1128,1058,1124,1040,1119,1019,1110,1018,1090,1049,1076,1065,1079,1083,1083,1136,1118,1082,1098,1063,1094,1046,1089
2387,h,1,1,881,782,1327,1228,79.56666666666666,953,924,936,975,925,1028,918,1081,915,1134,925,1181,951,1220,987,1248,1039,1266,1102,1272,1170,1268,1232,1255,1279,1229,1313,1187,1336,1137,1354,1082,1372,1027,979,852,999,826,1032,817,1067,821,1096,842,1165,857,1207,848,1252,858,1289,881,1308,919,1118,902,1107,923,1095,943,1081,966,1041,1014,1057,1021,1075,1029,1100,1031,1124,1033,1006,907,1026,895,1048,898,1067,915,1045,913,1023,910,1179,934,1206,924,1230,933,1250,954,1224,949,1200,942,994,1102,1017,1070,1044,1057,1060,1066,1079,1066,1110,1094,1143,1137,1101,1144,1066,1142,1046,1138,1027,1131,1006,1120,1007,1099,1040,1087,1057,1092,1075,1097,1128,1130,1072,1112,1053,1108,1035,1103
2388,h,1,1,881,782,1327,1228,79.6,944,920,930,969,920,1022,915,1077,914,1130,926,1176,954,1215,990,1245,1040,1261,1100,1267,1167,1264,1229,1250,1275,1223,1308,1181,1330,1129,1348,1075,1364,1019,965,853,987,822,1024,810,1063,813,1096,835,1162,852,1205,843,1253,855,1291,882,1309,922,1115,900,1105,922,1094,943,1082,966,1040,1013,1056,1022,1074,1029,1099,1032,1123,1034,994,902,1017,893,1043,897,1064,913,1039,912,1013,909,1176,935,1206,927,1232,936,1254,956,1225,952,1199,944,994,1099,1018,1069,1043,1056,1060,1066,1078,1066,1109,1095,1142,1138,1098,1142,1064,1137,1044,1132,1024,1126,1007,1116,1008,1095,1039,1086,1056,1092,1074,1097,1125,1130,1070,1107,1052,1103,1033,1097
2422,h,1,1,881,831,1327,1277,80.73333333333333,934,932,921,984,914,1040,910,1096,912,1151,924,1199,950,1242,987,1273,1040,1289,1103,1292,1169,1285,1226,1265,1271,1233,1302,1188,1325,1135,1343,1079,1361,1020,950,858,972,826,1008,814,1048,819,1082,838,1158,853,1204,848,1250,856,1289,883,1306,925,1108,902,1097,925,1085,947,1072,972,1029,1018,1048,1026,1067,1033,1093,1035,1117,1036,982,908,1005,897,1032,900,1054,916,1027,915,1001,913,1169,936,1199,928,1226,936,1249,956,1220,952,1193,945,987,1115,1008,1079,1037,1064,1055,1071,1077,1073,1112,1100,1148,1145,1106,1166,1068,1168,1045,1166,1023,1159,1000,1145,1000,1113,1034,1092,1052,1096,1073,1100,1131,1139,1072,1141,1051,1137,1031,1132
2423,h,1,1,881,831,1327,1277,80.76666666666667,934,943,922,995,914,1049,911,1105,915,1158,928,1206,954,1247,991,1277,1042,1293,1102,1295,1168,1289,1227,1272,1272,1240,1306,1194,1329,1142,1347,1085,1365,1026,946,866,967,835,1004,824,1043,828,1077,848,1154,861,1200,853,1247,863,1287,888,1307,931,1104,905,1093,927,1080,948,1067,972,1027,1020,1045,1028,1064,1035,1090,1037,1116,1038,975,912,999,902,1025,904,1049,920,1021,919,995,918,1169,939,1199,931,1227,940,1250,960,1220,956,1193,948,985,1115,1008,1079,1036,1064,1054,1072,1076,1073,1112,1101,1151,1147,1105,1168,1066,1168,1043,1165,1022,1159,999,1145,998,1114,1033,1095,1052,1099,1072,1104,1134,1142,1070,1138,1049,1134,1030,1128
2424,h,1,1,881,831,1327,1277,80.8,934,943,922,995,914,1049,911,1105,915,1158,928,1206,954,1247,991,1277,1042,1293,1102,1295,1168,1289,1227,1272,1272,1240,1306,1194,1329,1142,1347,1085,1365,1026,946,866,967,835,1004,824,1043,828,1077,848,1154,861,1200,853,1247,863,1287,888,1307,931,1104,905,1093,927,1080,948,1067,972,1027,1020,1045,1028,1064,1035,1090,1037,1116,1038,975,912,999,902,1025,904,1049,920,1021,919,995,918,1169,939,1199,931,1227,940,1250,960,1220,956,1193,948,985,1115,1008,1079,1036,1064,1054,1072,1076,1073,1112,1101,1151,1147,1105,1168,1066,1168,1043,1165,1022,1159,999,1145,998,1114,1033,1095,1052,1099,1072,1104,1134,1142,1070,1138,1049,1134,1030,1128
2432,h,1,1,881,831,1327,1277,81.06666666666666,941,930,928,981,919,1035,913,1089,912,1144,923,1190,948,1229,985,1256,1036,1274,1097,1280,1163,1277,1222,1263,1269,1234,1304,1190,1329,1138,1347,1080,1366,1023,947,862,970,831,1008,823,1048,831,1080,853,1154,867,1198,858,1244,866,1284,887,1305,925,1107,908,1095,929,1083,949,1071,971,1029,1021,1047,1028,1065,1034,1091,1037,1115,1039,978,912,1001,903,1028,906,1052,922,1024,922,998,920,1168,941,1199,933,1226,942,1249,962,1220,959,1193,951,986,1114,1009,1079,1036,1065,1054,1072,1075,1073,1109,1101,1145,1145,1102,1158,1065,1156,1043,1153,1022,1147,1000,1136,1000,1112,1032,1094,1051,1098,1071,1103,1129,1139,1070,1127,1049,1123,1030,1119
2433,h,1,1,881,831,1327,1277,81.1,927,928,916,981,910,1037,905,1093,906,1148,917,1196,944,1237,982,1265,1035,1283,1097,1287,1162,1281,1222,1264,1270,1234,1304,1188,1328,1135,1346,1077,1365,1017,942,864,967,833,1005,826,1046,833,1081,854,1154,866,1200,859,1246,867,1285,888,1306,926,1106,908,1096,929,1084,950,1072,972,1029,1021,1047,1029,1067,1036,1092,1038,1117,1039,977,912,1001,904,1028,906,1052,921,1025,921,997,920,1168,939,1199,933,1226,942,1250,960,1221,957,1193,949,985,1117,1008,1081,1037,1066,1056,1074,1078,1075,1110,1101,1144,1146,1103,1163,1067,1164,1044,1161,1022,1155,999,1144,999,1115,1033,1095,1053,1099,1074,1103,1128,1140,1072,1135,1050,1132,1030,1128
2434,h,1,1,881,831,1327,1277,81.13333333333334,924,942,913,995,906,1049,904,1103,907,1154,920,1198,947,1235,985,1261,1037,1277,1096,1282,1159,1278,1217,1263,1263,1235,1297,1192,1321,1139,1338,1083,1356,1024,944,865,966,835,1001,821,1040,822,1074,839,1152,853,1195,847,1240,858,1277,883,1296,922,1102,905,1092,927,1081,949,1070,974,1028,1023,1046,1030,1065,1037,1091,1038,1115,1039,973,914,997,904,1023,906,1046,921,1019,920,993,919,1164,939,1192,931,1220,939,1242,959,1213,954,1187,947,984,1114,1008,1081,1035,1067,1054,1075,1075,1075,1107,1099,1143,1143,1101,1156,1066,1154,1044,1152,1022,1146,1000,1136,998,1112,1032,1095,1052,1099,1072,1103,1126,1137,1070,1128,1050,1124,1029,1120
2435,h,1,1,881,831,1327,1277,81.16666666666667,924,942,913,995,906,1049,904,1103,907,1154,920,1198,947,1235,985,1261,1037,1277,1096,1282,1159,1278,1217,1263,1263,1235,1297,1192,1321,1139,1338,1083,1356,1024,944,865,966,835,1001,821,1040,822,1074,839,1152,853,1195,847,1240,858,1277,883,1296,922,1102,905,1092,927,1081,949,1070,974,1028,1023,1046,1030,1065,1037,1091,1038,1115,1039,973,914,997,904,1023,906,1046,921,1019,920,993,919,1164,939,1192,931,1220,939,1242,959,1213,954,1187,947,984,1114,1008,1081,1035,1067,1054,1075,1075,1075,1107,1099,1143,1143,1101,1156,1066,1154,1044,1152,1022,1146,1000,1136,998,1112,1032,1095,1052,1099,1072,1103,1126,1137,1070,1128,1050,1124,1029,1120
2436,h,1,1,881,831,1327,1277,81.2,933,935,921,985,913,1039,909,1091,910,1142,922,1187,949,1225,987,1253,1038,1270,1098,1274,1164,1269,1224,1254,1270,1225,1303,1182,1325,1130,1342,1075,1359,1018,942,870,964,837,1002,824,1042,828,1078,847,1150,861,1195,855,1241,863,1280,888,1300,928,1101,907,1091,930,1080,952,1068,976,1026,1022,1044,1029,1064,1036,1090,1037,1116,1038,974,913,997,903,1023,905,1047,922,1019,921,993,919,1163,939,1192,931,1219,938,1242,958,1213,955,1186,948,984,1109,1009,1079,1035,1065,1053,1073,1073,1072,1107,1098,1145,1138,1101,1151,1065,1150,1043,1147,1022,1141,1001,1130,997,1107,1031,1093,1050,1097,1070,1101,1129,1133,1069,1121,1049,1117,1029,1113
2438,h,1,1,881,831,1327,1277,81.26666666666667,936,926,924,980,915,1036,910,1093,912,1149,926,1197,952,1238,987,1269,1039,1288,1102,1292,1169,1285,1229,1267,1277,1235,1312,1189,1333,1134,1351,1076,1369,1015,946,865,967,834,1005,824,1045,831,1078,854,1147,867,1193,858,1242,866,1283,890,1305,932,1101,912,1089,934,1076,956,1063,980,1024,1026,1043,1034,1062,1041,1087,1043,1113,1044,979,916,1002,905,1029,908,1054,925,1026,924,999,922,1163,944,1194,936,1222,945,1245,965,1215,962,1187,954,983,1114,1006,1081,1035,1068,1053,1076,1074,1076,1112,1102,1152,1145,1106,1162,1066,1162,1043,1159,1022,1153,998,1140,997,1113,1032,1098,1051,1102,1072,1107,1136,1139,1070,1133,1049,1129,1029,1124
2439,h,1,1,881,831,1327,1277,81.3,936,926,924,980,915,1036,910,1093,912,1149,926,1197,952,1238,987,1269,1039,1288,1102,1292,1169,1285,1229,1267,1277,1235,1312,1189,1333,1134,1351,1076,1369,1015,946,865,967,834,1005,824,1045,831,1078,854,1147,867,1193,858,1242,866,1283,890,1305,932,1101,912,1089,934,1076,956,1063,980,1024,1026,1043,1034,1062,1041,1087,1043,1113,1044,979,916,1002,905,1029,908,1054,925,1026,924,999,922,1163,944,1194,936,1222,945,1245,965,1215,962,1187,954,983,1114,1006,1081,1035,1068,1053,1076,1074,1076,1112,1102,1152,1145,1106,1162,1066,1162,1043,1159,1022,1153,998,1140,997,1113,1032,1098,1051,1102,1072,1107,1136,1139,1070,1133,1049,1129,1029,1124
2440,h,1,1,881,831,1327,1277,81.33333333333333,936,935,923,986,915,1041,910,1095,911,1149,923,1197,947,1239,983,1269,1034,1287,1096,1292,1162,1285,1220,1268,1267,1238,1302,1194,1327,1140,1346,1083,1366,1024,952,864,974,835,1009,828,1045,832,1076,851,1154,861,1198,856,1242,864,1281,886,1301,924,1104,910,1093,932,1081,953,1069,976,1028,1024,1046,1031,1065,1038,1090,1040,1115,1041,980,915,1003,903,1029,906,1052,923,1025,923,1000,921,1166,940,1194,930,1221,938,1243,959,1215,956,1188,949,988,1120,1008,1082,1036,1067,1054,1074,1076,1074,1110,1101,1145,1146,1104,1168,1068,1172,1044,1171,1023,1165,1001,1152,1001,1118,1033,1097,1052,1100,1072,1104,1129,1141,1071,1142,1050,1139,1031,1135
2441,h,1,1,881,831,1327,1277,81.36666666666666,926,937,915,989,907,1045,904,1101,907,1155,921,1203,947,1244,985,1273,1039,1291,1101,1294,1167,1286,1227,1268,1273,1237,1306,1192,1329,1138,1348,1081,1368,1021,944,861,967,833,1002,823,1040,827,1074,845,1154,857,1200,854,1246,862,1284,886,1304,925,1103,906,1092,929,1080,951,1068,975,1027,1022,1046,1030,1065,1037,1090,1039,1115,1040,976,914,999,904,1025,906,1049,921,1021,920,995,919,1167,940,1197,933,1225,942,1248,960,1218,957,1191,949,986,1119,1008,1082,1037,1067,1055,1075,1077,1076,1111,1102,1147,1148,1104,1170,1067,1173,1044,1170,1023,1164,999,1150,1000,1117,1034,1096,1053,1100,1074,1104,1130,1143,1072,1143,1050,1140,1030,1135
2442,h,1,1,881,831,1327,1277,81.4,936,934,924,986,917,1041,913,1097,915,1150,928,1197,953,1238,988,1269,1039,1288,1100,1292,1166,1285,1224,1266,1270,1234,1304,1187,1328,1132,1346,1074,1365,1013,945,865,967,833,1005,823,1045,830,1080,853,1145,864,1190,855,1238,863,1279,887,1302,928,1101,907,1091,931,1079,954,1066,979,1026,1023,1044,1032,1064,1039,1090,1040,1116,1041,977,912,1000,902,1027,905,1050,922,1023,922,996,920,1164,940,1193,932,1220,940,1243,960,1214,957,1187,950,987,1114,1010,1082,1037,1067,1055,1076,1076,1076,1111,1103,1149,1145,1104,1163,1067,1164,1045,1161,1024,1155,1001,1142,1000,1113,1034,1098,1052,1101,1072,1106,1133,1140,1071,1134,1050,1130,1031,1125
2443,h,1,1,881,831,1327,1277,81.43333333333334,936,934,924,986,917,1041,913,1097,915,1150,928,1197,953,1238,988,1269,1039,1288,1100,1292,1166,1285,1224,1266,1270,1234,1304,1187,1328,1132,1346,1074,1365,1013,945,865,967,833,1005,823,1045,830,1080,853,1145,864,1190,855,1238,863,1279,887,1302,928,1101,907,1091,931,1079,954,1066,979,1026,1023,1044,1032,1064,1039,1090,1040,1116,1041,977,912,1000,902,1027,905,1050,922,1023,922,996,920,1164,940,1193,932,1220,940,1243,960,1214,957,1187,950,987,1114,1010,1082,1037,1067,1055,1076,1076,1076,1111,1103,1149,1145,1104,1163,1067,1164,1045,1161,1024,1155,1001,1142,1000,1113,1034,1098,1052,1101,1072,1106,1133,1140,1071,1134,1050,1130,1031,1125
2447,h,1,1,881,831,1327,1277,81.56666666666666,924,940,914,992,908,1047,906,1103,910,1157,926,1204,956,1240,994,1268,1046,1284,1107,1286,1171,1278,1229,1260,1274,1228,1305,1183,1325,1131,1342,1076,1358,1018,936,875,958,840,996,826,1038,830,1074,850,1147,865,1192,858,1240,866,1280,889,1301,932,1101,907,1091,930,1080,952,1068,976,1027,1024,1045,1032,1064,1038,1090,1040,1114,1040,972,914,996,905,1022,908,1047,922,1018,921,993,919,1164,941,1193,934,1220,942,1244,960,1214,956,1187,949,984,1110,1010,1080,1037,1067,1056,1075,1077,1076,1113,1100,1152,1141,1108,1153,1070,1151,1048,1147,1026,1141,1003,1131,999,1108,1034,1094,1054,1098,1075,1102,1135,1136,1074,1126,1053,1122,1033,1117
2448,h,1,1,881,831,1327,1277,81.6,933,936,922,990,914,1045,910,1100,913,1153,929,1196,959,1231,996,1258,1048,1276,1109,1280,1173,1275,1232,1261,1276,1231,1308,1186,1328,1133,1346,1077,1364,1018,943,871,965,839,1002,832,1042,839,1077,859,1148,872,1194,863,1241,871,1283,892,1306,932,1102,910,1092,932,1080,952,1067,975,1027,1023,1045,1031,1063,1038,1090,1040,1116,1042,976,915,999,906,1026,909,1052,925,1023,925,996,922,1165,943,1195,935,1224,944,1249,963,1218,961,1190,953,989,1107,1013,1078,1039,1067,1056,1074,1076,1076,1113,1101,1154,1143,1108,1154,1069,1150,1049,1146,1029,1140,1006,1129,1002,1106,1037,1093,1054,1098,1073,1103,1137,1137,1072,1125,1053,1119,1035,1114
2449,h,1,1,899,816,1270,1188,81.63333333333334,940,946,926,993,917,1044,912,1094,912,1142,924,1183,950,1216,987,1237,1037,1250,1093,1256,1151,1252,1204,1236,1245,1209,1275,1169,1295,1122,1311,1074,1326,1024,957,863,980,837,1015,830,1051,836,1082,855,1143,866,1182,859,1223,866,1258,886,1275,922,1101,911,1092,934,1082,955,1071,979,1027,1026,1047,1032,1065,1038,1090,1041,1114,1043,981,913,1003,903,1028,906,1050,925,1025,923,999,921,1157,940,1184,928,1209,935,1230,954,1205,952,1180,946,987,1108,1012,1079,1039,1067,1054,1076,1073,1076,1104,1100,1139,1136,1098,1141,1065,1137,1045,1134,1027,1128,1005,1120,1000,1105,1036,1097,1052,1102,1071,1105,1124,1130,1069,1109,1050,1105,1033,1101
2450,h,1,1,899,816,1270,1188,81.66666666666667,940,946,926,993,917,1044,912,1094,912,1142,924,1183,950,1216,987,1237,1037,1250,1093,1256,1151,1252,1204,1236,1245,1209,1275,1169,1295,1122,1311,1074,1326,1024,957,863,980,837,1015,830,1051,836,1082,855,1143,866,1182,859,1223,866,1258,886,1275,922,1101,911,1092,934,1082,955,1071,979,1027,1026,1047,1032,1065,1038,1090,1041,1114,1043,981,913,1003,903,1028,906,1050,925,1025,923,999,921,1157,940,1184,928,1209,935,1230,954,1205,952,1180,946,987,1108,1012,1079,1039,1067,1054,1076,1073,1076,1104,1100,1139,1136,1098,1141,1065,1137,1045,1134,1027,1128,1005,1120,1000,1105,1036,1097,1052,1102,1071,1105,1124,1130,1069,1109,1050,1105,1033,1101
2456,h,1,1,881,831,1327,1277,81.86666666666666,934,940,922,992,913,1046,908,1099,910,1152,923,1198,949,1235,984,1263,1033,1279,1092,1285,1155,1280,1214,1266,1262,1238,1298,1195,1321,1143,1338,1087,1355,1029,946,872,970,842,1007,835,1046,843,1079,863,1140,876,1183,868,1229,875,1268,898,1291,936,1098,917,1088,939,1076,960,1064,983,1023,1031,1041,1039,1060,1045,1085,1047,1110,1048,973,918,998,907,1025,910,1048,930,1020,930,993,927,1158,949,1188,938,1217,946,1240,968,1211,966,1183,959,981,1113,1006,1084,1033,1072,1050,1080,1071,1080,1105,1105,1145,1146,1100,1159,1063,1157,1041,1154,1021,1148,999,1136,996,1112,1030,1099,1048,1103,1068,1107,1129,1140,1067,1132,1047,1127,1028,1122
2459,h,1,1,881,831,1327,1277,81.96666666666667,934,935,923,988,914,1043,909,1097,911,1150,925,1195,953,1230,989,1257,1038,1273,1096,1277,1158,1273,1216,1259,1264,1232,1297,1190,1319,1139,1337,1082,1355,1023,952,868,975,842,1009,836,1044,843,1074,862,1143,873,1186,865,1232,872,1270,895,1291,933,1099,914,1088,936,1077,958,1065,982,1025,1028,1042,1036,1061,1043,1086,1045,1111,1045,983,918,1004,907,1029,910,1050,928,1025,927,1001,924,1161,945,1188,936,1214,944,1236,964,1209,961,1183,954,985,1111,1009,1083,1033,1072,1051,1079,1070,1080,1104,1104,1142,1143,1098,1151,1063,1147,1042,1143,1023,1136,1003,1128,999,1109,1030,1099,1048,1104,1068,1108,1127,1136,1067,1120,1047,1115,1029,1111
2460,h,1,1,881,831,1327,1277,82.0,926,936,916,990,910,1045,906,1101,908,1154,923,1198,951,1234,987,1260,1036,1276,1094,1281,1158,1278,1216,1263,1264,1235,1297,1192,1322,1139,1341,1082,1359,1021,942,867,965,839,1002,832,1041,840,1073,862,1143,872,1187,864,1234,872,1274,894,1296,932,1098,913,1088,936,1077,958,1065,982,1023,1028,1041,1036,1061,1043,1086,1045,1111,1046,974,917,997,907,1023,910,1046,928,1019,926,993,923,1161,946,1189,936,1217,944,1240,964,1211,961,1184,954,984,1113,1008,1084,1034,1072,1051,1080,1070,1081,1104,1105,1143,1144,1098,1154,1062,1151,1041,1148,1021,1141,999,1132,997,1111,1030,1099,1049,1104,1068,1108,1126,1138,1066,1125,1046,1121,1027,1116
2461,h,1,1,881,831,1327,1277,82.03333333333333,926,936,916,990,910,1045,906,1101,908,1154,923,1198,951,1234,987,1260,1036,1276,1094,1281,1158,1278,1216,1263,1264,1235,1297,1192,1322,1139,1341,1082,1359,1021,942,867,965,839,1002,832,1041,840,1073,862,1143,872,1187,864,1234,872,1274,894,1296,932,1098,913,1088,936,1077,958,1065,982,1023,1028,1041,1036,1061,1043,1086,1045,1111,1046,974,917,997,907,1023,910,1046,928,1019,926,993,923,1161,946,1189,936,1217,944,1240,964,1211,961,1184,954,984,1113,1008,1084,1034,1072,1051,1080,1070,1081,1104,1105,1143,1144,1098,1154,1062,1151,1041,1148,1021,1141,999,1132,997,1111,1030,1099,1049,1104,1068,1108,1126,1138,1066,1125,1046,1121,1027,1116
2462,h,1,1,881,831,1327,1277,82.06666666666666,926,943,915,996,909,1049,906,1104,908,1156,921,1202,949,1239,986,1266,1038,1282,1099,1287,1164,1283,1223,1268,1269,1240,1303,1195,1326,1142,1344,1086,1362,1026,936,871,960,841,997,832,1037,838,1071,859,1140,871,1185,862,1233,869,1275,891,1299,930,1095,911,1084,935,1072,958,1060,983,1022,1030,1040,1037,1059,1043,1085,1045,1110,1046,968,919,991,909,1019,911,1045,928,1015,929,988,927,1159,945,1190,935,1219,943,1243,963,1213,961,1184,954,980,1119,1004,1087,1031,1073,1049,1080,1069,1080,1105,1105,1144,1148,1100,1163,1062,1163,1040,1159,1020,1154,997,1144,994,1118,1029,1102,1047,1105,1067,1109,1127,1143,1065,1134,1045,1131,1026,1126
2463,h,1,1,881,831,1327,1277,82.1,926,935,915,988,909,1043,905,1098,907,1151,920,1198,948,1236,985,1263,1038,1280,1100,1284,1166,1279,1226,1263,1273,1232,1306,1186,1329,1132,1346,1075,1364,1014,936,863,961,836,999,831,1038,838,1072,858,1142,871,1187,862,1235,868,1277,887,1303,924,1096,911,1084,935,1072,958,1059,983,1021,1028,1039,1035,1058,1043,1085,1044,1110,1044,966,918,990,909,1018,911,1043,926,1014,927,987,926,1162,944,1193,936,1222,944,1247,961,1216,961,1187,953,980,1118,1003,1086,1031,1072,1050,1080,1071,1080,1105,1105,1144,1148,1100,1164,1063,1164,1040,1161,1019,1156,995,1144,993,1116,1028,1102,1048,1106,1068,1110,1127,1142,1066,1134,1045,1130,1025,1125
2464,h,1,1,881,831,1327,1277,82.13333333333334,925,944,915,998,910,1053,906,1107,909,1160,924,1204,953,1240,990,1265,1041,1281,1099,1285,1162,1281,1219,1265,1264,1236,1297,1191,1319,1138,1337,1081,1354,1020,932,871,956,840,995,831,1036,838,1071,859,1139,870,1183,859,1231,866,1273,889,1295,929,1095,909,1085,932,1074,954,1063,979,1022,1027,1040,1035,1060,1041,1086,1043,1112,1044,965,918,989,908,1015,910,1041,926,1012,926,986,925,1158,942,1187,934,1215,941,1240,959,1210,958,1182,951,981,1119,1005,1087,1032,1072,1050,1080,1070,1080,1106,1106,1144,1148,1101,1162,1064,1160,1042,1156,1021,1151,998,1141,994,1118,1029,1102,1048,1106,1068,1110,1128,1143,1067,1131,1047,1126,1027,1122
2465,h,1,1,881,831,1327,1277,82.16666666666667,925,944,915,998,910,1053,906,1107,909,1160,924,1204,953,1240,990,1265,1041,1281,1099,1285,1162,1281,1219,1265,1264,1236,1297,1191,1319,1138,1337,1081,1354,1020,932,871,956,840,995,831,1036,838,1071,859,1139,870,1183,859,1231,866,1273,889,1295,929,1095,909,1085,932,1074,954,1063,979,1022,1027,1040,1035,1060,1041,1086,1043,1112,1044,965,918,989,908,1015,910,1041,926,1012,926,986,925,1158,942,1187,934,1215,941,1240,959,1210,958,1182,951,981,1119,1005,1087,1032,1072,1050,1080,1070,1080,1106,1106,1144,1148,1101,1162,1064,1160,1042,1156,1021,1151,998,1141,994,1118,1029,1102,1048,1106,1068,1110,1128,1143,1067,1131,1047,1126,1027,1122
2470,h,1,1,881,831,1327,1277,82.33333333333333,930,934,918,988,911,1043,907,1099,909,1152,922,1197,948,1233,983,1258,1032,1275,1092,1281,1158,1277,1219,1263,1269,1235,1305,1191,1329,1138,1348,1081,1367,1022,933,864,958,834,997,827,1038,836,1073,858,1140,872,1187,863,1236,870,1280,892,1305,930,1095,914,1084,937,1071,959,1058,983,1020,1028,1038,1037,1057,1044,1083,1045,1109,1046,966,916,991,908,1019,911,1045,927,1015,926,987,924,1159,946,1192,939,1221,949,1248,967,1215,965,1186,956,978,1111,1004,1083,1031,1070,1048,1078,1069,1079,1105,1104,1145,1145,1098,1158,1059,1157,1037,1153,1017,1147,995,1136,992,1110,1028,1098,1046,1102,1066,1107,1128,1139,1063,1128,1043,1124,1024,1119
2471,h,1,1,881,831,1327,1277,82.36666666666666,926,943,917,995,910,1048,906,1103,909,1156,925,1202,955,1240,993,1267,1044,1283,1103,1287,1168,1280,1226,1264,1270,1233,1302,1187,1323,1134,1341,1077,1357,1018,929,874,953,842,991,833,1031,840,1066,860,1136,870,1181,861,1229,868,1271,891,1294,931,1093,912,1083,935,1072,957,1061,982,1021,1030,1040,1037,1060,1043,1085,1045,1110,1045,964,919,988,907,1015,910,1040,929,1012,929,984,927,1156,947,1187,934,1216,941,1241,961,1211,961,1182,955,979,1114,1005,1085,1031,1072,1050,1079,1071,1080,1108,1104,1149,1145,1104,1161,1065,1160,1043,1157,1021,1151,997,1139,994,1113,1029,1099,1049,1104,1069,1107,1133,1139,1068,1133,1047,1128,1026,1124
2487,h,1,1,881,831,1327,1277,82.9,930,939,918,992,911,1047,907,1102,908,1155,921,1200,947,1237,983,1261,1034,1277,1094,1281,1157,1276,1214,1261,1260,1232,1292,1190,1314,1137,1332,1081,1349,1023,945,872,966,844,1001,835,1039,840,1070,860,1139,870,1181,861,1227,868,1266,889,1287,928,1094,916,1084,938,1073,960,1062,983,1022,1033,1040,1040,1060,1046,1085,1047,1109,1047,972,923,994,911,1021,913,1044,932,1017,933,991,931,1154,948,1183,935,1211,942,1235,963,1206,963,1178,957,982,1118,1006,1087,1032,1074,1050,1082,1069,1082,1102,1105,1141,1144,1096,1153,1061,1151,1040,1148,1021,1143,999,1135,996,1115,1030,1102,1048,1106,1066,1110,1125,1138,1064,1122,1046,1119,1027,1115
2488,h,1,1,881,831,1327,1277,82.93333333333334,930,939,918,992,911,1047,907,1102,908,1155,921,1200,947,1237,983,1261,1034,1277,1094,1281,1157,1276,1214,1261,1260,1232,1292,1190,1314,1137,1332,1081,1349,1023,945,872,966,844,1001,835,1039,840,1070,860,1139,870,1181,861,1227,868,1266,889,1287,928,1094,916,1084,938,1073,960,1062,983,1022,1033,1040,1040,1060,1046,1085,1047,1109,1047,972,923,994,911,1021,913,1044,932,1017,933,991,931,1154,948,1183,935,1211,942,1235,963,1206,963,1178,957,982,1118,1006,1087,1032,1074,1050,1082,1069,1082,1102,1105,1141,1144,1096,1153,1061,1151,1040,1148,1021,1143,999,1135,996,1115,1030,1102,1048,1106,1066,1110,1125,1138,1064,1122,1046,1119,1027,1115
2489,h,1,1,881,831,1327,1277,82.96666666666667,930,954,918,1006,911,1060,908,1114,911,1166,923,1210,949,1247,985,1274,1033,1289,1091,1292,1153,1286,1210,1273,1259,1246,1294,1203,1318,1151,1335,1093,1351,1034,955,882,975,853,1008,844,1043,848,1073,866,1136,875,1178,867,1224,875,1263,898,1284,937,1095,919,1085,942,1074,963,1063,987,1022,1036,1040,1043,1059,1049,1084,1051,1109,1052,982,929,1002,915,1026,917,1047,936,1023,936,999,934,1157,951,1183,938,1210,945,1232,967,1205,965,1178,958,980,1123,1004,1092,1029,1078,1048,1085,1067,1085,1100,1109,1139,1149,1094,1159,1059,1158,1039,1156,1018,1150,997,1141,994,1120,1027,1107,1045,1111,1064,1115,1122,1144,1063,1130,1043,1127,1024,1123
2490,h,1,1,881,831,1327,1277,83.0,930,947,918,1000,911,1055,908,1110,908,1163,920,1209,945,1248,983,1276,1033,1292,1094,1296,1157,1290,1215,1273,1263,1243,1296,1197,1318,1141,1335,1082,1351,1021,952,874,974,849,1007,842,1042,848,1072,867,1138,876,1178,867,1222,873,1260,893,1281,928,1094,920,1085,943,1074,965,1063,989,1023,1039,1040,1046,1060,1052,1085,1053,1108,1053,979,927,1000,916,1024,917,1045,935,1021,933,997,932,1154,949,1181,938,1207,945,1229,964,1202,962,1176,956,983,1129,1005,1096,1031,1082,1049,1089,1068,1089,1102,1113,1139,1155,1097,1167,1062,1167,1040,1164,1020,1158,999,1148,997,1126,1028,1111,1047,1115,1066,1119,1123,1149,1065,1139,1045,1135,1026,1131
2491,h,1,1,881,831,1327,1277,83.03333333333333,930,947,918,1000,911,1055,908,1110,908,1163,920,1209,945,1248,983,1276,1033,1292,1094,1296,1157,1290,1215,1273,1263,1243,1296,1197,1318,1141,1335,1082,1351,1021,952,874,974,849,1007,842,1042,848,1072,867,1138,876,1178,867,1222,873,1260,893,1281,928,1094,920,1085,943,1074,965,1063,989,1023,1039,1040,1046,1060,1052,1085,1053,1108,1053,979,927,1000,916,1024,917,1045,935,1021,933,997,932,1154,949,1181,938,1207,945,1229,964,1202,962,1176,956,983,1129,1005,1096,1031,1082,1049,1089,1068,1089,1102,1113,1139,1155,1097,1167,1062,1167,1040,1164,1020,1158,999,1148,997,1126,1028,1111,1047,1115,1066,1119,1123,1149,1065,1139,1045,1135,1026,1131
2492,h,1,1,881,831,1327,1277,83.06666666666666,925,950,915,1003,910,1058,907,1112,909,1166,923,1211,951,1248,988,1275,1037,1291,1096,1295,1158,1291,1215,1277,1261,1246,1295,1201,1317,1146,1335,1086,1351,1024,940,876,963,848,999,842,1036,848,1068,867,1134,876,1176,869,1221,876,1260,895,1284,931,1092,921,1083,944,1073,966,1063,991,1021,1039,1039,1046,1059,1052,1084,1055,1108,1055,968,925,991,914,1017,916,1039,934,1013,934,988,932,1153,949,1182,939,1210,946,1233,965,1205,963,1178,957,985,1128,1007,1095,1032,1082,1049,1090,1070,1090,1103,1115,1140,1158,1097,1170,1062,1169,1040,1165,1019,1158,999,1148,999,1126,1029,1111,1048,1116,1067,1120,1124,1151,1065,1140,1045,1136,1026,1131
2493,h,1,1,881,831,1327,1277,83.1,926,943,917,997,911,1052,907,1107,908,1160,920,1206,947,1243,983,1270,1033,1287,1094,1293,1158,1289,1215,1273,1261,1242,1293,1196,1315,1141,1333,1081,1351,1019,943,875,964,846,1001,838,1039,844,1071,865,1137,873,1181,865,1227,872,1267,893,1289,931,1092,919,1083,941,1073,962,1062,986,1022,1036,1040,1042,1059,1048,1085,1050,1110,1051,974,926,997,915,1022,916,1044,934,1019,933,994,932,1155,949,1184,938,1211,945,1234,964,1206,963,1179,956,983,1124,1006,1093,1032,1080,1050,1087,1070,1087,1103,1112,1140,1154,1097,1166,1062,1165,1040,1161,1019,1155,998,1145,997,1122,1029,1108,1048,1112,1067,1116,1124,1147,1065,1135,1045,1131,1025,1126
2494,h,1,1,881,831,1327,1277,83.13333333333334,930,940,918,992,912,1047,908,1102,909,1156,921,1203,947,1241,984,1268,1034,1284,1093,1288,1157,1284,1214,1270,1260,1240,1293,1197,1316,1143,1335,1085,1352,1025,947,869,969,843,1003,837,1038,843,1068,862,1145,871,1186,867,1230,873,1267,892,1289,928,1094,917,1084,940,1072,962,1061,987,1021,1034,1039,1040,1058,1046,1084,1048,1109,1049,977,922,999,911,1024,913,1045,931,1020,930,995,928,1157,946,1184,936,1211,943,1235,963,1206,961,1179,954,984,1120,1007,1089,1032,1075,1050,1083,1069,1083,1101,1109,1139,1149,1096,1158,1061,1156,1040,1153,1020,1147,1000,1138,998,1118,1029,1105,1047,1110,1066,1113,1124,1143,1064,1127,1045,1123,1026,1119
2495,h,1,1,881,831,1327,1277,83.16666666666667,930,940,918,992,912,1047,908,1102,909,1156,921,1203,947,1241,984,1268,1034,1284,1093,1288,1157,1284,1214,1270,1260,1240,1293,1197,1316,1143,1335,1085,1352,1025,947,869,969,843,1003,837,1038,843,1068,862,1145,871,1186,867,1230,873,1267,892,1289,928,1094,917,1084,940,1072,962,1061,987,1021,1034,1039,1040,1058,1046,1084,1048,1109,1049,977,922,999,911,1024,913,1045,931,1020,930,995,928,1157,946,1184,936,1211,943,1235,963,1206,961,1179,954,984,1120,1007,1089,1032,1075,1050,1083,1069,1083,1101,1109,1139,1149,1096,1158,1061,1156,1040,1153,1020,1147,1000,1138,998,1118,1029,1105,1047,1110,1066,1113,1124,1143,1064,1127,1045,1123,1026,1119
2497,h,1,1,881,831,1327,1277,83.23333333333333,927,937,916,990,909,1044,904,1100,906,1154,920,1200,947,1238,986,1265,1037,1281,1098,1285,1162,1279,1222,1263,1268,1233,1302,1190,1324,1137,1342,1081,1360,1022,933,874,955,841,994,832,1035,838,1071,858,1145,868,1192,861,1240,867,1281,888,1302,929,1097,909,1086,931,1075,952,1062,976,1023,1026,1041,1033,1060,1038,1085,1040,1109,1041,968,917,992,908,1019,910,1044,925,1016,924,989,923,1160,940,1191,932,1220,940,1244,958,1214,956,1186,949,980,1114,1005,1083,1033,1069,1051,1076,1071,1076,1106,1102,1146,1141,1101,1158,1064,1157,1042,1154,1021,1149,998,1139,994,1113,1030,1097,1049,1100,1069,1104,1129,1136,1067,1131,1046,1128,1027,1124
2498,h,1,1,881,831,1327,1277,83.26666666666667,923,940,915,994,910,1049,907,1104,911,1156,927,1202,955,1240,993,1266,1045,1281,1104,1284,1168,1277,1226,1257,1269,1224,1299,1177,1318,1124,1333,1070,1349,1011,932,875,956,843,994,833,1035,838,1070,859,1145,869,1189,860,1235,866,1275,887,1296,929,1097,909,1087,932,1077,956,1066,981,1025,1029,1044,1035,1064,1041,1088,1043,1112,1044,968,918,992,908,1019,910,1044,925,1016,925,988,924,1158,941,1187,932,1216,939,1239,957,1210,956,1183,949,982,1113,1007,1083,1035,1070,1054,1078,1075,1078,1111,1102,1151,1141,1107,1157,1069,1157,1046,1154,1024,1148,1000,1137,995,1112,1033,1097,1052,1102,1073,1105,1135,1137,1072,1132,1051,1128,1030,1124
2499,h,1,1,881,831,1327,1277,83.3,923,940,915,994,910,1049,907,1104,911,1156,927,1202,955,1240,993,1266,1045,1281,1104,1284,1168,1277,1226,1257,1269,1224,1299,1177,1318,1124,1333,1070,1349,1011,932,875,956,843,994,833,1035,838,1070,859,1145,869,1189,860,1235,866,1275,887,1296,929,1097,909,1087,932,1077,956,1066,981,1025,1029,1044,1035,1064,1041,1088,1043,1112,1044,968,918,992,908,1019,910,1044,925,1016,925,988,924,1158,941,1187,932,1216,939,1239,957,1210,956,1183,949,982,1113,1007,1083,1035,1070,1054,1078,1075,1078,1111,1102,1151,1141,1107,1157,1069,1157,1046,1154,1024,1148,1000,1137,995,1112,1033,1097,1052,1102,1073,1105,1135,1137,1072,1132,1051,1128,1030,1124
2500,h,1,1,881,831,1327,1277,83.33333333333333,930,938,919,991,912,1045,908,1100,911,1153,928,1197,958,1232,998,1258,1049,1273,1109,1277,1174,1271,1233,1255,1277,1225,1307,1179,1326,1125,1342,1069,1358,1010,937,873,960,842,998,834,1038,839,1072,859,1138,870,1184,861,1232,869,1275,891,1298,932,1096,910,1087,932,1076,955,1065,980,1026,1028,1044,1035,1063,1041,1088,1042,1112,1043,969,918,993,908,1020,910,1045,927,1016,926,990,925,1159,942,1190,933,1218,940,1243,959,1213,957,1185,949,984,1111,1009,1082,1034,1068,1053,1075,1073,1075,1109,1100,1151,1140,1106,1151,1070,1147,1048,1143,1027,1138,1003,1129,998,1109,1032,1097,1051,1100,1071,1104,1134,1135,1072,1119,1052,1114,1032,1109
2501,h,1,1,881,831,1327,1277,83.36666666666666,933,938,922,991,914,1045,910,1099,913,1152,927,1197,955,1234,993,1260,1043,1276,1102,1281,1165,1276,1221,1261,1266,1232,1299,1189,1321,1136,1337,1079,1354,1020,947,871,971,844,1007,837,1045,844,1076,864,1139,873,1180,862,1227,867,1267,889,1290,927,1097,914,1087,936,1077,957,1065,981,1027,1030,1044,1036,1063,1042,1088,1045,1112,1045,978,921,1000,910,1026,912,1049,930,1023,929,998,927,1160,944,1188,933,1215,939,1238,958,1210,957,1184,951,987,1114,1009,1084,1034,1071,1052,1078,1072,1078,1107,1102,1148,1142,1103,1154,1067,1152,1046,1149,1026,1143,1004,1134,1000,1112,1033,1097,1051,1101,1070,1105,1131,1136,1070,1125,1050,1120,1031,1116
2502,h,1,1,881,831,1327,1277,83.4,936,942,923,994,916,1050,912,1105,914,1158,928,1203,954,1241,991,1269,1041,1285,1101,1287,1164,1280,1221,1263,1267,1233,1300,1188,1320,1134,1336,1076,1353,1016,954,873,974,845,1008,837,1045,842,1075,862,1144,871,1186,863,1230,870,1267,891,1287,928,1097,915,1088,937,1077,959,1066,982,1026,1031,1043,1038,1063,1044,1088,1045,1113,1045,983,925,1003,912,1026,914,1048,929,1024,929,1001,928,1160,944,1187,934,1213,941,1235,960,1207,958,1182,951,987,1120,1008,1088,1034,1075,1053,1082,1075,1082,1108,1106,1145,1146,1103,1159,1068,1160,1045,1157,1024,1151,1001,1140,1000,1118,1032,1104,1051,1108,1072,1111,1129,1141,1071,1130,1050,1127,1029,1122
2503,h,1,1,881,831,1327,1277,83.43333333333334,936,942,923,994,916,1050,912,1105,914,1158,928,1203,954,1241,991,1269,1041,1285,1101,1287,1164,1280,1221,1263,1267,1233,1300,1188,1320,1134,1336,1076,1353,1016,954,873,974,845,1008,837,1045,842,1075,862,1144,871,1186,863,1230,870,1267,891,1287,928,1097,915,1088,937,1077,959,1066,982,1026,1031,1043,1038,1063,1044,1088,1045,1113,1045,983,925,1003,912,1026,914,1048,929,1024,929,1001,928,1160,944,1187,934,1213,941,1235,960,1207,958,1182,951,987,1120,1008,1088,1034,1075,1053,1082,1075,1082,1108,1106,1145,1146,1103,1159,1068,1160,1045,1157,1024,1151,1001,1140,1000,1118,1032,1104,1051,1108,1072,1111,1129,1141,1071,1130,1050,1127,1029,1122
2504,h,1,1,881,831,1327,1277,83.46666666666667,930,943,920,995,913,1050,909,1105,910,1159,922,1205,948,1244,984,1272,1035,1289,1094,1293,1159,1288,1217,1273,1264,1243,1296,1197,1318,1143,1335,1085,1352,1024,951,880,972,849,1008,839,1046,845,1078,865,1139,874,1182,865,1227,871,1267,892,1288,930,1097,916,1088,939,1077,961,1066,986,1025,1035,1043,1042,1063,1048,1088,1049,1112,1050,982,926,1002,913,1026,914,1047,931,1023,931,1000,930,1160,946,1186,935,1213,942,1235,962,1208,959,1182,953,986,1123,1008,1090,1035,1077,1052,1084,1072,1084,1105,1108,1141,1149,1099,1161,1064,1161,1043,1159,1023,1153,1001,1143,999,1120,1032,1105,1050,1110,1069,1113,1125,1143,1067,1132,1048,1129,1029,1125
2505,h,1,1,881,831,1327,1277,83.5,933,946,921,998,914,1051,909,1105,910,1158,923,1204,949,1241,984,1270,1034,1287,1093,1291,1156,1285,1214,1269,1261,1239,1295,1196,1317,1143,1334,1085,1350,1026,959,876,979,850,1011,843,1046,850,1075,867,1142,875,1182,869,1225,874,1263,894,1284,930,1096,919,1086,942,1076,963,1064,987,1024,1034,1042,1041,1061,1048,1087,1049,1112,1049,986,928,1006,915,1028,917,1049,934,1026,932,1003,931,1159,948,1185,936,1211,943,1233,963,1206,960,1180,954,985,1122,1007,1090,1033,1076,1051,1083,1071,1083,1105,1107,1143,1148,1099,1159,1064,1159,1043,1156,1023,1151,1001,1141,999,1120,1031,1105,1050,1109,1069,1113,1126,1142,1067,1130,1047,1126,1028,1122
2506,h,1,1,881,831,1327,1277,83.53333333333333,933,946,921,998,914,1051,909,1105,910,1158,923,1204,949,1241,984,1270,1034,1287,1093,1291,1156,1285,1214,1269,1261,1239,1295,1196,1317,1143,1334,1085,1350,1026,959,876,979,850,1011,843,1046,850,1075,867,1142,875,1182,869,1225,874,1263,894,1284,930,1096,919,1086,942,1076,963,1064,987,1024,1034,1042,1041,1061,1048,1087,1049,1112,1049,986,928,1006,915,1028,917,1049,934,1026,932,1003,931,1159,948,1185,936,1211,943,1233,963,1206,960,1180,954,985,1122,1007,1090,1033,1076,1051,1083,1071,1083,1105,1107,1143,1148,1099,1159,1064,1159,1043,1156,1023,1151,1001,1141,999,1120,1031,1105,1050,1109,1069,1113,1126,1142,1067,1130,1047,1126,1028,1122
2507,h,1,1,881,831,1327,1277,83.56666666666666,919,947,908,999,902,1052,898,1108,901,1161,915,1206,943,1244,981,1272,1032,1289,1092,1292,1155,1286,1213,1270,1260,1240,1293,1197,1315,1143,1333,1087,1351,1028,934,874,956,840,995,830,1038,836,1073,856,1142,867,1187,860,1234,866,1275,887,1295,928,1097,913,1087,937,1077,959,1066,985,1022,1033,1041,1041,1061,1047,1088,1048,1113,1049,968,922,992,912,1018,914,1042,929,1015,930,989,928,1161,944,1190,936,1217,944,1239,963,1211,960,1184,954,984,1120,1008,1089,1033,1076,1051,1084,1072,1084,1106,1108,1144,1148,1100,1161,1064,1160,1041,1156,1021,1151,1000,1140,999,1118,1030,1104,1049,1108,1069,1112,1128,1143,1067,1132,1046,1127,1027,1123
2508,h,1,1,881,831,1327,1277,83.6,915,945,907,1000,902,1055,900,1112,904,1166,918,1213,948,1250,986,1274,1039,1289,1098,1291,1160,1285,1218,1270,1264,1239,1296,1193,1318,1139,1335,1082,1353,1021,928,876,950,842,990,830,1032,835,1069,856,1143,867,1190,861,1237,867,1278,888,1299,929,1097,914,1087,936,1077,958,1067,982,1021,1032,1041,1038,1062,1044,1089,1045,1114,1046,964,921,989,912,1016,913,1040,928,1012,929,985,927,1161,944,1192,936,1220,944,1242,962,1214,960,1186,953,982,1123,1005,1089,1032,1075,1051,1082,1073,1082,1107,1106,1145,1149,1102,1162,1066,1162,1042,1159,1021,1153,998,1143,997,1120,1029,1102,1049,1106,1070,1110,1128,1143,1069,1134,1048,1130,1027,1126
2509,h,1,1,881,831,1327,1277,83.63333333333334,924,940,916,993,911,1048,907,1103,909,1157,922,1203,951,1242,988,1270,1039,1286,1099,1290,1163,1284,1223,1267,1269,1237,1303,1190,1326,1137,1344,1080,1361,1020,931,874,954,842,994,832,1036,839,1073,860,1140,870,1187,862,1235,867,1278,887,1302,925,1096,912,1087,935,1076,958,1064,983,1024,1031,1043,1038,1063,1044,1089,1045,1114,1046,965,920,989,909,1017,911,1043,927,1014,929,986,927,1161,942,1192,933,1221,941,1245,959,1215,959,1186,952,984,1123,1006,1088,1034,1072,1052,1080,1073,1079,1109,1105,1146,1147,1104,1166,1067,1167,1044,1165,1023,1160,999,1150,997,1121,1032,1103,1051,1106,1071,1109,1130,1142,1070,1138,1049,1135,1029,1131
2510,h,1,1,881,831,1327,1277,83.66666666666667,924,940,916,993,911,1048,907,1103,909,1157,922,1203,951,1242,988,1270,1039,1286,1099,1290,1163,1284,1223,1267,1269,1237,1303,1190,1326,1137,1344,1080,1361,1020,931,874,954,842,994,832,1036,839,1073,860,1140,870,1187,862,1235,867,1278,887,1302,925,1096,912,1087,935,1076,958,1064,983,1024,1031,1043,1038,1063,1044,1089,1045,1114,1046,965,920,989,909,1017,911,1043,927,1014,929,986,927,1161,942,1192,933,1221,941,1245,959,1215,959,1186,952,984,1123,1006,1088,1034,1072,1052,1080,1073,1079,1109,1105,1146,1147,1104,1166,1067,1167,1044,1165,1023,1160,999,1150,997,1121,1032,1103,1051,1106,1071,1109,1130,1142,1070,1138,1049,1135,1029,1131
2511,h,1,1,881,831,1327,1277,83.7,931,932,920,981,912,1034,907,1087,908,1142,918,1191,944,1234,979,1267,1030,1286,1092,1290,1159,1282,1220,1263,1269,1231,1304,1185,1325,1131,1342,1073,1358,1013,944,869,966,842,1002,837,1040,845,1071,865,1134,874,1177,863,1224,866,1266,886,1290,922,1092,914,1081,938,1068,962,1055,988,1021,1031,1038,1039,1058,1045,1083,1046,1108,1045,971,919,994,908,1020,910,1044,929,1017,929,991,927,1158,943,1186,930,1214,936,1237,956,1209,956,1181,950,982,1120,1004,1089,1031,1074,1049,1081,1070,1079,1105,1103,1143,1144,1099,1163,1063,1168,1040,1166,1019,1162,997,1150,996,1119,1029,1104,1047,1107,1067,1110,1126,1139,1066,1137,1045,1134,1026,1131
2512,h,1,1,881,831,1327,1277,83.73333333333333,923,936,914,988,908,1043,904,1100,906,1155,919,1203,946,1245,983,1276,1035,1293,1097,1297,1163,1290,1222,1269,1268,1234,1301,1185,1323,1130,1339,1071,1355,1009,938,869,960,840,997,830,1035,836,1068,855,1141,866,1185,859,1230,866,1269,886,1291,923,1093,908,1084,932,1074,954,1063,979,1024,1030,1042,1037,1061,1043,1086,1044,1110,1044,968,916,991,906,1017,908,1041,924,1014,924,988,923,1157,939,1186,930,1213,936,1236,955,1208,953,1181,947,982,1120,1004,1088,1033,1073,1053,1081,1075,1081,1110,1106,1148,1146,1104,1166,1067,1169,1043,1166,1020,1160,996,1147,995,1119,1030,1102,1051,1106,1072,1110,1132,1142,1070,1139,1048,1136,1026,1131
2513,h,1,1,881,831,1327,1277,83.76666666666667,916,941,908,995,903,1050,901,1106,905,1159,921,1205,949,1243,987,1271,1039,1286,1099,1290,1163,1284,1221,1266,1266,1233,1298,1185,1320,1131,1339,1073,1356,1011,927,874,949,842,988,829,1030,833,1067,852,1140,863,1186,856,1233,862,1274,884,1297,924,1093,910,1084,934,1073,957,1062,982,1021,1030,1040,1037,1060,1043,1086,1044,1111,1045,962,920,987,910,1015,911,1040,927,1012,927,984,926,1158,942,1189,934,1218,941,1241,960,1212,957,1183,951,982,1117,1006,1087,1033,1073,1052,1081,1073,1080,1108,1105,1149,1145,1104,1159,1067,1157,1044,1154,1023,1149,1000,1139,996,1116,1031,1100,1050,1105,1071,1108,1132,1140,1070,1129,1049,1125,1029,1121
2514,h,1,1,881,831,1327,1277,83.8,916,941,908,995,903,1050,901,1106,905,1159,921,1205,949,1243,987,1271,1039,1286,1099,1290,1163,1284,1221,1266,1266,1233,1298,1185,1320,1131,1339,1073,1356,1011,927,874,949,842,988,829,1030,833,1067,852,1140,863,1186,856,1233,862,1274,884,1297,924,1093,910,1084,934,1073,957,1062,982,1021,1030,1040,1037,1060,1043,1086,1044,1111,1045,962,920,987,910,1015,911,1040,927,1012,927,984,926,1158,942,1189,934,1218,941,1241,960,1212,957,1183,951,982,1117,1006,1087,1033,1073,1052,1081,1073,1080,1108,1105,1149,1145,1104,1159,1067,1157,1044,1154,1023,1149,1000,1139,996,1116,1031,1100,1050,1105,1071,1108,1132,1140,1070,1129,1049,1125,1029,1121
2515,h,1,1,881,831,1327,1277,83.83333333333333,923,939,914,994,910,1049,905,1104,908,1158,922,1203,949,1241,987,1268,1038,1283,1098,1287,1162,1282,1220,1266,1265,1234,1299,1189,1321,1134,1338,1076,1355,1015,943,865,965,839,1000,832,1036,839,1066,859,1144,867,1186,859,1230,865,1267,883,1289,918,1094,913,1084,936,1074,957,1063,981,1023,1028,1041,1036,1061,1042,1086,1044,1111,1044,974,920,996,909,1021,911,1044,927,1018,928,993,926,1159,942,1186,932,1213,939,1236,957,1208,957,1181,950,982,1117,1007,1086,1034,1074,1051,1081,1071,1081,1104,1104,1142,1143,1100,1154,1064,1154,1042,1151,1022,1146,1000,1137,996,1114,1031,1102,1049,1106,1068,1109,1126,1137,1067,1126,1047,1122,1028,1119
2516,h,1,1,881,831,1327,1277,83.86666666666666,922,937,914,991,908,1046,905,1101,908,1156,921,1203,949,1243,988,1270,1038,1286,1097,1288,1161,1282,1218,1264,1264,1231,1298,1184,1321,1129,1338,1070,1355,1008,940,872,962,844,998,836,1037,842,1069,861,1137,870,1180,861,1226,866,1265,886,1288,925,1093,913,1083,936,1073,958,1062,982,1022,1030,1040,1038,1060,1043,1086,1045,1111,1045,969,921,992,911,1018,912,1042,927,1015,928,990,927,1155,941,1184,932,1210,939,1233,956,1205,955,1178,949,983,1118,1005,1088,1032,1074,1051,1081,1070,1081,1106,1104,1145,1145,1101,1161,1065,1161,1043,1159,1021,1153,999,1143,996,1117,1029,1101,1049,1105,1068,1108,1129,1140,1067,1133,1048,1130,1027,1125
2517,h,1,1,881,831,1327,1277,83.9,919,944,911,998,907,1054,904,1110,908,1164,922,1213,949,1253,987,1279,1040,1292,1101,1295,1166,1287,1225,1269,1270,1236,1302,1189,1324,1133,1341,1074,1358,1012,926,875,949,842,988,831,1029,836,1066,854,1139,863,1185,857,1232,862,1274,882,1297,920,1093,910,1084,933,1074,956,1063,980,1021,1030,1040,1037,1061,1043,1087,1044,1113,1044,962,920,987,910,1014,911,1039,927,1011,928,984,927,1158,941,1188,932,1216,939,1241,957,1211,956,1183,950,981,1127,1004,1091,1031,1075,1050,1083,1071,1082,1106,1108,1145,1151,1102,1169,1065,1171,1042,1169,1020,1163,997,1152,996,1125,1028,1105,1048,1109,1069,1112,1128,1146,1068,1141,1047,1138,1026,1134
2518,h,1,1,881,831,1327,1277,83.93333333333334,919,944,911,998,907,1054,904,1110,908,1164,922,1213,949,1253,987,1279,1040,1292,1101,1295,1166,1287,1225,1269,1270,1236,1302,1189,1324,1133,1341,1074,1358,1012,926,875,949,842,988,831,1029,836,1066,854,1139,863,1185,857,1232,862,1274,882,1297,920,1093,910,1084,933,1074,956,1063,980,1021,1030,1040,1037,1061,1043,1087,1044,1113,1044,962,920,987,910,1014,911,1039,927,1011,928,984,927,1158,941,1188,932,1216,939,1241,957,1211,956,1183,950,981,1127,1004,1091,1031,1075,1050,1083,1071,1082,1106,1108,1145,1151,1102,1169,1065,1171,1042,1169,1020,1163,997,1152,996,1125,1028,1105,1048,1109,1069,1112,1128,1146,1068,1141,1047,1138,1026,1134
2519,h,1,1,881,831,1327,1277,83.96666666666667,929,934,918,987,911,1043,907,1099,910,1154,923,1203,949,1244,986,1275,1038,1291,1099,1294,1165,1283,1221,1262,1267,1230,1299,1183,1320,1127,1337,1069,1354,1009,943,870,964,841,1001,835,1038,842,1068,862,1136,871,1176,861,1220,865,1259,882,1282,918,1090,912,1081,936,1071,959,1059,984,1023,1033,1041,1039,1059,1045,1084,1046,1108,1045,971,919,993,908,1018,910,1041,927,1015,927,990,926,1155,941,1182,930,1209,936,1231,955,1204,954,1178,948,984,1124,1005,1090,1032,1075,1050,1082,1071,1082,1106,1107,1143,1148,1101,1171,1064,1175,1042,1173,1021,1167,998,1154,998,1123,1030,1105,1049,1109,1069,1112,1126,1144,1067,1145,1047,1142,1027,1138
2520,h,1,1,881,831,1327,1277,84.0,926,940,915,991,909,1045,906,1100,908,1153,920,1201,947,1242,985,1273,1038,1291,1100,1294,1166,1286,1223,1266,1268,1234,1299,1187,1319,1132,1336,1073,1352,1012,936,869,958,839,994,832,1033,837,1066,857,1135,867,1179,858,1226,865,1266,886,1288,923,1089,912,1080,934,1070,955,1060,979,1019,1029,1037,1036,1057,1041,1084,1043,1109,1043,964,917,987,906,1014,908,1038,926,1011,926,984,925,1155,941,1184,929,1212,937,1236,957,1207,955,1179,949,981,1125,1002,1088,1030,1071,1048,1078,1069,1078,1103,1104,1140,1150,1099,1172,1062,1176,1040,1174,1019,1168,996,1155,995,1123,1027,1102,1046,1105,1066,1108,1123,1144,1065,1145,1045,1142,1025,1138
2521,h,1,1,881,831,1327,1277,84.03333333333333,926,940,915,991,909,1045,906,1100,908,1153,920,1201,947,1242,985,1273,1038,1291,1100,1294,1166,1286,1223,1266,1268,1234,1299,1187,1319,1132,1336,1073,1352,1012,936,869,958,839,994,832,1033,837,1066,857,1135,867,1179,858,1226,865,1266,886,1288,923,1089,912,1080,934,1070,955,1060,979,1019,1029,1037,1036,1057,1041,1084,1043,1109,1043,964,917,987,906,1014,908,1038,926,1011,926,984,925,1155,941,1184,929,1212,937,1236,957,1207,955,1179,949,981,1125,1002,1088,1030,1071,1048,1078,1069,1078,1103,1104,1140,1150,1099,1172,1062,1176,1040,1174,1019,1168,996,1155,995,1123,1027,1102,1046,1105,1066,1108,1123,1144,1065,1145,1045,1142,1025,1138
2522,h,1,1,881,831,1327,1277,84.06666666666666,922,942,913,995,908,1048,906,1102,909,1155,922,1201,950,1242,989,1271,1042,1288,1104,1289,1171,1281,1228,1261,1274,1228,1305,1181,1326,1126,1342,1069,1359,1008,933,869,957,843,994,838,1031,846,1065,863,1134,872,1177,862,1222,866,1263,882,1288,916,1089,912,1080,935,1069,957,1058,981,1020,1029,1038,1036,1058,1042,1084,1043,1108,1044,963,921,986,911,1013,912,1039,928,1010,929,983,928,1154,942,1184,932,1212,938,1237,956,1207,955,1179,949,982,1123,1003,1087,1030,1071,1048,1078,1069,1078,1106,1104,1145,1147,1102,1170,1063,1174,1041,1172,1020,1166,997,1152,997,1122,1028,1102,1047,1106,1067,1109,1128,1143,1066,1142,1046,1139,1026,1135
2523,h,1,1,881,831,1327,1277,84.1,926,935,915,989,908,1045,904,1099,907,1153,921,1201,950,1241,989,1269,1041,1285,1101,1288,1166,1281,1222,1264,1267,1234,1300,1189,1322,1136,1339,1080,1355,1021,944,862,969,837,1005,833,1042,842,1072,862,1134,872,1175,864,1219,869,1258,889,1282,922,1092,910,1082,932,1071,954,1059,977,1018,1024,1037,1033,1057,1040,1083,1041,1108,1041,969,917,992,910,1017,912,1040,925,1013,926,989,924,1155,942,1183,935,1210,944,1233,961,1204,958,1178,950,980,1116,1003,1082,1029,1068,1048,1075,1069,1075,1103,1100,1142,1143,1099,1161,1064,1163,1041,1161,1020,1155,997,1143,994,1114,1027,1096,1047,1100,1067,1104,1124,1138,1066,1133,1045,1130,1025,1125
2524,h,1,1,881,831,1327,1277,84.13333333333334,926,947,915,1000,908,1055,905,1109,910,1162,925,1208,955,1245,992,1272,1043,1289,1103,1291,1166,1283,1222,1264,1266,1230,1297,1184,1317,1130,1332,1072,1347,1014,952,876,970,846,1003,837,1039,841,1069,860,1134,869,1176,859,1222,866,1261,890,1281,929,1090,911,1081,933,1070,954,1059,978,1019,1024,1038,1032,1058,1039,1085,1040,1110,1040,981,927,1000,916,1021,916,1043,929,1020,929,999,929,1152,942,1178,936,1202,942,1225,960,1197,956,1173,949,981,1115,1003,1082,1029,1068,1048,1076,1069,1076,1105,1100,1143,1142,1101,1158,1064,1159,1042,1156,1019,1150,997,1138,995,1113,1027,1095,1047,1099,1067,1102,1127,1137,1066,1131,1045,1127,1024,1122
2525,h,1,1,881,831,1327,1277,84.16666666666667,926,947,915,1000,908,1055,905,1109,910,1162,925,1208,955,1245,992,1272,1043,1289,1103,1291,1166,1283,1222,1264,1266,1230,1297,1184,1317,1130,1332,1072,1347,1014,952,876,970,846,1003,837,1039,841,1069,860,1134,869,1176,859,1222,866,1261,890,1281,929,1090,911,1081,933,1070,954,1059,978,1019,1024,1038,1032,1058,1039,1085,1040,1110,1040,981,927,1000,916,1021,916,1043,929,1020,929,999,929,1152,942,1178,936,1202,942,1225,960,1197,956,1173,949,981,1115,1003,1082,1029,1068,1048,1076,1069,1076,1105,1100,1143,1142,1101,1158,1064,1159,1042,1156,1019,1150,997,1138,995,1113,1027,1095,1047,1099,1067,1102,1127,1137,1066,1131,1045,1127,1024,1122
2527,h,1,1,899,816,1270,1188,84.23333333333333,930,952,917,997,909,1046,906,1094,907,1142,919,1183,946,1215,984,1238,1032,1252,1090,1256,1150,1249,1204,1232,1247,1203,1277,1163,1298,1115,1313,1065,1326,1014,952,868,972,842,1003,832,1037,836,1067,853,1136,861,1173,853,1212,859,1246,877,1264,911,1092,910,1083,932,1074,952,1064,975,1023,1023,1041,1029,1060,1035,1084,1036,1108,1037,980,921,999,907,1022,908,1043,925,1020,925,997,924,1151,937,1177,925,1201,931,1221,950,1197,947,1173,942,982,1110,1005,1079,1033,1064,1050,1072,1068,1071,1100,1094,1133,1133,1094,1143,1061,1144,1041,1142,1021,1137,999,1126,995,1107,1030,1094,1048,1098,1066,1101,1119,1129,1064,1114,1045,1112,1027,1109
2528,h,1,1,899,816,1270,1188,84.26666666666667,923,949,914,997,908,1048,904,1097,906,1145,919,1186,947,1217,985,1240,1034,1253,1092,1256,1149,1249,1201,1231,1242,1202,1270,1160,1289,1112,1305,1061,1318,1010,935,867,957,837,992,826,1030,830,1063,848,1137,858,1175,849,1216,854,1251,874,1268,911,1092,909,1084,930,1076,951,1067,974,1024,1022,1043,1027,1062,1033,1086,1035,1109,1036,969,916,991,903,1017,905,1040,923,1014,923,988,922,1147,936,1174,923,1201,928,1222,947,1197,947,1171,942,981,1109,1006,1077,1034,1063,1052,1071,1071,1070,1103,1094,1136,1132,1098,1144,1064,1145,1043,1143,1023,1138,999,1127,994,1106,1032,1093,1050,1096,1069,1100,1120,1128,1067,1115,1048,1112,1029,1108
2529,h,1,1,899,816,1270,1188,84.3,923,949,914,997,908,1048,904,1097,906,1145,919,1186,947,1217,985,1240,1034,1253,1092,1256,1149,1249,1201,1231,1242,1202,1270,1160,1289,1112,1305,1061,1318,1010,935,867,957,837,992,826,1030,830,1063,848,1137,858,1175,849,1216,854,1251,874,1268,911,1092,909,1084,930,1076,951,1067,974,1024,1022,1043,1027,1062,1033,1086,1035,1109,1036,969,916,991,903,1017,905,1040,923,1014,923,988,922,1147,936,1174,923,1201,928,1222,947,1197,947,1171,942,981,1109,1006,1077,1034,1063,1052,1071,1071,1070,1103,1094,1136,1132,1098,1144,1064,1145,1043,1143,1023,1138,999,1127,994,1106,1032,1093,1050,1096,1069,1100,1120,1128,1067,1115,1048,1112,1029,1108
2534,h,1,1,899,816,1270,1188,84.46666666666667,924,942,914,990,909,1040,904,1090,905,1138,919,1178,948,1209,986,1230,1036,1243,1093,1246,1151,1238,1204,1222,1245,1195,1273,1154,1293,1107,1310,1057,1324,1006,933,867,955,835,991,826,1029,830,1063,848,1137,858,1176,849,1218,854,1254,873,1273,908,1090,906,1083,927,1074,948,1064,970,1022,1019,1041,1024,1061,1030,1085,1031,1109,1033,964,913,987,902,1013,904,1037,922,1011,922,984,920,1148,935,1177,922,1204,927,1226,946,1200,946,1173,941,980,1105,1004,1073,1033,1058,1050,1065,1069,1064,1102,1089,1135,1130,1096,1143,1062,1143,1041,1140,1021,1135,997,1125,994,1103,1030,1089,1048,1092,1067,1096,1119,1125,1065,1111,1046,1107,1028,1104
2537,h,1,1,899,816,1270,1188,84.56666666666666,924,945,914,991,907,1041,903,1090,904,1138,918,1178,948,1208,986,1230,1035,1245,1092,1248,1151,1241,1206,1225,1248,1198,1278,1157,1298,1109,1313,1058,1327,1005,935,865,956,835,992,826,1029,830,1062,849,1132,859,1171,849,1213,855,1249,874,1269,910,1086,907,1077,929,1069,950,1059,973,1018,1023,1037,1028,1056,1034,1080,1036,1105,1037,963,914,986,903,1012,905,1035,924,1009,923,982,921,1145,937,1173,924,1200,930,1222,948,1197,948,1170,943,979,1106,1003,1077,1030,1064,1047,1071,1066,1070,1098,1094,1134,1131,1092,1141,1058,1140,1038,1137,1018,1133,996,1123,992,1103,1027,1092,1045,1096,1064,1099,1119,1126,1061,1111,1043,1107,1024,1104
2538,h,1,1,881,831,1327,1277,84.6,921,941,910,994,904,1049,901,1102,905,1153,921,1196,952,1228,991,1253,1040,1268,1098,1271,1161,1265,1218,1250,1262,1221,1293,1176,1313,1123,1329,1067,1346,1009,927,875,950,844,988,834,1028,839,1063,857,1129,867,1173,858,1220,863,1261,884,1285,923,1086,908,1077,931,1067,952,1056,976,1016,1024,1034,1031,1054,1037,1079,1039,1104,1039,962,918,985,906,1012,908,1037,926,1009,927,982,925,1148,941,1177,928,1206,934,1230,953,1202,954,1173,948,977,1110,1001,1081,1026,1067,1045,1074,1064,1074,1099,1098,1141,1136,1095,1150,1059,1148,1039,1145,1018,1140,996,1130,991,1108,1024,1094,1043,1098,1062,1101,1124,1132,1062,1122,1043,1118,1023,1114
2539,h,1,1,881,831,1327,1277,84.63333333333334,919,947,910,999,904,1053,901,1106,905,1157,919,1201,949,1236,985,1259,1035,1274,1094,1278,1156,1274,1213,1259,1258,1230,1292,1186,1313,1132,1330,1075,1346,1015,923,879,944,846,982,837,1021,842,1057,860,1126,869,1170,860,1219,866,1260,887,1285,926,1080,910,1071,935,1061,958,1050,984,1010,1032,1029,1038,1050,1044,1076,1044,1103,1043,955,924,978,913,1006,913,1032,930,1003,931,975,930,1145,944,1176,933,1205,939,1230,958,1201,957,1172,952,974,1113,998,1086,1024,1072,1042,1079,1061,1078,1097,1101,1139,1139,1093,1153,1057,1152,1036,1149,1016,1145,993,1136,988,1112,1023,1098,1041,1102,1059,1105,1123,1134,1059,1126,1040,1123,1021,1118
2540,h,1,1,881,831,1327,1277,84.66666666666667,919,947,910,999,904,1053,901,1106,905,1157,919,1201,949,1236,985,1259,1035,1274,1094,1278,1156,1274,1213,1259,1258,1230,1292,1186,1313,1132,1330,1075,1346,1015,923,879,944,846,982,837,1021,842,1057,860,1126,869,1170,860,1219,866,1260,887,1285,926,1080,910,1071,935,1061,958,1050,984,1010,1032,1029,1038,1050,1044,1076,1044,1103,1043,955,924,978,913,1006,913,1032,930,1003,931,975,930,1145,944,1176,933,1205,939,1230,958,1201,957,1172,952,974,1113,998,1086,1024,1072,1042,1079,1061,1078,1097,1101,1139,1139,1093,1153,1057,1152,1036,1149,1016,1145,993,1136,988,1112,1023,1098,1041,1102,1059,1105,1123,1134,1059,1126,1040,1123,1021,1118
2541,h,1,1,881,831,1327,1277,84.7,921,946,910,1000,904,1054,902,1107,906,1159,922,1202,951,1235,989,1259,1036,1274,1093,1278,1154,1272,1210,1258,1256,1231,1288,1188,1310,1136,1327,1079,1344,1019,935,874,958,845,994,839,1031,846,1062,864,1126,871,1167,861,1213,867,1253,887,1278,924,1083,916,1073,938,1063,959,1051,983,1012,1032,1030,1038,1050,1045,1075,1045,1101,1045,962,924,984,911,1010,913,1034,932,1006,933,980,931,1146,946,1173,932,1202,938,1226,959,1197,959,1170,953,976,1118,998,1087,1024,1073,1043,1080,1061,1079,1096,1103,1137,1143,1092,1155,1056,1153,1036,1150,1015,1144,994,1136,990,1115,1022,1101,1041,1104,1059,1108,1121,1137,1058,1125,1040,1121,1020,1117
2542,h,1,1,881,831,1327,1277,84.73333333333333,921,942,909,995,903,1050,901,1104,905,1155,921,1199,948,1233,984,1258,1032,1272,1090,1274,1153,1269,1212,1255,1258,1228,1291,1185,1312,1131,1329,1073,1346,1013,933,874,955,845,990,839,1027,845,1058,863,1125,872,1167,863,1213,867,1254,887,1280,925,1080,919,1071,940,1060,961,1049,983,1011,1030,1029,1037,1048,1043,1074,1044,1100,1045,960,924,983,912,1010,915,1033,936,1005,937,978,934,1147,951,1175,936,1205,942,1228,963,1200,965,1171,960,975,1118,998,1087,1023,1073,1041,1080,1060,1080,1093,1104,1136,1144,1089,1153,1053,1150,1033,1147,1013,1142,993,1134,989,1115,1021,1102,1039,1106,1058,1109,1119,1137,1056,1122,1038,1118,1019,1114
2549,h,1,1,899,816,1270,1188,84.96666666666667,919,939,910,988,905,1038,902,1090,906,1138,921,1182,949,1217,985,1241,1031,1256,1085,1255,1141,1243,1192,1222,1233,1192,1261,1152,1280,1105,1298,1055,1314,1004,938,865,958,837,990,828,1024,835,1052,853,1130,862,1166,854,1205,859,1239,878,1256,914,1082,913,1073,933,1064,952,1055,973,1018,1023,1035,1027,1051,1031,1073,1033,1096,1034,967,919,988,904,1013,907,1034,929,1009,930,983,927,1139,944,1164,927,1191,933,1212,956,1188,957,1161,952,977,1117,998,1081,1025,1066,1042,1073,1060,1072,1092,1095,1122,1135,1088,1157,1055,1163,1035,1162,1016,1156,993,1143,990,1115,1023,1096,1040,1099,1058,1101,1107,1131,1058,1134,1039,1131,1021,1128
2550,h,1,1,899,816,1270,1188,85.0,915,943,908,991,903,1041,900,1092,904,1140,920,1182,947,1218,983,1243,1029,1257,1085,1257,1142,1245,1193,1221,1235,1190,1263,1148,1282,1099,1298,1049,1313,998,937,864,958,839,990,832,1023,838,1051,854,1126,862,1162,854,1201,858,1235,877,1253,910,1080,913,1072,933,1063,953,1054,975,1019,1025,1035,1028,1052,1032,1074,1034,1096,1035,967,917,988,903,1013,906,1033,927,1010,927,985,925,1137,939,1162,923,1188,928,1209,949,1185,950,1159,946,980,1115,1000,1081,1027,1066,1043,1073,1061,1072,1092,1096,1123,1136,1087,1155,1055,1158,1036,1156,1017,1151,995,1138,993,1114,1025,1096,1042,1099,1059,1102,1108,1132,1058,1129,1040,1126,1023,1122
2551,h,1,1,899,816,1270,1188,85.03333333333333,915,943,908,991,903,1041,900,1092,904,1140,920,1182,947,1218,983,1243,1029,1257,1085,1257,1142,1245,1193,1221,1235,1190,1263,1148,1282,1099,1298,1049,1313,998,937,864,958,839,990,832,1023,838,1051,854,1126,862,1162,854,1201,858,1235,877,1253,910,1080,913,1072,933,1063,953,1054,975,1019,1025,1035,1028,1052,1032,1074,1034,1096,1035,967,917,988,903,1013,906,1033,927,1010,927,985,925,1137,939,1162,923,1188,928,1209,949,1185,950,1159,946,980,1115,1000,1081,1027,1066,1043,1073,1061,1072,1092,1096,1123,1136,1087,1155,1055,1158,1036,1156,1017,1151,995,1138,993,1114,1025,1096,1042,1099,1059,1102,1108,1132,1058,1129,1040,1126,1023,1122
2607,h,1,1,831,831,1277,1277,86.9,902,957,893,1009,890,1063,890,1115,894,1167,910,1210,939,1245,977,1270,1029,1283,1090,1282,1154,1272,1212,1255,1258,1225,1290,1179,1309,1124,1324,1066,1338,1006,905,883,925,851,961,839,1001,843,1036,860,1108,865,1152,856,1198,859,1239,877,1263,912,1065,913,1056,936,1047,958,1037,982,998,1031,1017,1038,1037,1043,1062,1043,1087,1042,941,928,964,915,991,915,1015,931,989,932,963,933,1128,939,1157,927,1185,932,1209,951,1181,950,1153,945,965,1123,986,1090,1010,1075,1027,1082,1047,1080,1082,1103,1122,1141,1079,1158,1043,1160,1021,1158,1002,1153,981,1144,979,1120,1008,1103,1026,1106,1046,1108,1104,1137,1045,1131,1024,1129,1006,1126
2608,h,1,1,831,831,1277,1277,86.93333333333334,902,957,893,1009,890,1063,890,1115,894,1167,910,1210,939,1245,977,1270,1029,1283,1090,1282,1154,1272,1212,1255,1258,1225,1290,1179,1309,1124,1324,1066,1338,1006,905,883,925,851,961,839,1001,843,1036,860,1108,865,1152,856,1198,859,1239,877,1263,912,1065,913,1056,936,1047,958,1037,982,998,1031,1017,1038,1037,1043,1062,1043,1087,1042,941,928,964,915,991,915,1015,931,989,932,963,933,1128,939,1157,927,1185,932,1209,951,1181,950,1153,945,965,1123,986,1090,1010,1075,1027,1082,1047,1080,1082,1103,1122,1141,1079,1158,1043,1160,1021,1158,1002,1153,981,1144,979,1120,1008,1103,1026,1106,1046,1108,1104,1137,1045,1131,1024,1129,1006,1126
2611,h,1,1,831,831,1277,1277,87.03333333333333,902,963,894,1015,892,1070,894,1123,901,1173,916,1216,945,1252,982,1277,1032,1288,1091,1286,1154,1275,1210,1255,1255,1224,1286,1178,1305,1123,1318,1066,1331,1004,902,892,920,857,956,842,995,844,1031,859,1101,867,1144,854,1190,858,1232,878,1255,916,1059,916,1052,939,1044,961,1035,985,999,1037,1018,1042,1038,1045,1062,1045,1086,1044,936,932,958,918,985,917,1011,934,984,934,957,936,1122,941,1152,926,1180,931,1205,950,1176,949,1149,945,968,1133,986,1096,1012,1077,1028,1083,1048,1081,1083,1104,1121,1145,1081,1167,1046,1172,1025,1172,1005,1168,983,1158,981,1130,1011,1108,1028,1109,1047,1111,1104,1140,1047,1141,1028,1140,1010,1137
2612,h,1,1,831,831,1277,1277,87.06666666666666,902,963,894,1015,892,1070,894,1123,901,1173,916,1216,945,1252,982,1277,1032,1288,1091,1286,1154,1275,1210,1255,1255,1224,1286,1178,1305,1123,1318,1066,1331,1004,902,892,920,857,956,842,995,844,1031,859,1101,867,1144,854,1190,858,1232,878,1255,916,1059,916,1052,939,1044,961,1035,985,999,1037,1018,1042,1038,1045,1062,1045,1086,1044,936,932,958,918,985,917,1011,934,984,934,957,936,1122,941,1152,926,1180,931,1205,950,1176,949,1149,945,968,1133,986,1096,1012,1077,1028,1083,1048,1081,1083,1104,1121,1145,1081,1167,1046,1172,1025,1172,1005,1168,983,1158,981,1130,1011,1108,1028,1109,1047,1111,1104,1140,1047,1141,1028,1140,1010,1137
2613,h,1,1,831,831,1277,1277,87.1,896,962,886,1014,883,1069,882,1122,888,1174,903,1219,932,1257,971,1282,1023,1294,1083,1294,1145,1285,1201,1267,1247,1236,1277,1189,1296,1135,1312,1079,1325,1019,907,884,930,854,966,845,1005,849,1038,866,1104,871,1146,860,1192,865,1231,885,1255,922,1064,917,1056,939,1048,961,1039,985,997,1035,1017,1042,1038,1047,1062,1048,1086,1047,942,931,964,918,989,918,1012,933,987,934,962,934,1126,943,1155,930,1182,937,1205,957,1178,954,1151,949,965,1130,986,1094,1010,1078,1028,1084,1049,1084,1082,1107,1119,1147,1079,1162,1044,1164,1022,1163,1002,1159,982,1151,979,1126,1009,1107,1027,1109,1047,1112,1102,1142,1046,1135,1025,1132,1007,1130
2618,h,1,1,831,831,1277,1277,87.26666666666667,892,960,887,1013,886,1066,887,1118,893,1169,910,1211,943,1243,983,1266,1034,1279,1093,1279,1156,1271,1212,1254,1254,1222,1284,1175,1302,1119,1317,1061,1331,1000,899,888,918,855,954,843,994,845,1029,862,1104,867,1147,857,1195,862,1236,882,1261,917,1060,918,1053,940,1045,962,1036,986,997,1037,1016,1043,1036,1048,1061,1048,1085,1047,934,932,958,918,985,919,1010,937,983,939,956,939,1124,946,1153,931,1182,936,1206,956,1178,957,1150,953,967,1127,988,1095,1011,1080,1027,1086,1047,1086,1082,1108,1123,1144,1081,1159,1046,1161,1025,1159,1006,1154,984,1145,981,1124,1010,1107,1027,1110,1046,1112,1107,1139,1047,1135,1027,1132,1009,1129
2619,h,1,1,831,831,1277,1277,87.3,892,960,887,1013,886,1066,887,1118,893,1169,910,1211,943,1243,983,1266,1034,1279,1093,1279,1156,1271,1212,1254,1254,1222,1284,1175,1302,1119,1317,1061,1331,1000,899,888,918,855,954,843,994,845,1029,862,1104,867,1147,857,1195,862,1236,882,1261,917,1060,918,1053,940,1045,962,1036,986,997,1037,1016,1043,1036,1048,1061,1048,1085,1047,934,932,958,918,985,919,1010,937,983,939,956,939,1124,946,1153,931,1182,936,1206,956,1178,957,1150,953,967,1127,988,1095,1011,1080,1027,1086,1047,1086,1082,1108,1123,1144,1081,1159,1046,1161,1025,1159,1006,1154,984,1145,981,1124,1010,1107,1027,1110,1046,1112,1107,1139,1047,1135,1027,1132,1009,1129
2620,h,1,1,831,831,1277,1277,87.33333333333333,891,964,886,1017,885,1071,887,1123,895,1173,912,1215,943,1250,982,1273,1033,1286,1092,1286,1152,1276,1209,1258,1253,1227,1283,1180,1303,1125,1317,1067,1331,1006,898,890,918,856,954,844,994,847,1029,864,1104,870,1147,857,1194,861,1236,879,1260,915,1062,919,1055,942,1046,964,1038,987,1000,1039,1019,1045,1039,1050,1063,1050,1087,1049,934,934,956,921,984,921,1011,938,983,940,955,940,1127,946,1156,933,1185,938,1210,957,1182,958,1153,953,966,1129,987,1096,1013,1080,1029,1086,1050,1085,1085,1107,1126,1143,1085,1162,1049,1165,1027,1163,1007,1159,984,1150,980,1126,1012,1108,1029,1110,1049,1112,1109,1139,1049,1137,1029,1135,1011,1132
2621,h,1,1,831,831,1277,1277,87.36666666666666,900,970,892,1021,890,1072,891,1123,897,1173,911,1216,941,1250,981,1274,1032,1286,1090,1284,1153,1274,1210,1256,1254,1225,1284,1180,1303,1127,1317,1072,1330,1013,900,890,919,860,953,849,991,852,1026,866,1097,872,1139,861,1185,864,1227,883,1253,918,1056,921,1048,944,1039,966,1029,991,996,1042,1014,1047,1033,1051,1056,1051,1079,1050,930,937,952,922,980,922,1006,940,978,942,950,943,1122,947,1151,931,1180,935,1205,955,1177,956,1148,952,963,1130,983,1098,1007,1082,1025,1087,1044,1085,1081,1106,1123,1142,1080,1160,1044,1164,1022,1164,1002,1161,980,1151,976,1128,1007,1111,1025,1113,1044,1114,1106,1138,1044,1136,1024,1135,1006,1133
2622,h,1,1,831,831,1277,1277,87.4,901,960,894,1012,892,1065,891,1117,894,1168,909,1212,939,1248,979,1272,1031,1284,1090,1284,1152,1275,1210,1260,1256,1229,1287,1183,1306,1128,1320,1071,1333,1011,904,890,922,855,959,841,1000,844,1034,862,1103,866,1148,856,1195,862,1237,883,1259,923,1062,919,1054,941,1045,962,1036,987,997,1036,1016,1042,1036,1046,1062,1046,1086,1046,940,934,962,924,988,924,1012,937,987,939,961,939,1125,946,1154,936,1181,943,1205,959,1177,959,1150,954,965,1129,987,1095,1012,1079,1029,1086,1048,1085,1083,1107,1123,1144,1081,1160,1046,1163,1025,1162,1005,1158,983,1150,979,1125,1010,1107,1028,1110,1047,1111,1107,1139,1047,1135,1027,1133,1009,1131
2623,h,1,1,831,831,1277,1277,87.43333333333334,901,960,894,1012,892,1065,891,1117,894,1168,909,1212,939,1248,979,1272,1031,1284,1090,1284,1152,1275,1210,1260,1256,1229,1287,1183,1306,1128,1320,1071,1333,1011,904,890,922,855,959,841,1000,844,1034,862,1103,866,1148,856,1195,862,1237,883,1259,923,1062,919,1054,941,1045,962,1036,987,997,1036,1016,1042,1036,1046,1062,1046,1086,1046,940,934,962,924,988,924,1012,937,987,939,961,939,1125,946,1154,936,1181,943,1205,959,1177,959,1150,954,965,1129,987,1095,1012,1079,1029,1086,1048,1085,1083,1107,1123,1144,1081,1160,1046,1163,1025,1162,1005,1158,983,1150,979,1125,1010,1107,1028,1110,1047,1111,1107,1139,1047,1135,1027,1133,1009,1131
2624,h,1,1,831,831,1277,1277,87.46666666666667,894,955,886,1007,883,1063,882,1116,887,1169,902,1215,933,1253,975,1276,1029,1288,1089,1286,1152,1276,1210,1258,1255,1225,1284,1178,1304,1123,1318,1066,1331,1006,903,887,923,854,959,844,998,848,1033,862,1104,867,1147,857,1193,861,1233,879,1256,914,1062,916,1054,939,1047,960,1038,984,998,1036,1017,1041,1038,1046,1063,1045,1087,1045,936,935,959,925,984,925,1009,936,983,938,958,939,1125,943,1154,934,1180,940,1205,956,1177,954,1150,949,964,1133,986,1094,1012,1078,1030,1084,1051,1082,1085,1104,1122,1143,1083,1163,1047,1168,1025,1167,1004,1164,981,1155,978,1130,1010,1107,1029,1109,1049,1111,1105,1139,1049,1139,1028,1138,1009,1136
2625,h,1,1,831,831,1277,1277,87.5,902,960,896,1013,894,1067,893,1119,898,1170,913,1214,941,1251,980,1276,1033,1287,1093,1285,1155,1274,1212,1254,1256,1222,1285,1175,1302,1120,1315,1064,1328,1004,903,890,920,854,956,837,996,838,1031,854,1105,860,1149,850,1196,857,1236,881,1257,920,1061,915,1054,938,1046,960,1037,984,997,1034,1017,1039,1037,1044,1063,1043,1088,1043,938,933,960,920,986,920,1010,935,984,936,958,936,1126,943,1154,931,1181,937,1205,955,1177,953,1151,948,966,1133,986,1094,1011,1077,1029,1083,1050,1082,1086,1104,1124,1144,1084,1167,1048,1173,1025,1172,1004,1169,982,1159,979,1129,1010,1106,1029,1108,1049,1110,1108,1139,1049,1144,1028,1143,1009,1140
2626,h,1,1,831,831,1277,1277,87.53333333333333,894,959,885,1010,883,1063,884,1116,891,1168,906,1213,935,1251,974,1278,1026,1291,1085,1289,1149,1278,1208,1259,1255,1227,1286,1179,1305,1124,1319,1067,1333,1007,900,888,919,855,955,841,994,842,1028,857,1107,862,1149,853,1194,858,1234,878,1258,913,1061,917,1052,939,1044,959,1035,981,998,1035,1017,1039,1036,1042,1061,1042,1085,1043,934,935,957,921,982,920,1006,937,981,938,955,938,1129,944,1157,930,1184,936,1208,955,1181,953,1154,949,963,1133,984,1094,1009,1076,1027,1081,1049,1079,1086,1102,1124,1144,1084,1169,1047,1177,1023,1177,1003,1174,979,1162,978,1130,1008,1106,1026,1107,1048,1109,1107,1139,1048,1145,1026,1144,1007,1143
2627,h,1,1,831,831,1277,1277,87.56666666666666,894,959,885,1010,883,1063,884,1116,891,1168,906,1213,935,1251,974,1278,1026,1291,1085,1289,1149,1278,1208,1259,1255,1227,1286,1179,1305,1124,1319,1067,1333,1007,900,888,919,855,955,841,994,842,1028,857,1107,862,1149,853,1194,858,1234,878,1258,913,1061,917,1052,939,1044,959,1035,981,998,1035,1017,1039,1036,1042,1061,1042,1085,1043,934,935,957,921,982,920,1006,937,981,938,955,938,1129,944,1157,930,1184,936,1208,955,1181,953,1154,949,963,1133,984,1094,1009,1076,1027,1081,1049,1079,1086,1102,1124,1144,1084,1169,1047,1177,1023,1177,1003,1174,979,1162,978,1130,1008,1106,1026,1107,1048,1109,1107,1139,1048,1145,1026,1144,1007,1143
2628,h,1,1,831,831,1277,1277,87.6,905,953,897,1004,894,1058,894,1110,897,1161,909,1208,937,1246,975,1274,1027,1288,1088,1287,1153,1278,1213,1258,1258,1225,1288,1177,1307,1122,1321,1065,1335,1004,904,885,921,850,956,835,996,837,1030,853,1108,860,1153,851,1199,855,1240,875,1261,913,1061,912,1053,935,1044,957,1034,982,996,1032,1016,1038,1036,1042,1062,1041,1086,1040,939,928,961,915,987,915,1011,930,985,932,959,933,1129,938,1156,925,1184,931,1208,949,1180,949,1153,944,967,1131,984,1092,1010,1074,1028,1080,1049,1079,1085,1102,1122,1143,1082,1168,1046,1174,1023,1174,1002,1170,980,1160,980,1128,1009,1104,1027,1106,1047,1108,1105,1139,1047,1144,1026,1142,1007,1140
2629,h,1,1,831,831,1277,1277,87.63333333333334,906,955,898,1005,894,1057,892,1109,895,1160,907,1206,933,1246,971,1276,1024,1291,1086,1292,1152,1282,1211,1261,1257,1228,1289,1180,1308,1123,1322,1064,1336,1001,914,879,930,845,965,833,1001,837,1033,854,1107,860,1149,849,1194,854,1235,873,1256,911,1061,911,1053,933,1045,954,1036,978,999,1030,1018,1036,1037,1040,1062,1040,1086,1040,944,926,965,913,989,914,1012,928,988,929,964,929,1130,936,1156,925,1182,931,1206,948,1178,946,1153,941,968,1128,986,1090,1012,1073,1030,1079,1050,1078,1088,1100,1124,1141,1085,1167,1047,1174,1025,1173,1004,1169,981,1157,981,1126,1011,1103,1029,1105,1049,1107,1108,1137,1048,1144,1028,1143,1008,1140
2630,h,1,1,831,831,1277,1277,87.66666666666667,906,955,898,1005,894,1057,892,1109,895,1160,907,1206,933,1246,971,1276,1024,1291,1086,1292,1152,1282,1211,1261,1257,1228,1289,1180,1308,1123,1322,1064,1336,1001,914,879,930,845,965,833,1001,837,1033,854,1107,860,1149,849,1194,854,1235,873,1256,911,1061,911,1053,933,1045,954,1036,978,999,1030,1018,1036,1037,1040,1062,1040,1086,1040,944,926,965,913,989,914,1012,928,988,929,964,929,1130,936,1156,925,1182,931,1206,948,1178,946,1153,941,968,1128,986,1090,1012,1073,1030,1079,1050,1078,1088,1100,1124,1141,1085,1167,1047,1174,1025,1173,1004,1169,981,1157,981,1126,1011,1103,1029,1105,1049,1107,1108,1137,1048,1144,1028,1143,1008,1140
2631,h,1,1,831,831,1277,1277,87.7,907,953,898,1005,893,1058,890,1110,892,1161,905,1206,931,1245,968,1272,1022,1286,1083,1286,1148,1276,1207,1260,1255,1230,1287,1183,1306,1126,1320,1068,1336,1007,906,885,924,850,960,837,1000,839,1035,856,1108,861,1152,853,1198,858,1239,877,1261,915,1062,912,1053,934,1043,956,1032,979,993,1030,1013,1035,1033,1040,1059,1040,1084,1040,939,928,962,916,987,916,1011,930,986,931,960,931,1129,938,1157,928,1184,934,1208,951,1180,949,1153,944,964,1126,983,1089,1007,1071,1025,1077,1045,1076,1081,1099,1121,1140,1079,1159,1043,1164,1020,1163,1000,1159,978,1150,977,1122,1006,1103,1024,1104,1044,1106,1105,1135,1044,1133,1023,1131,1005,1129
2651,h,1,1,831,831,1277,1277,88.36666666666666,894,955,884,1007,879,1062,878,1117,884,1168,902,1210,932,1244,970,1268,1020,1281,1079,1281,1141,1275,1199,1261,1244,1233,1276,1188,1298,1135,1313,1079,1328,1020,906,873,926,843,962,834,999,838,1031,855,1104,862,1149,854,1195,860,1236,879,1261,914,1059,911,1051,934,1042,956,1032,981,992,1032,1010,1038,1029,1043,1055,1044,1079,1045,937,925,960,913,986,915,1009,930,984,930,958,930,1123,940,1152,929,1179,937,1203,956,1175,953,1148,948,957,1121,979,1087,1003,1072,1019,1079,1040,1078,1074,1102,1114,1141,1070,1149,1035,1148,1014,1146,995,1141,974,1135,970,1118,1001,1102,1018,1105,1038,1108,1096,1136,1037,1118,1017,1114,1000,1111
2665,h,1,1,831,831,1277,1277,88.83333333333333,907,953,896,1004,891,1059,890,1111,894,1163,909,1207,938,1244,976,1268,1027,1281,1085,1281,1149,1272,1207,1254,1252,1223,1282,1176,1301,1121,1316,1063,1331,1004,906,885,924,851,961,839,1000,841,1035,858,1105,864,1150,853,1198,859,1240,879,1264,917,1062,909,1053,932,1043,954,1033,978,995,1028,1013,1035,1033,1040,1058,1041,1082,1040,940,924,963,913,989,913,1014,928,987,929,961,929,1127,938,1157,927,1185,933,1210,949,1181,949,1154,944,961,1119,982,1086,1008,1070,1024,1077,1043,1076,1079,1101,1120,1139,1076,1156,1039,1157,1018,1155,999,1150,977,1140,975,1117,1006,1099,1023,1102,1042,1105,1103,1135,1041,1128,1021,1125,1004,1121
2666,h,1,1,831,831,1277,1277,88.86666666666666,903,949,895,1001,891,1056,889,1109,892,1162,906,1208,934,1247,973,1273,1024,1284,1083,1283,1145,1273,1203,1256,1249,1227,1279,1182,1299,1128,1314,1071,1329,1012,909,887,926,851,962,837,1003,839,1038,855,1107,860,1152,852,1198,859,1238,881,1259,919,1063,911,1054,933,1045,954,1035,977,996,1029,1015,1035,1033,1039,1058,1040,1082,1040,943,926,963,913,989,914,1013,929,988,930,962,930,1126,938,1153,926,1180,933,1203,951,1176,951,1149,945,960,1123,980,1088,1006,1072,1023,1079,1043,1078,1078,1101,1116,1141,1074,1158,1038,1161,1016,1160,996,1155,974,1145,973,1120,1004,1102,1022,1104,1042,1107,1099,1136,1040,1133,1020,1131,1001,1128
2667,h,1,1,831,831,1277,1277,88.9,903,954,895,1006,891,1061,890,1114,894,1166,907,1211,934,1249,972,1274,1023,1287,1083,1286,1146,1278,1203,1260,1250,1230,1283,1183,1303,1128,1317,1070,1332,1010,909,879,928,846,964,835,1003,838,1037,856,1106,861,1150,853,1195,858,1235,879,1256,916,1063,911,1055,934,1046,955,1036,978,997,1030,1016,1036,1035,1041,1060,1042,1085,1041,941,925,963,913,989,914,1014,929,988,930,962,930,1128,939,1157,928,1184,935,1207,952,1180,951,1153,945,961,1126,981,1089,1008,1074,1025,1081,1046,1080,1082,1103,1119,1143,1078,1162,1041,1167,1018,1166,998,1161,975,1151,974,1123,1006,1103,1024,1106,1044,1108,1102,1139,1043,1139,1022,1136,1003,1133
2668,h,1,1,831,831,1277,1277,88.93333333333334,903,954,895,1006,891,1061,890,1114,894,1166,907,1211,934,1249,972,1274,1023,1287,1083,1286,1146,1278,1203,1260,1250,1230,1283,1183,1303,1128,1317,1070,1332,1010,909,879,928,846,964,835,1003,838,1037,856,1106,861,1150,853,1195,858,1235,879,1256,916,1063,911,1055,934,1046,955,1036,978,997,1030,1016,1036,1035,1041,1060,1042,1085,1041,941,925,963,913,989,914,1014,929,988,930,962,930,1128,939,1157,928,1184,935,1207,952,1180,951,1153,945,961,1126,981,1089,1008,1074,1025,1081,1046,1080,1082,1103,1119,1143,1078,1162,1041,1167,1018,1166,998,1161,975,1151,974,1123,1006,1103,1024,1106,1044,1108,1102,1139,1043,1139,1022,1136,1003,1133
2669,h,1,1,831,831,1277,1277,88.96666666666667,887,955,878,1007,874,1062,874,1117,880,1170,896,1217,928,1257,970,1282,1024,1293,1085,1290,1147,1278,1205,1259,1251,1227,1281,1180,1301,1125,1315,1070,1329,1011,902,884,922,849,958,835,999,836,1033,853,1104,860,1149,851,1195,859,1236,880,1259,918,1061,913,1053,935,1045,956,1037,980,997,1033,1016,1038,1035,1043,1059,1042,1083,1043,935,928,958,915,985,916,1009,931,983,933,956,933,1124,941,1153,929,1181,935,1205,954,1177,953,1149,948,960,1134,982,1095,1009,1077,1026,1084,1047,1082,1082,1106,1119,1147,1079,1169,1043,1175,1021,1174,1000,1170,977,1160,974,1131,1007,1107,1025,1109,1046,1111,1102,1143,1045,1146,1024,1144,1005,1142
2670,h,1,1,831,831,1277,1277,89.0,903,953,894,1004,890,1058,888,1110,891,1162,903,1211,930,1251,968,1281,1019,1295,1079,1295,1143,1283,1200,1263,1247,1230,1278,1182,1298,1126,1313,1069,1328,1007,905,881,924,848,960,838,998,842,1032,860,1105,864,1149,856,1194,861,1234,882,1256,920,1060,917,1052,939,1043,960,1034,984,995,1036,1014,1042,1033,1046,1058,1046,1082,1046,936,927,958,916,984,917,1008,932,982,933,957,932,1125,942,1153,930,1180,937,1203,955,1176,953,1150,948,961,1135,980,1097,1007,1081,1026,1089,1048,1087,1083,1109,1120,1148,1079,1173,1043,1179,1019,1179,997,1174,974,1163,974,1132,1005,1111,1025,1113,1046,1115,1104,1144,1045,1150,1023,1149,1002,1146
2671,h,1,1,831,831,1277,1277,89.03333333333333,882,957,874,1009,870,1064,871,1118,879,1171,896,1217,926,1256,967,1284,1020,1298,1080,1296,1143,1285,1202,1266,1249,1233,1278,1185,1298,1128,1311,1069,1324,1007,899,890,918,854,955,840,995,842,1031,859,1102,864,1145,854,1191,858,1233,879,1254,917,1056,915,1049,939,1041,962,1032,988,992,1039,1011,1044,1032,1049,1058,1048,1083,1047,933,932,955,920,981,920,1005,935,980,937,954,937,1122,943,1151,931,1178,936,1201,954,1174,953,1147,949,957,1135,979,1100,1005,1084,1024,1090,1046,1088,1082,1111,1120,1150,1079,1174,1042,1180,1019,1180,997,1175,974,1164,971,1133,1004,1113,1023,1115,1044,1117,1104,1146,1044,1151,1022,1150,1002,1147
2672,h,1,1,831,831,1277,1277,89.06666666666666,882,957,874,1009,870,1064,871,1118,879,1171,896,1217,926,1256,967,1284,1020,1298,1080,1296,1143,1285,1202,1266,1249,1233,1278,1185,1298,1128,1311,1069,1324,1007,899,890,918,854,955,840,995,842,1031,859,1102,864,1145,854,1191,858,1233,879,1254,917,1056,915,1049,939,1041,962,1032,988,992,1039,1011,1044,1032,1049,1058,1048,1083,1047,933,932,955,920,981,920,1005,935,980,937,954,937,1122,943,1151,931,1178,936,1201,954,1174,953,1147,949,957,1135,979,1100,1005,1084,1024,1090,1046,1088,1082,1111,1120,1150,1079,1174,1042,1180,1019,1180,997,1175,974,1164,971,1133,1004,1113,1023,1115,1044,1117,1104,1146,1044,1151,1022,1150,1002,1147
2673,h,1,1,831,831,1277,1277,89.1,892,967,887,1018,884,1069,884,1121,889,1170,902,1213,930,1248,968,1274,1020,1288,1082,1290,1147,1282,1206,1264,1251,1232,1282,1185,1301,1129,1315,1071,1329,1009,899,889,917,856,953,842,992,844,1027,861,1099,868,1142,857,1189,862,1230,881,1256,917,1054,918,1047,942,1038,965,1028,990,990,1039,1009,1046,1030,1051,1055,1050,1081,1049,929,935,952,923,978,923,1003,937,976,938,950,938,1124,945,1153,934,1181,940,1206,957,1177,955,1150,951,959,1135,980,1102,1005,1086,1023,1092,1045,1091,1081,1113,1122,1150,1078,1172,1041,1175,1018,1174,996,1170,975,1161,971,1133,1003,1114,1022,1117,1043,1119,1106,1146,1043,1146,1021,1144,1001,1141
2674,h,1,1,831,831,1277,1277,89.13333333333334,879,980,873,1029,871,1081,874,1132,882,1181,898,1224,929,1257,968,1280,1021,1294,1080,1295,1143,1288,1200,1271,1243,1239,1272,1192,1290,1137,1304,1080,1317,1020,897,896,913,860,949,842,989,841,1025,859,1091,864,1134,852,1183,859,1225,883,1248,924,1052,914,1045,939,1037,962,1030,988,988,1038,1008,1045,1029,1050,1055,1049,1081,1048,927,937,949,923,974,923,999,937,973,938,948,938,1117,946,1146,935,1174,940,1197,960,1169,956,1142,951,954,1135,978,1101,1004,1086,1023,1092,1044,1091,1081,1112,1121,1151,1078,1169,1041,1172,1018,1170,996,1166,973,1157,968,1132,1002,1112,1022,1115,1043,1118,1104,1146,1043,1144,1021,1142,1001,1139
2675,h,1,1,831,831,1277,1277,89.16666666666667,879,980,873,1029,871,1081,874,1132,882,1181,898,1224,929,1257,968,1280,1021,1294,1080,1295,1143,1288,1200,1271,1243,1239,1272,1192,1290,1137,1304,1080,1317,1020,897,896,913,860,949,842,989,841,1025,859,1091,864,1134,852,1183,859,1225,883,1248,924,1052,914,1045,939,1037,962,1030,988,988,1038,1008,1045,1029,1050,1055,1049,1081,1048,927,937,949,923,974,923,999,937,973,938,948,938,1117,946,1146,935,1174,940,1197,960,1169,956,1142,951,954,1135,978,1101,1004,1086,1023,1092,1044,1091,1081,1112,1121,1151,1078,1169,1041,1172,1018,1170,996,1166,973,1157,968,1132,1002,1112,1022,1115,1043,1118,1104,1146,1043,1144,1021,1142,1001,1139
2676,h,1,1,831,831,1277,1277,89.2,883,958,876,1010,873,1065,874,1118,881,1170,897,1215,928,1252,969,1277,1023,1290,1083,1288,1146,1278,1204,1259,1248,1227,1278,1180,1297,1124,1310,1067,1324,1006,898,889,916,856,953,843,992,846,1027,864,1099,870,1141,859,1187,862,1229,881,1252,918,1054,919,1047,943,1039,965,1031,990,992,1039,1011,1046,1030,1050,1056,1050,1080,1049,930,935,953,923,979,923,1004,938,978,939,952,940,1119,946,1148,934,1175,939,1199,957,1171,957,1144,952,957,1129,980,1098,1004,1084,1021,1090,1041,1089,1077,1110,1117,1145,1075,1164,1038,1167,1017,1166,997,1162,976,1152,971,1127,1003,1111,1021,1114,1040,1116,1100,1141,1040,1139,1020,1137,1001,1134
2677,h,1,1,831,831,1277,1277,89.23333333333333,896,953,889,1005,886,1060,886,1113,889,1165,903,1211,930,1248,968,1274,1022,1288,1083,1288,1147,1277,1204,1258,1249,1226,1277,1178,1296,1122,1310,1065,1325,1006,903,879,922,849,957,840,995,845,1028,861,1099,866,1144,858,1189,861,1231,879,1255,915,1058,916,1050,940,1041,962,1032,987,992,1038,1011,1044,1031,1049,1056,1050,1081,1050,933,929,955,919,981,920,1004,933,979,935,954,935,1124,943,1151,933,1178,939,1203,955,1175,956,1149,951,959,1129,980,1098,1005,1084,1023,1091,1045,1089,1080,1111,1119,1147,1078,1164,1041,1166,1017,1164,996,1159,974,1150,973,1126,1003,1112,1022,1116,1044,1118,1103,1143,1043,1137,1020,1135,1001,1131
2678,h,1,1,831,831,1277,1277,89.26666666666667,895,955,886,1007,883,1061,883,1115,888,1167,902,1212,930,1250,968,1275,1020,1287,1080,1287,1143,1277,1200,1260,1245,1228,1276,1182,1296,1126,1310,1068,1324,1005,896,891,916,857,954,846,994,851,1030,867,1092,872,1136,860,1184,864,1227,883,1252,921,1053,917,1045,939,1037,960,1027,984,989,1035,1008,1041,1027,1045,1053,1045,1077,1045,929,931,952,920,979,920,1003,935,977,937,950,937,1119,943,1148,932,1176,937,1200,956,1172,956,1144,951,956,1129,977,1095,1001,1079,1019,1086,1042,1085,1077,1107,1116,1145,1074,1162,1037,1164,1014,1162,993,1157,972,1149,970,1125,999,1109,1018,1112,1040,1114,1100,1141,1039,1134,1017,1132,998,1128
2679,h,1,1,831,831,1277,1277,89.3,895,955,886,1007,883,1061,883,1115,888,1167,902,1212,930,1250,968,1275,1020,1287,1080,1287,1143,1277,1200,1260,1245,1228,1276,1182,1296,1126,1310,1068,1324,1005,896,891,916,857,954,846,994,851,1030,867,1092,872,1136,860,1184,864,1227,883,1252,921,1053,917,1045,939,1037,960,1027,984,989,1035,1008,1041,1027,1045,1053,1045,1077,1045,929,931,952,920,979,920,1003,935,977,937,950,937,1119,943,1148,932,1176,937,1200,956,1172,956,1144,951,956,1129,977,1095,1001,1079,1019,1086,1042,1085,1077,1107,1116,1145,1074,1162,1037,1164,1014,1162,993,1157,972,1149,970,1125,999,1109,1018,1112,1040,1114,1100,1141,1039,1134,1017,1132,998,1128
2680,h,1,1,831,831,1277,1277,89.33333333333333,904,952,895,1002,889,1056,886,1109,889,1162,902,1207,929,1246,966,1274,1016,1287,1075,1289,1139,1280,1197,1262,1245,1231,1277,1185,1297,1129,1310,1071,1324,1009,913,884,931,853,964,844,999,848,1030,864,1098,867,1139,857,1184,861,1225,881,1247,916,1056,915,1047,938,1037,959,1026,983,990,1033,1008,1039,1026,1044,1051,1045,1075,1044,942,930,962,917,986,918,1007,932,984,934,960,934,1121,940,1146,928,1173,934,1196,952,1169,951,1143,947,956,1125,976,1092,1000,1077,1017,1083,1038,1082,1073,1104,1113,1142,1070,1158,1034,1161,1012,1160,992,1155,972,1147,969,1123,999,1107,1016,1110,1037,1112,1096,1138,1036,1130,1015,1128,997,1126
2688,h,1,1,831,831,1277,1277,89.6,899,961,893,1013,891,1067,892,1120,897,1172,913,1216,941,1250,978,1274,1028,1286,1086,1286,1149,1278,1206,1261,1251,1231,1282,1186,1303,1132,1317,1074,1332,1012,897,894,917,860,954,845,996,849,1032,867,1094,873,1141,860,1192,863,1238,883,1267,921,1056,917,1047,942,1038,966,1028,993,991,1041,1010,1047,1028,1052,1053,1052,1077,1052,932,935,954,923,982,923,1009,938,981,940,953,941,1122,946,1153,934,1182,941,1209,959,1178,958,1149,953,957,1128,979,1094,1004,1079,1019,1085,1039,1084,1075,1108,1114,1148,1072,1165,1036,1167,1015,1165,996,1160,974,1151,970,1126,1002,1107,1019,1110,1038,1112,1097,1143,1038,1136,1018,1134,1001,1131
2689,h,1,1,831,831,1277,1277,89.63333333333334,890,970,885,1021,885,1074,887,1126,894,1177,910,1219,939,1254,977,1276,1029,1287,1087,1286,1148,1278,1203,1261,1247,1230,1278,1185,1299,1131,1314,1074,1329,1014,895,892,915,861,951,846,991,847,1026,863,1099,867,1144,858,1191,863,1233,883,1259,919,1055,917,1047,941,1039,964,1030,988,992,1040,1011,1047,1030,1051,1054,1051,1078,1050,929,937,951,925,978,924,1004,938,977,940,950,941,1121,946,1150,935,1179,941,1204,958,1175,958,1147,952,966,1137,981,1097,1003,1079,1019,1086,1038,1086,1072,1110,1110,1154,1071,1169,1036,1170,1016,1168,997,1164,978,1157,980,1134,1002,1108,1018,1110,1036,1114,1093,1148,1037,1140,1018,1137,1001,1134
2690,h,1,1,831,831,1277,1277,89.66666666666667,890,970,885,1021,885,1074,887,1126,894,1177,910,1219,939,1254,977,1276,1029,1287,1087,1286,1148,1278,1203,1261,1247,1230,1278,1185,1299,1131,1314,1074,1329,1014,895,892,915,861,951,846,991,847,1026,863,1099,867,1144,858,1191,863,1233,883,1259,919,1055,917,1047,941,1039,964,1030,988,992,1040,1011,1047,1030,1051,1054,1051,1078,1050,929,937,951,925,978,924,1004,938,977,940,950,941,1121,946,1150,935,1179,941,1204,958,1175,958,1147,952,966,1137,981,1097,1003,1079,1019,1086,1038,1086,1072,1110,1110,1154,1071,1169,1036,1170,1016,1168,997,1164,978,1157,980,1134,1002,1108,1018,1110,1036,1114,1093,1148,1037,1140,1018,1137,1001,1134
2691,h,1,1,831,831,1277,1277,89.7,892,976,887,1028,887,1081,891,1132,898,1182,914,1224,942,1259,980,1280,1029,1289,1085,1288,1146,1280,1202,1262,1246,1230,1276,1185,1295,1133,1308,1076,1322,1016,893,899,912,864,949,850,990,850,1026,866,1097,872,1142,862,1190,866,1232,886,1256,924,1053,920,1045,944,1037,968,1028,994,990,1043,1009,1050,1028,1054,1052,1053,1076,1053,929,940,950,925,978,925,1003,941,976,944,949,944,1116,949,1146,936,1176,941,1200,961,1172,961,1143,956,959,1133,978,1099,1002,1083,1017,1090,1036,1089,1070,1113,1107,1153,1067,1169,1032,1170,1012,1168,994,1164,973,1155,972,1130,1001,1110,1017,1113,1035,1116,1090,1148,1033,1141,1015,1139,998,1135
2693,h,1,1,858,858,1229,1229,89.76666666666667,897,974,891,1022,889,1072,890,1121,894,1167,910,1207,938,1239,974,1259,1022,1270,1076,1269,1132,1257,1182,1236,1220,1206,1247,1163,1266,1115,1282,1064,1297,1009,899,894,921,865,956,857,994,861,1028,876,1094,878,1134,866,1178,868,1218,885,1239,922,1054,927,1047,951,1039,974,1030,999,993,1047,1011,1053,1031,1057,1053,1057,1075,1056,928,941,951,926,979,927,1003,946,977,949,948,949,1112,951,1141,934,1170,938,1193,957,1168,961,1139,958,957,1134,980,1103,1005,1088,1020,1094,1038,1092,1069,1114,1106,1149,1068,1166,1036,1170,1016,1169,999,1165,976,1155,970,1131,1004,1117,1019,1120,1037,1121,1089,1145,1037,1137,1019,1136,1003,1133
2694,h,1,1,858,858,1229,1229,89.8,897,974,891,1022,889,1072,890,1121,894,1167,910,1207,938,1239,974,1259,1022,1270,1076,1269,1132,1257,1182,1236,1220,1206,1247,1163,1266,1115,1282,1064,1297,1009,899,894,921,865,956,857,994,861,1028,876,1094,878,1134,866,1178,868,1218,885,1239,922,1054,927,1047,951,1039,974,1030,999,993,1047,1011,1053,1031,1057,1053,1057,1075,1056,928,941,951,926,979,927,1003,946,977,949,948,949,1112,951,1141,934,1170,938,1193,957,1168,961,1139,958,957,1134,980,1103,1005,1088,1020,1094,1038,1092,1069,1114,1106,1149,1068,1166,1036,1170,1016,1169,999,1165,976,1155,970,1131,1004,1117,1019,1120,1037,1121,1089,1145,1037,1137,1019,1136,1003,1133
2695,h,1,1,858,858,1229,1229,89.83333333333333,897,974,890,1020,888,1070,888,1118,892,1165,906,1206,933,1239,969,1260,1019,1271,1075,1271,1133,1259,1185,1240,1226,1209,1254,1167,1274,1117,1289,1065,1302,1010,901,893,922,865,956,859,992,863,1025,877,1094,879,1133,867,1176,869,1214,884,1237,918,1053,926,1046,950,1039,972,1030,997,992,1046,1011,1051,1030,1056,1054,1056,1076,1056,929,942,950,927,978,928,1002,947,976,950,949,950,1114,952,1142,935,1171,939,1194,957,1169,961,1141,958,957,1134,978,1102,1003,1087,1019,1093,1037,1092,1069,1114,1106,1149,1066,1163,1033,1165,1014,1165,996,1160,974,1151,970,1130,1002,1116,1018,1119,1036,1121,1089,1144,1035,1134,1016,1133,1000,1130
2696,h,1,1,831,831,1277,1277,89.86666666666666,886,976,880,1026,878,1079,880,1130,889,1179,905,1219,934,1254,971,1277,1023,1289,1082,1289,1143,1282,1199,1265,1245,1234,1275,1188,1295,1133,1308,1076,1320,1015,892,899,910,866,947,852,987,852,1022,868,1091,873,1135,860,1183,862,1227,880,1253,918,1050,923,1043,947,1035,970,1027,995,988,1045,1007,1052,1028,1056,1054,1055,1079,1054,925,945,947,930,973,929,999,943,972,945,946,947,1116,949,1146,936,1175,941,1200,959,1171,958,1143,954,955,1138,976,1103,1001,1087,1018,1093,1038,1091,1074,1114,1113,1152,1072,1169,1035,1171,1014,1170,994,1165,972,1157,969,1134,1000,1116,1018,1118,1037,1120,1096,1147,1036,1142,1017,1140,998,1137
2697,h,1,1,831,831,1277,1277,89.9,894,966,889,1016,887,1068,888,1118,891,1169,904,1212,931,1248,969,1274,1021,1288,1081,1288,1143,1279,1201,1262,1246,1231,1276,1186,1295,1132,1310,1075,1323,1014,893,898,910,863,945,850,985,852,1020,867,1097,874,1141,863,1187,866,1228,882,1254,917,1051,926,1043,949,1035,971,1026,996,990,1047,1008,1052,1027,1055,1052,1055,1076,1055,927,944,948,930,975,929,1001,945,974,949,947,949,1119,952,1148,938,1177,944,1202,962,1174,963,1145,959,958,1140,978,1105,1002,1088,1018,1094,1037,1091,1072,1114,1110,1152,1070,1171,1034,1176,1013,1175,994,1170,974,1162,972,1137,1001,1117,1017,1119,1036,1121,1094,1148,1036,1146,1016,1145,999,1142
2698,h,1,1,831,831,1277,1277,89.93333333333334,894,966,889,1016,887,1068,888,1118,891,1169,904,1212,931,1248,969,1274,1021,1288,1081,1288,1143,1279,1201,1262,1246,1231,1276,1186,1295,1132,1310,1075,1323,1014,893,898,910,863,945,850,985,852,1020,867,1097,874,1141,863,1187,866,1228,882,1254,917,1051,926,1043,949,1035,971,1026,996,990,1047,1008,1052,1027,1055,1052,1055,1076,1055,927,944,948,930,975,929,1001,945,974,949,947,949,1119,952,1148,938,1177,944,1202,962,1174,963,1145,959,958,1140,978,1105,1002,1088,1018,1094,1037,1091,1072,1114,1110,1152,1070,1171,1034,1176,1013,1175,994,1170,974,1162,972,1137,1001,1117,1017,1119,1036,1121,1094,1148,1036,1146,1016,1145,999,1142
2699,h,1,1,831,831,1277,1277,89.96666666666667,892,972,886,1024,885,1076,887,1127,891,1177,906,1220,934,1255,972,1280,1025,1292,1085,1292,1148,1284,1205,1268,1250,1237,1279,1189,1299,1135,1312,1077,1325,1015,892,899,909,865,945,851,984,852,1020,869,1094,875,1139,864,1186,867,1229,886,1256,922,1049,927,1042,950,1034,972,1025,997,989,1048,1009,1053,1028,1057,1053,1057,1077,1057,925,945,947,931,974,930,1001,947,973,949,945,949,1117,953,1147,939,1176,945,1202,963,1173,963,1143,959,957,1141,976,1105,1001,1088,1019,1095,1039,1092,1075,1115,1115,1154,1074,1172,1037,1176,1015,1176,995,1171,973,1162,971,1138,1001,1119,1018,1121,1038,1123,1098,1150,1037,1145,1018,1144,999,1141
2700,h,1,1,831,831,1277,1277,90.0,883,960,878,1013,876,1068,876,1122,883,1173,900,1216,932,1250,971,1274,1024,1288,1083,1287,1144,1276,1201,1259,1246,1227,1277,1181,1296,1124,1309,1066,1322,1005,894,886,916,857,953,850,993,854,1026,872,1094,873,1139,863,1186,866,1228,881,1254,915,1054,924,1046,948,1038,971,1030,996,991,1045,1010,1052,1029,1056,1054,1057,1077,1056,924,940,947,929,974,929,1000,943,973,946,946,947,1119,950,1150,938,1179,944,1204,961,1175,962,1147,957,958,1136,979,1102,1003,1087,1020,1095,1041,1093,1076,1115,1114,1151,1073,1168,1038,1169,1016,1167,996,1162,975,1154,972,1132,1002,1116,1020,1120,1040,1122,1096,1146,1039,1139,1018,1136,1000,1133
2701,h,1,1,831,831,1277,1277,90.03333333333333,888,963,880,1016,877,1070,878,1123,884,1173,900,1216,930,1250,968,1273,1019,1286,1077,1286,1138,1278,1196,1262,1243,1232,1277,1186,1298,1130,1312,1071,1326,1009,892,883,914,855,950,848,989,853,1022,870,1097,874,1141,862,1188,864,1231,879,1260,912,1052,924,1044,948,1035,971,1026,996,987,1046,1006,1052,1026,1056,1051,1057,1075,1056,923,938,946,927,974,927,1000,942,972,945,944,945,1119,949,1151,938,1180,944,1207,960,1176,962,1146,957,953,1134,975,1103,1000,1088,1018,1095,1039,1093,1073,1115,1115,1149,1071,1163,1035,1164,1013,1162,993,1158,971,1151,967,1131,998,1115,1017,1119,1037,1121,1098,1145,1037,1134,1016,1132,997,1129
2702,h,1,1,831,831,1277,1277,90.06666666666666,888,963,880,1016,877,1070,878,1123,884,1173,900,1216,930,1250,968,1273,1019,1286,1077,1286,1138,1278,1196,1262,1243,1232,1277,1186,1298,1130,1312,1071,1326,1009,892,883,914,855,950,848,989,853,1022,870,1097,874,1141,862,1188,864,1231,879,1260,912,1052,924,1044,948,1035,971,1026,996,987,1046,1006,1052,1026,1056,1051,1057,1075,1056,923,938,946,927,974,927,1000,942,972,945,944,945,1119,949,1151,938,1180,944,1207,960,1176,962,1146,957,953,1134,975,1103,1000,1088,1018,1095,1039,1093,1073,1115,1115,1149,1071,1163,1035,1164,1013,1162,993,1158,971,1151,967,1131,998,1115,1017,1119,1037,1121,1098,1145,1037,1134,1016,1132,997,1129
2703,h,1,1,831,831,1277,1277,90.1,883,968,875,1020,872,1076,874,1130,882,1179,900,1220,930,1253,968,1276,1019,1288,1076,1288,1137,1280,1196,1265,1244,1235,1276,1189,1295,1133,1308,1074,1321,1014,892,895,910,858,946,845,986,847,1022,861,1092,864,1139,857,1185,862,1226,882,1247,921,1051,918,1044,943,1036,965,1027,990,988,1043,1007,1048,1026,1052,1051,1053,1074,1052,929,936,951,924,977,924,1000,938,975,940,950,940,1113,946,1142,934,1169,940,1193,958,1165,956,1139,952,955,1131,976,1100,999,1086,1018,1093,1039,1092,1074,1111,1114,1145,1072,1155,1036,1155,1014,1153,993,1149,972,1145,968,1127,998,1113,1017,1116,1038,1117,1098,1140,1038,1128,1016,1126,997,1123
2704,h,1,1,831,831,1277,1277,90.13333333333334,892,965,885,1015,883,1068,883,1121,888,1170,904,1213,931,1247,968,1272,1018,1284,1076,1284,1138,1274,1197,1257,1245,1228,1277,1182,1296,1126,1309,1068,1321,1006,891,895,909,859,947,847,987,851,1022,867,1089,870,1133,859,1181,862,1225,880,1250,918,1049,921,1041,943,1032,965,1023,988,987,1042,1005,1047,1024,1051,1048,1051,1072,1051,925,937,948,924,975,923,1000,940,974,944,946,944,1114,947,1143,932,1172,938,1196,957,1169,958,1140,954,954,1132,976,1099,1000,1084,1016,1090,1036,1088,1071,1110,1113,1145,1069,1156,1032,1157,1012,1156,993,1152,972,1146,968,1127,999,1114,1016,1116,1035,1118,1097,1139,1034,1127,1015,1125,997,1123
2705,h,1,1,831,831,1277,1277,90.16666666666667,892,965,885,1015,883,1068,883,1121,888,1170,904,1213,931,1247,968,1272,1018,1284,1076,1284,1138,1274,1197,1257,1245,1228,1277,1182,1296,1126,1309,1068,1321,1006,891,895,909,859,947,847,987,851,1022,867,1089,870,1133,859,1181,862,1225,880,1250,918,1049,921,1041,943,1032,965,1023,988,987,1042,1005,1047,1024,1051,1048,1051,1072,1051,925,937,948,924,975,923,1000,940,974,944,946,944,1114,947,1143,932,1172,938,1196,957,1169,958,1140,954,954,1132,976,1099,1000,1084,1016,1090,1036,1088,1071,1110,1113,1145,1069,1156,1032,1157,1012,1156,993,1152,972,1146,968,1127,999,1114,1016,1116,1035,1118,1097,1139,1034,1127,1015,1125,997,1123
2706,h,1,1,831,831,1277,1277,90.2,880,972,874,1023,872,1077,875,1130,883,1180,901,1222,930,1257,969,1280,1022,1290,1080,1289,1143,1279,1200,1260,1246,1228,1274,1180,1291,1124,1304,1066,1315,1004,888,897,907,865,943,848,984,848,1019,864,1089,867,1133,855,1180,859,1222,879,1247,917,1047,916,1040,940,1032,962,1024,988,986,1039,1006,1044,1025,1049,1050,1048,1074,1048,923,938,945,924,970,923,996,936,970,939,944,941,1113,942,1142,929,1170,934,1194,951,1167,951,1139,947,952,1134,972,1097,997,1081,1017,1088,1038,1085,1073,1107,1112,1145,1070,1160,1036,1163,1013,1162,991,1159,969,1152,966,1130,996,1111,1017,1113,1037,1114,1095,1140,1036,1132,1015,1131,995,1129
2707,h,1,1,831,831,1277,1277,90.23333333333333,894,963,887,1015,883,1069,883,1121,888,1172,902,1218,930,1256,968,1283,1020,1293,1079,1292,1141,1280,1197,1261,1243,1230,1274,1183,1294,1127,1307,1070,1320,1009,892,891,912,857,949,844,989,848,1024,864,1091,867,1135,856,1181,859,1223,877,1247,915,1051,916,1043,939,1035,961,1026,986,987,1036,1006,1042,1026,1047,1050,1047,1074,1045,928,934,949,920,975,920,1000,935,975,939,948,940,1116,941,1144,928,1172,934,1196,952,1169,953,1141,948,953,1133,974,1095,998,1078,1015,1085,1037,1083,1071,1106,1110,1146,1069,1163,1034,1166,1011,1166,991,1162,969,1153,968,1129,997,1109,1015,1111,1036,1113,1093,1141,1035,1137,1014,1136,995,1133
2708,h,1,1,831,831,1277,1277,90.26666666666667,884,961,877,1015,874,1070,876,1125,883,1178,900,1223,931,1259,971,1282,1022,1293,1081,1290,1141,1280,1198,1263,1243,1233,1273,1187,1292,1130,1305,1071,1318,1008,894,892,911,857,948,844,989,847,1024,863,1094,866,1139,855,1186,857,1228,877,1251,915,1052,914,1044,937,1036,959,1027,984,988,1036,1007,1041,1026,1045,1051,1045,1075,1044,929,932,951,918,977,918,1003,933,977,935,950,936,1115,939,1144,927,1172,932,1195,951,1168,950,1140,945,956,1132,975,1094,1000,1077,1017,1083,1037,1081,1071,1105,1107,1145,1069,1162,1035,1165,1013,1164,993,1160,971,1152,969,1128,999,1107,1016,1110,1036,1111,1090,1140,1036,1135,1015,1133,997,1131
2709,h,1,1,831,831,1277,1277,90.3,884,961,877,1015,874,1070,876,1125,883,1178,900,1223,931,1259,971,1282,1022,1293,1081,1290,1141,1280,1198,1263,1243,1233,1273,1187,1292,1130,1305,1071,1318,1008,894,892,911,857,948,844,989,847,1024,863,1094,866,1139,855,1186,857,1228,877,1251,915,1052,914,1044,937,1036,959,1027,984,988,1036,1007,1041,1026,1045,1051,1045,1075,1044,929,932,951,918,977,918,1003,933,977,935,950,936,1115,939,1144,927,1172,932,1195,951,1168,950,1140,945,956,1132,975,1094,1000,1077,1017,1083,1037,1081,1071,1105,1107,1145,1069,1162,1035,1165,1013,1164,993,1160,971,1152,969,1128,999,1107,1016,1110,1036,1111,1090,1140,1036,1135,1015,1133,997,1131
2710,h,1,1,831,831,1277,1277,90.33333333333333,892,961,886,1013,885,1067,884,1121,889,1172,903,1216,932,1251,969,1275,1019,1287,1077,1287,1138,1279,1195,1264,1243,1235,1274,1188,1293,1131,1308,1071,1321,1009,892,892,912,857,949,844,989,848,1025,864,1093,867,1138,856,1185,860,1227,878,1252,914,1053,914,1045,937,1036,958,1026,982,988,1033,1006,1040,1026,1044,1051,1044,1074,1044,927,933,949,918,976,918,1003,934,976,936,949,937,1116,940,1146,927,1175,933,1200,951,1171,952,1143,947,955,1129,974,1092,998,1075,1015,1081,1036,1080,1071,1104,1110,1145,1069,1161,1033,1164,1011,1163,991,1159,970,1150,969,1126,997,1105,1015,1108,1035,1110,1092,1140,1034,1134,1013,1132,995,1129
2711,h,1,1,831,831,1277,1277,90.36666666666666,893,962,884,1012,881,1065,881,1117,886,1168,900,1212,927,1249,964,1275,1014,1289,1073,1290,1135,1281,1193,1264,1240,1233,1272,1186,1293,1131,1307,1071,1321,1009,894,894,911,857,949,842,990,846,1026,864,1090,866,1136,854,1185,856,1229,876,1252,915,1051,913,1043,936,1034,958,1024,982,986,1035,1005,1041,1025,1045,1050,1045,1074,1044,929,933,950,918,977,918,1003,933,976,936,949,937,1114,939,1144,926,1172,931,1196,951,1169,950,1140,945,956,1130,975,1094,998,1077,1015,1082,1035,1081,1069,1103,1109,1143,1068,1159,1033,1163,1011,1163,992,1159,971,1151,970,1127,997,1106,1014,1107,1034,1109,1093,1139,1034,1134,1014,1133,995,1130
2712,h,1,1,831,831,1277,1277,90.4,884,958,875,1011,872,1067,874,1121,882,1172,899,1216,929,1252,966,1277,1016,1289,1074,1288,1135,1278,1193,1261,1242,1230,1275,1183,1294,1127,1307,1067,1321,1005,891,894,911,857,949,843,990,846,1026,863,1090,864,1134,852,1183,856,1227,877,1250,917,1051,913,1043,936,1034,958,1024,983,986,1035,1005,1041,1024,1045,1049,1045,1073,1044,928,931,951,917,978,917,1003,933,977,935,950,936,1114,939,1144,926,1173,931,1196,950,1169,950,1141,946,955,1131,974,1093,998,1076,1015,1082,1035,1081,1070,1104,1109,1144,1069,1160,1034,1164,1012,1163,992,1160,971,1152,969,1127,997,1105,1015,1107,1034,1109,1092,1139,1035,1135,1015,1133,996,1131
2713,h,1,1,831,831,1277,1277,90.43333333333334,884,958,875,1011,872,1067,874,1121,882,1172,899,1216,929,1252,966,1277,1016,1289,1074,1288,1135,1278,1193,1261,1242,1230,1275,1183,1294,1127,1307,1067,1321,1005,891,894,911,857,949,843,990,846,1026,863,1090,864,1134,852,1183,856,1227,877,1250,917,1051,913,1043,936,1034,958,1024,983,986,1035,1005,1041,1024,1045,1049,1045,1073,1044,928,931,951,917,978,917,1003,933,977,935,950,936,1114,939,1144,926,1173,931,1196,950,1169,950,1141,946,955,1131,974,1093,998,1076,1015,1082,1035,1081,1070,1104,1109,1144,1069,1160,1034,1164,1012,1163,992,1160,971,1152,969,1127,997,1105,1015,1107,1034,1109,1092,1139,1035,1135,1015,1133,996,1131
2714,h,1,1,831,831,1277,1277,90.46666666666667,886,972,878,1024,875,1078,877,1132,885,1184,901,1229,930,1267,969,1291,1020,1302,1078,1299,1139,1288,1195,1269,1240,1237,1270,1190,1289,1135,1301,1077,1314,1018,894,894,912,857,948,841,988,841,1023,858,1090,864,1134,852,1182,857,1223,880,1245,921,1048,911,1041,934,1033,957,1024,981,986,1034,1004,1039,1024,1043,1049,1043,1073,1042,930,931,951,918,976,917,1000,932,975,934,949,935,1112,940,1140,927,1167,932,1190,952,1164,950,1137,945,954,1135,973,1094,997,1076,1015,1082,1035,1080,1070,1105,1107,1147,1068,1166,1033,1171,1011,1171,990,1167,968,1158,967,1131,996,1107,1014,1109,1034,1111,1090,1142,1034,1142,1014,1140,994,1138
2715,h,1,1,831,831,1277,1277,90.5,896,961,888,1014,886,1070,887,1123,892,1176,904,1222,930,1261,966,1286,1017,1298,1077,1296,1140,1285,1196,1266,1242,1232,1273,1185,1293,1129,1308,1071,1322,1009,900,886,920,854,955,843,993,846,1026,864,1093,866,1136,855,1183,859,1225,877,1248,915,1053,914,1045,937,1035,959,1025,983,987,1035,1005,1042,1025,1046,1050,1046,1074,1046,933,931,954,918,979,918,1004,932,979,934,954,935,1117,939,1145,928,1173,933,1196,951,1169,950,1142,945,955,1133,973,1094,998,1077,1015,1083,1035,1081,1070,1106,1108,1147,1068,1169,1032,1174,1010,1174,990,1169,968,1159,968,1130,997,1108,1014,1110,1034,1112,1092,1143,1033,1143,1013,1142,995,1139
2716,h,1,1,831,831,1277,1277,90.53333333333333,895,954,887,1006,883,1060,883,1112,888,1163,901,1207,930,1244,968,1269,1019,1281,1078,1280,1142,1270,1200,1251,1245,1219,1275,1171,1292,1116,1305,1058,1318,996,897,887,915,854,950,841,989,845,1023,862,1091,865,1135,853,1182,854,1225,872,1249,909,1050,913,1042,937,1034,960,1024,985,986,1034,1005,1041,1025,1045,1051,1045,1076,1044,928,931,950,920,977,919,1001,933,976,936,950,936,1116,939,1144,928,1172,932,1197,948,1169,950,1141,946,955,1127,974,1093,997,1077,1014,1083,1034,1081,1069,1104,1109,1140,1067,1158,1031,1160,1010,1159,991,1155,970,1149,969,1123,997,1105,1014,1108,1033,1110,1092,1136,1032,1131,1013,1129,995,1127
2717,h,1,1,831,831,1277,1277,90.56666666666666,895,954,887,1006,883,1060,883,1112,888,1163,901,1207,930,1244,968,1269,1019,1281,1078,1280,1142,1270,1200,1251,1245,1219,1275,1171,1292,1116,1305,1058,1318,996,897,887,915,854,950,841,989,845,1023,862,1091,865,1135,853,1182,854,1225,872,1249,909,1050,913,1042,937,1034,960,1024,985,986,1034,1005,1041,1025,1045,1051,1045,1076,1044,928,931,950,920,977,919,1001,933,976,936,950,936,1116,939,1144,928,1172,932,1197,948,1169,950,1141,946,955,1127,974,1093,997,1077,1014,1083,1034,1081,1069,1104,1109,1140,1067,1158,1031,1160,1010,1159,991,1155,970,1149,969,1123,997,1105,1014,1108,1033,1110,1092,1136,1032,1131,1013,1129,995,1127
2718,h,1,1,831,831,1277,1277,90.6,891,962,884,1014,881,1067,881,1119,886,1170,901,1213,928,1249,967,1273,1018,1284,1076,1285,1138,1276,1196,1259,1241,1229,1272,1183,1292,1129,1306,1070,1320,1008,890,896,908,860,945,845,987,846,1023,862,1090,865,1135,855,1182,860,1225,882,1250,920,1049,912,1041,936,1033,959,1024,985,986,1035,1005,1040,1024,1045,1049,1045,1073,1044,925,933,948,920,975,920,1002,934,974,937,947,938,1112,943,1143,930,1172,936,1196,954,1168,955,1139,950,951,1125,973,1092,997,1077,1015,1083,1037,1082,1074,1104,1116,1141,1071,1153,1033,1154,1010,1153,990,1148,969,1141,965,1122,996,1105,1015,1107,1035,1109,1099,1136,1034,1125,1013,1123,994,1119
2719,h,1,1,831,831,1277,1277,90.63333333333334,885,961,877,1013,875,1065,875,1118,882,1167,898,1210,927,1245,965,1272,1016,1285,1075,1287,1138,1278,1196,1261,1243,1231,1276,1185,1297,1129,1311,1070,1325,1008,888,892,908,858,945,844,986,846,1023,862,1091,866,1138,855,1187,858,1232,877,1259,916,1051,914,1042,937,1033,959,1023,984,985,1035,1004,1041,1024,1046,1050,1046,1074,1045,923,935,947,922,974,921,1002,935,973,937,945,939,1117,942,1149,930,1179,936,1205,954,1175,954,1145,949,951,1125,972,1092,997,1076,1015,1083,1036,1081,1074,1104,1118,1142,1072,1155,1034,1156,1011,1154,991,1150,968,1142,965,1122,996,1105,1015,1108,1035,1110,1101,1137,1035,1126,1014,1123,994,1120
2720,h,1,1,831,831,1277,1277,90.66666666666667,885,961,877,1013,875,1065,875,1118,882,1167,898,1210,927,1245,965,1272,1016,1285,1075,1287,1138,1278,1196,1261,1243,1231,1276,1185,1297,1129,1311,1070,1325,1008,888,892,908,858,945,844,986,846,1023,862,1091,866,1138,855,1187,858,1232,877,1259,916,1051,914,1042,937,1033,959,1023,984,985,1035,1004,1041,1024,1046,1050,1046,1074,1045,923,935,947,922,974,921,1002,935,973,937,945,939,1117,942,1149,930,1179,936,1205,954,1175,954,1145,949,951,1125,972,1092,997,1076,1015,1083,1036,1081,1074,1104,1118,1142,1072,1155,1034,1156,1011,1154,991,1150,968,1142,965,1122,996,1105,1015,1108,1035,1110,1101,1137,1035,1126,1014,1123,994,1120
2721,h,1,1,831,831,1277,1277,90.7,894,954,887,1007,884,1059,883,1113,886,1164,902,1208,931,1244,968,1271,1019,1284,1077,1283,1140,1274,1198,1258,1245,1227,1277,1182,1297,1127,1311,1069,1326,1008,894,890,913,854,951,842,992,846,1028,863,1094,866,1140,856,1188,860,1232,880,1257,920,1053,913,1045,936,1036,958,1026,983,988,1033,1006,1040,1025,1045,1051,1045,1075,1044,930,928,953,916,980,916,1006,931,978,933,951,933,1118,940,1148,928,1176,935,1201,953,1172,952,1144,947,957,1121,976,1090,1000,1076,1016,1083,1036,1081,1071,1103,1112,1140,1068,1154,1032,1154,1011,1152,992,1148,972,1141,970,1118,998,1104,1015,1107,1034,1109,1095,1135,1034,1126,1014,1123,997,1120
2727,h,1,1,831,831,1277,1277,90.9,902,953,893,1006,890,1060,889,1112,892,1164,906,1209,933,1247,972,1274,1023,1285,1082,1282,1144,1272,1201,1254,1246,1223,1276,1178,1296,1124,1311,1068,1326,1008,906,883,923,850,957,837,994,840,1026,856,1105,860,1149,852,1195,856,1234,875,1256,912,1058,911,1048,934,1039,956,1028,980,992,1030,1010,1036,1028,1041,1053,1041,1076,1040,938,928,958,916,984,916,1007,930,983,932,957,932,1123,938,1150,927,1176,933,1199,950,1172,949,1146,944,959,1126,977,1088,1000,1072,1017,1077,1037,1076,1072,1099,1111,1140,1070,1156,1035,1158,1014,1157,995,1154,974,1147,973,1122,999,1101,1017,1102,1036,1104,1094,1135,1036,1129,1017,1127,999,1126
2728,h,1,1,831,831,1277,1277,90.93333333333334,902,953,893,1006,890,1060,889,1112,892,1164,906,1209,933,1247,972,1274,1023,1285,1082,1282,1144,1272,1201,1254,1246,1223,1276,1178,1296,1124,1311,1068,1326,1008,906,883,923,850,957,837,994,840,1026,856,1105,860,1149,852,1195,856,1234,875,1256,912,1058,911,1048,934,1039,956,1028,980,992,1030,1010,1036,1028,1041,1053,1041,1076,1040,938,928,958,916,984,916,1007,930,983,932,957,932,1123,938,1150,927,1176,933,1199,950,1172,949,1146,944,959,1126,977,1088,1000,1072,1017,1077,1037,1076,1072,1099,1111,1140,1070,1156,1035,1158,1014,1157,995,1154,974,1147,973,1122,999,1101,1017,1102,1036,1104,1094,1135,1036,1129,1017,1127,999,1126
2734,h,1,1,831,831,1277,1277,91.13333333333334,903,955,896,1009,892,1064,892,1119,898,1168,915,1211,942,1246,977,1272,1026,1286,1082,1286,1144,1275,1200,1257,1246,1226,1278,1183,1298,1130,1312,1073,1326,1013,907,885,925,852,962,839,1001,844,1033,863,1103,869,1147,857,1195,861,1237,882,1262,923,1060,916,1051,940,1041,963,1030,988,996,1035,1014,1042,1032,1048,1056,1048,1079,1047,943,928,964,915,992,916,1015,933,990,935,963,934,1124,943,1152,931,1180,937,1203,957,1177,957,1149,951,966,1125,985,1090,1009,1075,1026,1082,1046,1081,1080,1105,1116,1145,1076,1161,1041,1163,1019,1161,1001,1157,980,1147,979,1122,1008,1103,1025,1107,1044,1110,1099,1140,1043,1135,1023,1133,1006,1129
2735,h,1,1,831,831,1277,1277,91.16666666666667,903,955,896,1009,892,1064,892,1119,898,1168,915,1211,942,1246,977,1272,1026,1286,1082,1286,1144,1275,1200,1257,1246,1226,1278,1183,1298,1130,1312,1073,1326,1013,907,885,925,852,962,839,1001,844,1033,863,1103,869,1147,857,1195,861,1237,882,1262,923,1060,916,1051,940,1041,963,1030,988,996,1035,1014,1042,1032,1048,1056,1048,1079,1047,943,928,964,915,992,916,1015,933,990,935,963,934,1124,943,1152,931,1180,937,1203,957,1177,957,1149,951,966,1125,985,1090,1009,1075,1026,1082,1046,1081,1080,1105,1116,1145,1076,1161,1041,1163,1019,1161,1001,1157,980,1147,979,1122,1008,1103,1025,1107,1044,1110,1099,1140,1043,1135,1023,1133,1006,1129
2736,h,1,1,831,831,1277,1277,91.2,908,952,899,1003,895,1057,893,1110,897,1161,911,1206,936,1242,972,1267,1020,1280,1077,1280,1139,1272,1199,1257,1246,1228,1280,1184,1301,1131,1315,1075,1330,1015,906,883,926,850,963,839,1001,845,1035,862,1106,869,1152,858,1200,862,1243,880,1269,918,1063,915,1053,938,1042,961,1031,986,996,1036,1014,1042,1032,1047,1056,1047,1080,1047,940,929,962,915,990,917,1014,933,988,935,960,935,1128,943,1157,930,1186,937,1210,957,1182,956,1154,950,962,1125,983,1091,1007,1075,1023,1082,1043,1080,1076,1103,1112,1143,1072,1156,1038,1158,1017,1156,998,1152,978,1145,975,1121,1005,1106,1022,1109,1042,1110,1095,1137,1041,1127,1021,1125,1003,1122
2742,h,1,1,831,831,1277,1277,91.4,897,974,893,1024,892,1076,892,1127,897,1175,913,1216,942,1249,978,1272,1027,1287,1086,1285,1149,1275,1209,1256,1255,1226,1286,1180,1303,1125,1315,1067,1327,1006,902,894,919,865,953,854,989,858,1022,872,1091,880,1133,865,1180,866,1222,887,1249,924,1044,922,1037,946,1029,969,1021,994,991,1042,1008,1048,1026,1051,1049,1050,1072,1049,932,937,953,922,979,921,1004,939,978,940,952,941,1114,947,1143,932,1171,936,1196,956,1168,956,1140,952,960,1128,982,1095,1005,1080,1022,1086,1042,1083,1078,1105,1118,1141,1076,1156,1038,1158,1017,1157,998,1153,978,1146,975,1125,1004,1107,1021,1110,1041,1112,1101,1136,1040,1130,1020,1127,1002,1125
2743,h,1,1,831,831,1277,1277,91.43333333333334,897,974,893,1024,892,1076,892,1127,897,1175,913,1216,942,1249,978,1272,1027,1287,1086,1285,1149,1275,1209,1256,1255,1226,1286,1180,1303,1125,1315,1067,1327,1006,902,894,919,865,953,854,989,858,1022,872,1091,880,1133,865,1180,866,1222,887,1249,924,1044,922,1037,946,1029,969,1021,994,991,1042,1008,1048,1026,1051,1049,1050,1072,1049,932,937,953,922,979,921,1004,939,978,940,952,941,1114,947,1143,932,1171,936,1196,956,1168,956,1140,952,960,1128,982,1095,1005,1080,1022,1086,1042,1083,1078,1105,1118,1141,1076,1156,1038,1158,1017,1157,998,1153,978,1146,975,1125,1004,1107,1021,1110,1041,1112,1101,1136,1040,1130,1020,1127,1002,1125
2746,h,1,1,831,831,1277,1277,91.53333333333333,891,971,883,1022,881,1075,886,1127,894,1176,910,1217,941,1253,978,1277,1028,1289,1086,1288,1146,1278,1204,1260,1249,1230,1280,1185,1301,1131,1314,1074,1325,1014,902,893,918,860,951,845,988,845,1023,858,1101,867,1143,858,1189,864,1228,887,1251,923,1052,921,1045,943,1038,964,1030,988,992,1036,1012,1043,1032,1048,1058,1048,1083,1047,933,937,955,928,980,928,1005,939,979,941,954,941,1119,950,1148,942,1175,948,1200,963,1171,962,1144,957,961,1127,983,1095,1008,1080,1025,1086,1045,1086,1080,1107,1120,1144,1077,1159,1040,1162,1019,1160,1000,1155,978,1147,976,1124,1006,1106,1024,1110,1043,1112,1103,1139,1042,1133,1023,1130,1004,1127
2747,h,1,1,831,831,1277,1277,91.56666666666666,891,971,883,1022,881,1075,886,1127,894,1176,910,1217,941,1253,978,1277,1028,1289,1086,1288,1146,1278,1204,1260,1249,1230,1280,1185,1301,1131,1314,1074,1325,1014,902,893,918,860,951,845,988,845,1023,858,1101,867,1143,858,1189,864,1228,887,1251,923,1052,921,1045,943,1038,964,1030,988,992,1036,1012,1043,1032,1048,1058,1048,1083,1047,933,937,955,928,980,928,1005,939,979,941,954,941,1119,950,1148,942,1175,948,1200,963,1171,962,1144,957,961,1127,983,1095,1008,1080,1025,1086,1045,1086,1080,1107,1120,1144,1077,1159,1040,1162,1019,1160,1000,1155,978,1147,976,1124,1006,1106,1024,1110,1043,1112,1103,1139,1042,1133,1023,1130,1004,1127
2748,h,1,1,831,831,1277,1277,91.6,892,976,885,1026,882,1078,884,1127,891,1175,905,1216,934,1251,971,1276,1023,1288,1084,1286,1147,1276,1204,1257,1249,1225,1279,1179,1297,1126,1309,1072,1321,1015,900,892,916,859,949,843,986,843,1019,857,1096,866,1138,854,1185,863,1224,887,1247,925,1047,919,1040,944,1033,967,1025,993,989,1039,1008,1046,1029,1052,1055,1050,1079,1047,931,937,952,926,977,925,1003,937,977,939,951,939,1114,948,1144,938,1171,943,1195,960,1167,958,1140,953,961,1128,983,1096,1007,1081,1024,1087,1043,1086,1079,1107,1118,1144,1075,1159,1039,1163,1018,1163,999,1158,978,1149,975,1125,1006,1109,1023,1112,1042,1114,1102,1139,1041,1136,1021,1133,1003,1131
2749,h,1,1,831,831,1277,1277,91.63333333333334,896,975,888,1027,886,1080,888,1130,895,1177,909,1217,939,1250,976,1274,1025,1286,1083,1287,1147,1279,1207,1263,1253,1233,1283,1188,1302,1135,1316,1079,1330,1019,901,890,918,858,950,843,986,844,1020,858,1099,867,1143,857,1189,863,1229,887,1253,924,1048,918,1041,942,1032,966,1024,991,990,1037,1008,1043,1028,1049,1053,1048,1077,1046,933,933,955,921,981,921,1006,937,979,937,953,937,1118,947,1147,934,1175,939,1199,958,1171,957,1143,952,959,1130,981,1096,1006,1080,1023,1086,1043,1085,1079,1107,1119,1147,1076,1164,1038,1168,1017,1167,997,1162,975,1153,974,1127,1004,1108,1022,1111,1042,1113,1101,1142,1040,1139,1020,1136,1001,1133
2750,h,1,1,831,831,1277,1277,91.66666666666667,896,975,888,1027,886,1080,888,1130,895,1177,909,1217,939,1250,976,1274,1025,1286,1083,1287,1147,1279,1207,1263,1253,1233,1283,1188,1302,1135,1316,1079,1330,1019,901,890,918,858,950,843,986,844,1020,858,1099,867,1143,857,1189,863,1229,887,1253,924,1048,918,1041,942,1032,966,1024,991,990,1037,1008,1043,1028,1049,1053,1048,1077,1046,933,933,955,921,981,921,1006,937,979,937,953,937,1118,947,1147,934,1175,939,1199,958,1171,957,1143,952,959,1130,981,1096,1006,1080,1023,1086,1043,1085,1079,1107,1119,1147,1076,1164,1038,1168,1017,1167,997,1162,975,1153,974,1127,1004,1108,1022,1111,1042,1113,1101,1142,1040,1139,1020,1136,1001,1133
2751,h,1,1,831,831,1277,1277,91.7,892,961,883,1013,879,1069,880,1122,888,1173,905,1217,935,1254,974,1279,1026,1292,1085,1291,1146,1280,1203,1262,1249,1230,1280,1183,1298,1129,1309,1072,1322,1012,904,889,922,856,957,842,996,843,1031,859,1099,867,1143,857,1190,864,1230,886,1252,925,1054,917,1048,941,1040,963,1032,989,992,1036,1012,1043,1033,1049,1059,1048,1084,1047,936,931,958,920,985,919,1009,936,983,937,956,937,1119,947,1148,935,1177,940,1201,959,1172,958,1145,953,960,1129,982,1095,1008,1079,1025,1087,1043,1085,1077,1109,1116,1149,1075,1167,1039,1171,1019,1169,999,1164,977,1152,975,1126,1006,1110,1023,1113,1042,1116,1099,1143,1041,1139,1022,1136,1004,1133
2752,h,1,1,831,831,1277,1277,91.73333333333333,902,956,893,1007,889,1061,889,1114,894,1165,908,1211,935,1250,972,1277,1024,1291,1083,1291,1147,1282,1204,1263,1251,1231,1282,1184,1304,1130,1319,1074,1334,1013,908,890,925,855,961,841,1001,843,1038,860,1103,871,1148,860,1197,865,1239,887,1261,928,1061,917,1052,941,1043,963,1033,989,994,1037,1013,1044,1032,1050,1058,1050,1082,1050,937,931,960,922,985,921,1011,934,984,935,958,936,1127,946,1156,937,1183,943,1208,958,1178,957,1151,951,963,1129,983,1095,1005,1080,1022,1087,1042,1086,1075,1111,1116,1152,1072,1168,1037,1169,1015,1167,995,1161,977,1150,976,1125,1003,1108,1021,1112,1040,1115,1097,1146,1039,1138,1019,1135,1001,1131
2753,h,1,1,831,831,1277,1277,91.76666666666667,903,953,891,1005,885,1061,884,1115,890,1168,906,1215,932,1255,967,1284,1016,1299,1075,1300,1136,1291,1194,1276,1243,1246,1279,1201,1302,1146,1319,1086,1334,1024,910,875,933,845,970,839,1009,845,1042,862,1109,870,1153,863,1199,867,1239,885,1263,921,1066,919,1057,943,1046,965,1035,990,996,1040,1013,1047,1032,1053,1058,1054,1082,1054,942,927,966,917,993,918,1016,934,990,935,963,933,1130,948,1160,939,1188,946,1210,964,1183,963,1155,957,963,1129,983,1095,1006,1080,1021,1088,1042,1089,1076,1116,1113,1159,1071,1178,1035,1178,1012,1176,994,1169,975,1157,978,1127,1003,1110,1020,1115,1039,1119,1095,1153,1038,1146,1017,1141,1000,1137
2754,h,1,1,831,831,1277,1277,91.8,903,953,891,1005,885,1061,884,1115,890,1168,906,1215,932,1255,967,1284,1016,1299,1075,1300,1136,1291,1194,1276,1243,1246,1279,1201,1302,1146,1319,1086,1334,1024,910,875,933,845,970,839,1009,845,1042,862,1109,870,1153,863,1199,867,1239,885,1263,921,1066,919,1057,943,1046,965,1035,990,996,1040,1013,1047,1032,1053,1058,1054,1082,1054,942,927,966,917,993,918,1016,934,990,935,963,933,1130,948,1160,939,1188,946,1210,964,1183,963,1155,957,963,1129,983,1095,1006,1080,1021,1088,1042,1089,1076,1116,1113,1159,1071,1178,1035,1178,1012,1176,994,1169,975,1157,978,1127,1003,1110,1020,1115,1039,1119,1095,1153,1038,1146,1017,1141,1000,1137
2755,h,1,1,831,831,1277,1277,91.83333333333333,911,950,900,1002,896,1057,895,1111,899,1164,913,1210,938,1251,971,1280,1019,1297,1076,1298,1139,1288,1196,1270,1245,1239,1280,1193,1303,1139,1321,1080,1337,1018,916,877,938,849,973,843,1009,850,1039,867,1109,873,1153,866,1199,872,1238,892,1261,929,1067,923,1057,947,1047,970,1036,995,998,1041,1015,1050,1034,1055,1058,1057,1081,1058,946,927,969,916,996,919,1018,937,993,937,966,935,1129,951,1158,939,1186,947,1209,965,1182,965,1154,960,967,1132,986,1098,1009,1084,1023,1092,1042,1093,1076,1120,1113,1164,1071,1181,1034,1181,1014,1177,997,1170,978,1157,981,1130,1006,1115,1021,1120,1040,1124,1096,1158,1038,1148,1019,1143,1003,1138
2767,h,1,1,831,831,1277,1277,92.23333333333333,905,965,897,1016,894,1069,895,1120,900,1170,912,1214,939,1252,974,1281,1025,1297,1086,1295,1151,1282,1210,1263,1256,1232,1288,1184,1307,1129,1322,1071,1335,1009,910,888,927,857,960,845,996,850,1030,864,1102,873,1144,861,1190,863,1230,884,1253,921,1054,920,1045,943,1035,966,1024,990,994,1040,1011,1046,1030,1050,1054,1049,1077,1049,937,934,958,920,984,920,1008,938,982,939,957,940,1123,947,1151,933,1180,938,1203,958,1175,959,1147,954,967,1138,983,1101,1007,1084,1024,1090,1044,1087,1082,1111,1122,1151,1081,1179,1042,1187,1020,1187,1000,1183,980,1170,982,1137,1006,1114,1024,1116,1042,1118,1105,1147,1043,1155,1023,1153,1005,1150
2770,h,1,1,831,831,1277,1277,92.33333333333333,893,976,885,1026,882,1078,883,1130,890,1179,906,1222,935,1260,974,1285,1025,1298,1085,1298,1148,1288,1207,1271,1253,1238,1283,1192,1302,1135,1316,1078,1329,1017,905,892,923,857,958,839,997,837,1031,851,1103,859,1147,849,1195,858,1236,883,1258,923,1058,915,1051,939,1044,961,1036,986,995,1036,1015,1042,1036,1047,1063,1047,1088,1046,938,934,959,921,984,920,1009,934,984,935,958,936,1124,944,1153,932,1181,937,1204,956,1177,953,1149,948,962,1135,983,1099,1010,1082,1029,1088,1049,1086,1086,1109,1125,1149,1082,1171,1046,1177,1023,1177,1002,1173,979,1162,976,1132,1009,1111,1028,1113,1048,1116,1107,1144,1047,1147,1027,1145,1007,1143
2771,h,1,1,831,831,1277,1277,92.36666666666666,887,968,878,1018,875,1070,876,1121,883,1171,898,1216,928,1253,968,1278,1020,1291,1079,1292,1143,1285,1203,1269,1249,1236,1280,1190,1299,1134,1314,1075,1328,1014,901,890,917,855,952,836,992,836,1028,850,1100,859,1144,848,1192,857,1232,883,1254,924,1052,914,1046,938,1039,960,1032,986,993,1036,1012,1042,1032,1047,1058,1046,1083,1045,932,930,954,918,979,917,1004,933,978,933,952,933,1121,942,1150,930,1177,935,1202,954,1174,951,1147,947,958,1129,981,1097,1008,1082,1027,1088,1049,1086,1086,1109,1126,1146,1082,1167,1044,1171,1022,1170,999,1165,977,1155,973,1127,1006,1108,1026,1111,1047,1113,1109,1142,1046,1143,1025,1141,1004,1138
2772,h,1,1,831,831,1277,1277,92.4,892,980,884,1029,882,1081,883,1132,890,1181,906,1223,936,1257,974,1281,1024,1292,1082,1293,1145,1286,1202,1268,1246,1235,1276,1189,1295,1134,1308,1078,1322,1018,901,895,920,860,955,842,995,841,1030,858,1101,867,1143,856,1189,863,1229,886,1251,925,1056,917,1050,941,1043,963,1035,988,995,1038,1015,1044,1036,1050,1062,1049,1086,1048,933,936,955,920,982,920,1007,937,980,937,954,938,1120,947,1149,932,1178,937,1202,959,1174,956,1145,951,958,1131,982,1097,1009,1081,1028,1087,1050,1086,1087,1108,1127,1147,1083,1165,1046,1169,1022,1168,1000,1163,977,1154,972,1129,1007,1109,1027,1112,1048,1115,1110,1142,1047,1141,1026,1139,1005,1137
2773,h,1,1,831,831,1277,1277,92.43333333333334,892,980,884,1029,882,1081,883,1132,890,1181,906,1223,936,1257,974,1281,1024,1292,1082,1293,1145,1286,1202,1268,1246,1235,1276,1189,1295,1134,1308,1078,1322,1018,901,895,920,860,955,842,995,841,1030,858,1101,867,1143,856,1189,863,1229,886,1251,925,1056,917,1050,941,1043,963,1035,988,995,1038,1015,1044,1036,1050,1062,1049,1086,1048,933,936,955,920,982,920,1007,937,980,937,954,938,1120,947,1149,932,1178,937,1202,959,1174,956,1145,951,958,1131,982,1097,1009,1081,1028,1087,1050,1086,1087,1108,1127,1147,1083,1165,1046,1169,1022,1168,1000,1163,977,1154,972,1129,1007,1109,1027,1112,1048,1115,1110,1142,1047,1141,1026,1139,1005,1137
2774,h,1,1,831,831,1277,1277,92.46666666666667,896,975,889,1025,888,1076,888,1125,892,1175,906,1217,937,1251,975,1275,1025,1287,1085,1288,1149,1280,1207,1263,1252,1231,1281,1185,1301,1130,1313,1073,1326,1013,901,892,915,857,947,838,985,836,1019,851,1096,860,1139,848,1186,858,1226,883,1249,921,1047,913,1041,938,1033,961,1026,987,992,1036,1010,1042,1030,1048,1056,1047,1080,1045,932,932,953,918,979,917,1004,933,978,935,951,935,1116,943,1144,929,1174,934,1199,953,1170,952,1141,948,959,1129,983,1096,1009,1081,1026,1087,1046,1086,1083,1107,1125,1143,1080,1162,1040,1166,1019,1165,1000,1161,978,1152,973,1127,1007,1110,1025,1112,1044,1114,1109,1139,1042,1138,1023,1136,1004,1134
2775,h,1,1,831,831,1277,1277,92.5,900,964,892,1015,888,1067,886,1117,890,1168,903,1211,931,1246,970,1269,1024,1281,1085,1281,1148,1274,1206,1259,1251,1228,1280,1182,1298,1127,1312,1070,1326,1010,903,890,920,855,955,840,994,841,1028,858,1101,865,1143,853,1188,859,1229,880,1253,918,1056,916,1048,940,1040,962,1030,987,991,1036,1011,1043,1031,1049,1057,1048,1082,1046,934,933,955,921,981,920,1006,935,980,937,954,937,1122,944,1150,932,1178,937,1203,955,1175,954,1147,949,959,1129,980,1095,1005,1079,1023,1085,1043,1084,1080,1106,1122,1144,1077,1161,1040,1164,1018,1163,997,1159,975,1151,972,1127,1003,1108,1022,1110,1042,1113,1105,1139,1041,1136,1021,1134,1001,1132
2776,h,1,1,831,831,1277,1277,92.53333333333333,903,952,894,1001,889,1053,886,1104,888,1155,899,1201,925,1238,962,1265,1013,1280,1073,1283,1137,1277,1198,1260,1246,1229,1278,1181,1298,1125,1314,1065,1329,1003,908,876,928,848,963,841,999,846,1030,862,1104,869,1146,858,1191,863,1230,881,1255,914,1060,917,1052,939,1042,960,1032,984,993,1035,1012,1041,1032,1046,1058,1046,1082,1046,936,928,959,917,985,918,1008,933,983,934,957,934,1125,943,1153,931,1181,937,1206,954,1178,954,1150,949,959,1126,979,1093,1005,1078,1022,1085,1045,1084,1082,1106,1122,1144,1077,1163,1039,1166,1015,1165,995,1160,973,1150,971,1124,1003,1108,1021,1111,1043,1113,1106,1140,1041,1137,1019,1135,1000,1132
2777,h,1,1,831,831,1277,1277,92.56666666666666,903,952,894,1001,889,1053,886,1104,888,1155,899,1201,925,1238,962,1265,1013,1280,1073,1283,1137,1277,1198,1260,1246,1229,1278,1181,1298,1125,1314,1065,1329,1003,908,876,928,848,963,841,999,846,1030,862,1104,869,1146,858,1191,863,1230,881,1255,914,1060,917,1052,939,1042,960,1032,984,993,1035,1012,1041,1032,1046,1058,1046,1082,1046,936,928,959,917,985,918,1008,933,983,934,957,934,1125,943,1153,931,1181,937,1206,954,1178,954,1150,949,959,1126,979,1093,1005,1078,1022,1085,1045,1084,1082,1106,1122,1144,1077,1163,1039,1166,1015,1165,995,1160,973,1150,971,1124,1003,1108,1021,1111,1043,1113,1106,1140,1041,1137,1019,1135,1000,1132
2778,h,1,1,831,831,1277,1277,92.6,900,953,891,1003,886,1056,885,1108,886,1160,899,1205,926,1243,964,1271,1016,1286,1077,1288,1142,1280,1201,1264,1249,1233,1281,1186,1303,1130,1319,1072,1334,1012,905,877,924,846,960,835,999,839,1032,857,1104,865,1148,857,1194,861,1235,880,1259,916,1061,916,1052,939,1042,960,1031,985,993,1035,1012,1041,1031,1046,1057,1047,1082,1047,936,928,958,916,984,917,1009,933,983,934,956,934,1126,943,1155,932,1183,939,1208,957,1179,956,1151,951,957,1126,979,1093,1005,1077,1023,1085,1045,1084,1082,1107,1122,1145,1078,1165,1039,1169,1015,1167,994,1162,972,1151,970,1124,1002,1108,1021,1111,1043,1114,1106,1141,1041,1139,1019,1137,999,1134
2779,h,1,1,831,831,1277,1277,92.63333333333334,904,953,894,1004,889,1059,887,1113,889,1165,901,1211,928,1251,965,1280,1018,1294,1081,1294,1145,1282,1204,1262,1249,1229,1281,1180,1301,1125,1315,1067,1329,1007,907,875,926,844,961,835,999,838,1030,854,1106,861,1150,854,1194,858,1232,877,1254,914,1061,914,1052,937,1043,959,1033,984,992,1033,1011,1040,1032,1045,1058,1045,1082,1045,939,926,961,915,985,916,1009,929,984,931,959,931,1125,940,1153,930,1179,936,1202,954,1175,953,1149,948,957,1125,977,1091,1003,1077,1021,1085,1044,1085,1080,1106,1119,1144,1076,1163,1038,1167,1014,1165,993,1160,970,1149,969,1122,1002,1107,1020,1111,1042,1113,1103,1140,1040,1138,1018,1136,998,1132
2780,h,1,1,831,831,1277,1277,92.66666666666667,904,953,894,1004,889,1059,887,1113,889,1165,901,1211,928,1251,965,1280,1018,1294,1081,1294,1145,1282,1204,1262,1249,1229,1281,1180,1301,1125,1315,1067,1329,1007,907,875,926,844,961,835,999,838,1030,854,1106,861,1150,854,1194,858,1232,877,1254,914,1061,914,1052,937,1043,959,1033,984,992,1033,1011,1040,1032,1045,1058,1045,1082,1045,939,926,961,915,985,916,1009,929,984,931,959,931,1125,940,1153,930,1179,936,1202,954,1175,953,1149,948,957,1125,977,1091,1003,1077,1021,1085,1044,1085,1080,1106,1119,1144,1076,1163,1038,1167,1014,1165,993,1160,970,1149,969,1122,1002,1107,1020,1111,1042,1113,1103,1140,1040,1138,1018,1136,998,1132
2781,h,1,1,831,831,1277,1277,92.7,902,950,891,1001,886,1056,885,1110,887,1163,901,1209,928,1249,966,1279,1017,1293,1078,1293,1143,1284,1200,1267,1247,1235,1279,1188,1301,1132,1316,1074,1330,1013,912,878,930,849,964,841,1000,845,1031,862,1105,867,1147,857,1192,862,1232,879,1255,914,1058,915,1050,938,1040,959,1030,983,990,1033,1009,1040,1028,1045,1054,1045,1077,1044,940,928,961,917,985,917,1008,931,983,932,959,932,1125,940,1153,929,1179,935,1202,953,1175,951,1149,946,957,1125,977,1091,1002,1076,1019,1083,1042,1082,1077,1104,1116,1142,1074,1160,1037,1164,1014,1163,993,1159,972,1149,969,1123,1000,1107,1018,1109,1040,1112,1100,1138,1039,1135,1017,1133,998,1130
2782,h,1,1,831,831,1277,1277,92.73333333333333,904,948,893,999,888,1051,886,1103,886,1155,896,1200,922,1239,959,1268,1012,1284,1075,1286,1141,1278,1201,1261,1249,1231,1282,1184,1304,1129,1320,1071,1335,1011,910,876,930,847,964,839,1000,844,1032,860,1104,864,1150,856,1197,862,1238,881,1262,917,1059,916,1049,938,1038,959,1027,983,989,1031,1008,1039,1027,1044,1053,1044,1078,1043,936,927,958,915,984,917,1008,931,982,933,957,934,1125,942,1154,931,1182,938,1206,956,1178,955,1150,949,956,1125,977,1091,1001,1077,1018,1084,1040,1083,1075,1105,1115,1144,1072,1162,1035,1164,1012,1162,992,1158,970,1149,969,1123,999,1107,1017,1109,1038,1112,1098,1140,1036,1134,1015,1132,997,1128
2783,h,1,1,831,831,1277,1277,92.76666666666667,901,949,890,1000,885,1053,884,1106,886,1158,898,1204,925,1244,963,1273,1015,1287,1076,1288,1141,1280,1200,1264,1247,1234,1279,1188,1301,1133,1316,1075,1331,1015,912,877,930,848,963,840,998,844,1028,860,1103,865,1146,856,1192,862,1233,882,1255,918,1056,913,1047,936,1037,958,1026,982,991,1033,1008,1039,1027,1044,1052,1044,1076,1044,940,926,961,914,986,915,1009,931,985,932,960,932,1122,940,1149,928,1176,934,1200,952,1172,952,1145,947,955,1125,974,1091,999,1076,1017,1083,1039,1081,1074,1104,1112,1143,1070,1162,1035,1165,1012,1164,991,1160,969,1151,969,1123,998,1105,1016,1108,1037,1110,1095,1139,1036,1136,1015,1134,996,1131
2784,h,1,1,831,831,1277,1277,92.8,901,949,890,1000,885,1053,884,1106,886,1158,898,1204,925,1244,963,1273,1015,1287,1076,1288,1141,1280,1200,1264,1247,1234,1279,1188,1301,1133,1316,1075,1331,1015,912,877,930,848,963,840,998,844,1028,860,1103,865,1146,856,1192,862,1233,882,1255,918,1056,913,1047,936,1037,958,1026,982,991,1033,1008,1039,1027,1044,1052,1044,1076,1044,940,926,961,914,986,915,1009,931,985,932,960,932,1122,940,1149,928,1176,934,1200,952,1172,952,1145,947,955,1125,974,1091,999,1076,1017,1083,1039,1081,1074,1104,1112,1143,1070,1162,1035,1165,1012,1164,991,1160,969,1151,969,1123,998,1105,1016,1108,1037,1110,1095,1139,1036,1136,1015,1134,996,1131
2785,h,1,1,831,831,1277,1277,92.83333333333333,897,951,886,1001,882,1055,881,1108,884,1158,896,1202,925,1240,961,1267,1011,1282,1071,1285,1136,1279,1195,1264,1243,1234,1277,1188,1299,1134,1315,1076,1330,1015,906,874,927,844,962,838,1000,844,1032,861,1104,864,1148,857,1193,861,1233,880,1256,915,1058,914,1049,936,1039,956,1028,980,989,1029,1007,1036,1026,1040,1052,1041,1076,1041,936,923,959,913,984,914,1007,928,982,930,956,929,1123,940,1152,929,1179,936,1202,954,1174,953,1147,947,956,1122,975,1089,1000,1073,1017,1080,1038,1079,1074,1103,1112,1141,1070,1159,1033,1160,1009,1158,990,1154,969,1145,969,1120,998,1102,1015,1105,1036,1108,1096,1137,1035,1132,1013,1129,996,1126
2790,h,1,1,831,831,1277,1277,93.0,893,961,883,1010,878,1063,877,1116,881,1166,897,1210,923,1247,961,1273,1012,1285,1070,1285,1133,1277,1191,1262,1240,1233,1274,1188,1297,1133,1311,1076,1326,1017,899,884,919,850,954,836,994,839,1027,856,1101,861,1147,852,1193,858,1235,879,1257,919,1056,909,1047,932,1037,954,1027,978,989,1027,1007,1035,1026,1040,1052,1040,1076,1040,932,925,954,912,981,913,1005,928,979,929,953,929,1120,937,1148,926,1176,933,1200,952,1172,950,1145,945,950,1119,974,1086,1000,1071,1017,1077,1039,1077,1073,1099,1113,1138,1068,1152,1032,1153,1009,1152,989,1147,967,1139,963,1117,997,1098,1015,1101,1037,1104,1096,1133,1035,1126,1013,1122,994,1120
2793,h,1,1,831,831,1277,1277,93.1,885,964,876,1015,872,1067,872,1120,879,1172,895,1214,923,1250,962,1275,1014,1288,1074,1288,1136,1279,1195,1264,1241,1234,1273,1189,1294,1135,1309,1078,1323,1019,897,886,915,853,951,838,990,840,1025,857,1093,862,1139,852,1188,858,1230,880,1255,918,1052,910,1043,933,1033,955,1023,978,983,1032,1002,1038,1021,1043,1047,1044,1071,1043,926,930,948,918,975,917,1002,931,973,933,947,934,1115,940,1145,930,1174,936,1199,954,1169,953,1141,948,945,1126,968,1091,993,1076,1012,1082,1034,1081,1070,1103,1111,1145,1067,1157,1031,1157,1008,1155,986,1150,964,1144,959,1123,992,1106,1012,1108,1033,1110,1093,1139,1033,1127,1011,1124,991,1121
2794,h,1,1,831,831,1277,1277,93.13333333333334,888,963,883,1016,882,1069,884,1122,891,1172,907,1215,936,1249,973,1273,1023,1284,1080,1283,1143,1272,1200,1252,1245,1218,1273,1170,1291,1115,1303,1059,1317,1000,892,893,911,859,948,845,988,847,1025,863,1090,870,1134,857,1182,861,1224,882,1249,921,1050,911,1043,935,1035,959,1026,985,989,1036,1007,1042,1026,1046,1050,1046,1073,1045,926,930,948,918,976,918,1002,931,974,934,947,935,1113,939,1141,928,1170,933,1195,950,1167,951,1139,946,950,1123,974,1092,999,1077,1017,1083,1037,1082,1074,1103,1115,1141,1072,1157,1035,1161,1013,1159,993,1155,970,1146,963,1121,998,1101,1017,1104,1036,1106,1099,1136,1037,1136,1016,1134,997,1131
2795,h,1,1,831,831,1277,1277,93.16666666666667,888,963,883,1016,882,1069,884,1122,891,1172,907,1215,936,1249,973,1273,1023,1284,1080,1283,1143,1272,1200,1252,1245,1218,1273,1170,1291,1115,1303,1059,1317,1000,892,893,911,859,948,845,988,847,1025,863,1090,870,1134,857,1182,861,1224,882,1249,921,1050,911,1043,935,1035,959,1026,985,989,1036,1007,1042,1026,1046,1050,1046,1073,1045,926,930,948,918,976,918,1002,931,974,934,947,935,1113,939,1141,928,1170,933,1195,950,1167,951,1139,946,950,1123,974,1092,999,1077,1017,1083,1037,1082,1074,1103,1115,1141,1072,1157,1035,1161,1013,1159,993,1155,970,1146,963,1121,998,1101,1017,1104,1036,1106,1099,1136,1037,1136,1016,1134,997,1131
2798,h,1,1,831,831,1277,1277,93.26666666666667,885,958,877,1010,873,1065,874,1118,880,1170,896,1216,923,1254,962,1281,1014,1295,1075,1296,1138,1285,1194,1265,1239,1234,1272,1187,1294,1133,1309,1075,1323,1015,899,878,919,847,954,837,992,840,1025,857,1098,862,1142,853,1187,859,1228,877,1253,913,1054,910,1046,932,1036,953,1026,977,987,1029,1006,1036,1025,1041,1049,1042,1073,1042,929,926,952,914,977,915,1003,929,976,931,950,931,1119,939,1150,929,1178,936,1203,954,1174,953,1146,947,953,1127,972,1089,998,1072,1015,1079,1035,1079,1072,1103,1110,1147,1069,1166,1032,1169,1009,1167,989,1162,967,1151,967,1123,996,1103,1014,1106,1034,1109,1093,1141,1034,1137,1013,1134,994,1130
2799,h,1,1,831,831,1277,1277,93.3,885,958,877,1010,873,1065,874,1118,880,1170,896,1216,923,1254,962,1281,1014,1295,1075,1296,1138,1285,1194,1265,1239,1234,1272,1187,1294,1133,1309,1075,1323,1015,899,878,919,847,954,837,992,840,1025,857,1098,862,1142,853,1187,859,1228,877,1253,913,1054,910,1046,932,1036,953,1026,977,987,1029,1006,1036,1025,1041,1049,1042,1073,1042,929,926,952,914,977,915,1003,929,976,931,950,931,1119,939,1150,929,1178,936,1203,954,1174,953,1146,947,953,1127,972,1089,998,1072,1015,1079,1035,1079,1072,1103,1110,1147,1069,1166,1032,1169,1009,1167,989,1162,967,1151,967,1123,996,1103,1014,1106,1034,1109,1093,1141,1034,1137,1013,1134,994,1130
2800,h,1,1,831,831,1277,1277,93.33333333333333,889,965,880,1016,876,1071,876,1124,882,1176,895,1220,921,1258,957,1285,1010,1299,1071,1298,1134,1289,1191,1270,1237,1238,1269,1191,1291,1135,1306,1076,1322,1015,900,882,919,849,952,834,990,834,1023,849,1100,853,1143,845,1189,850,1229,873,1251,911,1054,908,1045,931,1035,953,1024,978,985,1028,1004,1035,1024,1040,1049,1040,1073,1040,929,929,950,916,976,915,1002,929,975,931,950,932,1118,937,1147,925,1175,930,1199,949,1171,948,1144,943,950,1132,967,1089,993,1071,1012,1077,1034,1077,1071,1102,1109,1149,1069,1174,1032,1180,1008,1179,986,1174,963,1161,964,1128,992,1101,1012,1103,1033,1106,1091,1144,1033,1149,1011,1146,991,1144
2802,h,1,1,831,831,1277,1277,93.4,896,957,887,1007,883,1059,883,1111,887,1162,899,1207,928,1246,967,1273,1019,1288,1080,1288,1145,1278,1204,1259,1248,1227,1279,1179,1299,1123,1313,1065,1327,1004,896,885,915,855,949,843,987,844,1020,860,1093,864,1136,853,1184,858,1226,879,1251,916,1049,913,1040,935,1030,956,1019,979,985,1032,1003,1038,1022,1043,1047,1043,1071,1044,924,931,946,917,973,917,1000,933,972,934,945,935,1117,941,1147,928,1176,933,1202,952,1172,952,1144,946,950,1129,969,1090,994,1074,1012,1080,1032,1079,1070,1103,1111,1147,1068,1166,1030,1169,1008,1168,988,1163,965,1151,964,1125,993,1105,1012,1107,1031,1111,1093,1142,1031,1137,1011,1134,992,1131
2803,h,1,1,831,831,1277,1277,93.43333333333334,896,957,887,1007,883,1059,883,1111,887,1162,899,1207,928,1246,967,1273,1019,1288,1080,1288,1145,1278,1204,1259,1248,1227,1279,1179,1299,1123,1313,1065,1327,1004,896,885,915,855,949,843,987,844,1020,860,1093,864,1136,853,1184,858,1226,879,1251,916,1049,913,1040,935,1030,956,1019,979,985,1032,1003,1038,1022,1043,1047,1043,1071,1044,924,931,946,917,973,917,1000,933,972,934,945,935,1117,941,1147,928,1176,933,1202,952,1172,952,1144,946,950,1129,969,1090,994,1074,1012,1080,1032,1079,1070,1103,1111,1147,1068,1166,1030,1169,1008,1168,988,1163,965,1151,964,1125,993,1105,1012,1107,1031,1111,1093,1142,1031,1137,1011,1134,992,1131
2805,h,1,1,831,831,1277,1277,93.5,893,972,886,1021,882,1071,882,1122,887,1172,900,1214,927,1248,964,1272,1016,1285,1076,1285,1139,1280,1198,1264,1243,1233,1274,1187,1295,1133,1310,1077,1325,1018,890,888,910,857,946,843,986,846,1021,862,1093,868,1139,857,1187,862,1230,880,1259,915,1050,916,1041,939,1032,962,1021,986,985,1039,1003,1045,1022,1049,1047,1049,1072,1050,923,935,946,923,973,922,1000,937,972,938,945,939,1118,946,1148,934,1178,940,1204,957,1174,957,1145,952,950,1129,972,1094,997,1078,1013,1085,1034,1084,1070,1108,1113,1148,1067,1161,1030,1160,1008,1158,989,1153,967,1146,964,1125,995,1106,1013,1109,1032,1113,1095,1144,1032,1132,1011,1129,993,1126
2806,h,1,1,831,831,1277,1277,93.53333333333333,892,966,886,1017,884,1070,884,1122,889,1172,903,1214,932,1248,969,1272,1021,1284,1079,1283,1142,1275,1200,1259,1245,1228,1277,1183,1297,1128,1310,1070,1324,1010,891,888,912,858,948,846,987,850,1021,866,1090,871,1136,860,1185,863,1229,880,1258,915,1050,920,1042,944,1032,967,1022,991,986,1041,1004,1047,1023,1052,1048,1052,1073,1051,923,938,945,925,973,925,1000,940,972,943,944,943,1117,948,1147,936,1177,942,1205,958,1174,959,1144,955,951,1136,971,1098,998,1080,1014,1087,1034,1086,1070,1110,1110,1152,1068,1169,1031,1171,1009,1169,990,1164,968,1156,965,1132,996,1110,1013,1112,1033,1115,1092,1147,1032,1140,1012,1137,995,1135
2807,h,1,1,831,831,1277,1277,93.56666666666666,892,966,886,1017,884,1070,884,1122,889,1172,903,1214,932,1248,969,1272,1021,1284,1079,1283,1142,1275,1200,1259,1245,1228,1277,1183,1297,1128,1310,1070,1324,1010,891,888,912,858,948,846,987,850,1021,866,1090,871,1136,860,1185,863,1229,880,1258,915,1050,920,1042,944,1032,967,1022,991,986,1041,1004,1047,1023,1052,1048,1052,1073,1051,923,938,945,925,973,925,1000,940,972,943,944,943,1117,948,1147,936,1177,942,1205,958,1174,959,1144,955,951,1136,971,1098,998,1080,1014,1087,1034,1086,1070,1110,1110,1152,1068,1169,1031,1171,1009,1169,990,1164,968,1156,965,1132,996,1110,1013,1112,1033,1115,1092,1147,1032,1140,1012,1137,995,1135
2808,h,1,1,858,858,1229,1229,93.6,894,963,888,1012,885,1061,885,1110,889,1156,903,1197,929,1231,964,1254,1010,1267,1063,1267,1118,1256,1166,1235,1206,1205,1235,1163,1256,1114,1273,1062,1288,1006,899,887,921,860,955,853,990,859,1021,873,1092,876,1129,865,1170,867,1208,882,1230,915,1049,925,1042,949,1033,973,1024,999,988,1044,1005,1050,1024,1056,1048,1056,1070,1055,927,935,951,921,979,922,1003,942,976,945,948,944,1107,949,1136,932,1164,936,1187,955,1162,958,1133,955,951,1126,973,1097,999,1083,1015,1090,1034,1089,1065,1110,1100,1144,1062,1164,1029,1167,1009,1166,990,1161,968,1149,965,1123,998,1111,1014,1114,1033,1117,1083,1140,1031,1133,1012,1131,995,1127
2809,h,1,1,831,831,1277,1277,93.63333333333334,893,972,887,1023,886,1076,888,1129,895,1180,912,1225,940,1261,975,1286,1024,1298,1081,1296,1140,1287,1195,1269,1239,1236,1270,1190,1291,1133,1305,1073,1318,1011,890,895,910,860,948,850,989,854,1023,873,1084,874,1129,862,1178,866,1222,885,1249,924,1046,924,1039,949,1031,973,1022,999,985,1049,1005,1055,1024,1059,1048,1059,1072,1059,923,940,946,927,974,928,999,943,972,947,944,947,1111,951,1141,938,1169,945,1194,964,1165,964,1137,959,965,1148,978,1105,998,1089,1015,1095,1035,1094,1068,1119,1104,1164,1066,1179,1032,1181,1011,1179,991,1174,974,1166,978,1143,997,1118,1014,1121,1034,1123,1087,1158,1033,1149,1013,1147,995,1143
2810,h,1,1,831,831,1277,1277,93.66666666666667,893,972,887,1023,886,1076,888,1129,895,1180,912,1225,940,1261,975,1286,1024,1298,1081,1296,1140,1287,1195,1269,1239,1236,1270,1190,1291,1133,1305,1073,1318,1011,890,895,910,860,948,850,989,854,1023,873,1084,874,1129,862,1178,866,1222,885,1249,924,1046,924,1039,949,1031,973,1022,999,985,1049,1005,1055,1024,1059,1048,1059,1072,1059,923,940,946,927,974,928,999,943,972,947,944,947,1111,951,1141,938,1169,945,1194,964,1165,964,1137,959,965,1148,978,1105,998,1089,1015,1095,1035,1094,1068,1119,1104,1164,1066,1179,1032,1181,1011,1179,991,1174,974,1166,978,1143,997,1118,1014,1121,1034,1123,1087,1158,1033,1149,1013,1147,995,1143
2811,h,1,1,858,858,1229,1229,93.7,893,970,888,1020,887,1070,889,1119,894,1166,909,1207,937,1239,971,1259,1017,1271,1071,1271,1128,1261,1180,1242,1221,1212,1250,1169,1270,1119,1286,1066,1300,1010,891,900,912,869,948,859,987,863,1021,878,1083,880,1125,869,1171,871,1213,891,1237,928,1047,931,1039,955,1031,979,1022,1006,986,1052,1004,1058,1023,1063,1047,1063,1070,1062,922,943,945,929,973,930,997,948,971,952,943,952,1109,955,1137,939,1167,943,1191,962,1165,966,1136,963,955,1137,975,1107,999,1093,1013,1101,1031,1099,1062,1121,1099,1156,1059,1170,1028,1171,1008,1170,991,1165,971,1155,969,1133,997,1122,1013,1126,1031,1128,1081,1151,1029,1138,1011,1136,995,1132
2812,h,1,1,858,858,1229,1229,93.73333333333333,900,969,892,1017,889,1067,890,1115,895,1162,909,1204,935,1237,969,1260,1014,1273,1069,1273,1127,1261,1178,1241,1218,1210,1247,1168,1266,1118,1283,1065,1297,1009,909,896,928,870,960,862,994,867,1023,881,1087,883,1126,872,1169,874,1208,892,1231,927,1049,932,1041,957,1032,981,1023,1007,989,1052,1006,1059,1024,1064,1047,1064,1070,1062,935,944,955,930,981,931,1004,949,979,952,953,952,1109,956,1136,940,1163,944,1186,963,1161,967,1134,964,961,1135,978,1106,1000,1094,1015,1101,1033,1100,1063,1120,1097,1154,1059,1169,1028,1169,1010,1167,993,1162,975,1152,974,1131,999,1122,1014,1125,1032,1127,1081,1149,1030,1138,1013,1136,997,1132
2813,h,1,1,831,831,1277,1277,93.76666666666667,892,971,886,1024,885,1079,888,1131,896,1182,914,1227,943,1261,979,1287,1028,1299,1083,1296,1143,1285,1198,1269,1243,1238,1276,1192,1296,1135,1311,1074,1325,1010,886,896,906,865,941,854,980,856,1014,872,1086,877,1131,866,1181,870,1226,887,1256,923,1044,928,1036,954,1028,979,1019,1007,986,1056,1003,1061,1021,1066,1045,1065,1069,1064,921,944,944,933,972,933,997,948,969,952,942,951,1112,955,1142,943,1172,949,1199,966,1169,968,1139,963,958,1149,973,1111,996,1096,1012,1102,1032,1100,1069,1124,1108,1166,1068,1186,1031,1190,1010,1188,991,1183,970,1173,971,1147,995,1124,1012,1127,1031,1129,1090,1161,1032,1157,1012,1154,995,1151
2814,h,1,1,831,831,1277,1277,93.8,892,971,886,1024,885,1079,888,1131,896,1182,914,1227,943,1261,979,1287,1028,1299,1083,1296,1143,1285,1198,1269,1243,1238,1276,1192,1296,1135,1311,1074,1325,1010,886,896,906,865,941,854,980,856,1014,872,1086,877,1131,866,1181,870,1226,887,1256,923,1044,928,1036,954,1028,979,1019,1007,986,1056,1003,1061,1021,1066,1045,1065,1069,1064,921,944,944,933,972,933,997,948,969,952,942,951,1112,955,1142,943,1172,949,1199,966,1169,968,1139,963,958,1149,973,1111,996,1096,1012,1102,1032,1100,1069,1124,1108,1166,1068,1186,1031,1190,1010,1188,991,1183,970,1173,971,1147,995,1124,1012,1127,1031,1129,1090,1161,1032,1157,1012,1154,995,1151
2815,h,1,1,858,858,1229,1229,93.83333333333333,898,964,890,1014,887,1065,888,1115,893,1163,908,1205,936,1236,969,1260,1014,1273,1068,1274,1125,1264,1178,1245,1221,1215,1253,1172,1275,1122,1292,1069,1308,1011,905,896,926,869,959,862,994,866,1025,881,1088,882,1129,872,1174,874,1215,893,1240,928,1050,934,1041,958,1032,981,1023,1007,988,1055,1005,1060,1023,1065,1047,1066,1070,1066,931,945,953,931,980,932,1004,951,978,953,951,953,1113,957,1140,941,1168,946,1192,964,1166,968,1138,964,959,1137,978,1109,1000,1095,1015,1102,1033,1100,1063,1121,1098,1156,1059,1169,1028,1170,1009,1168,992,1163,973,1154,973,1133,998,1124,1014,1128,1032,1130,1082,1151,1030,1137,1012,1135,996,1131
2816,h,1,1,858,858,1229,1229,93.86666666666666,895,966,889,1016,887,1068,889,1118,894,1168,907,1211,933,1245,967,1268,1015,1281,1071,1281,1128,1271,1179,1250,1221,1218,1252,1174,1272,1122,1289,1067,1304,1008,900,891,922,866,956,860,992,865,1023,881,1086,884,1126,871,1171,872,1211,890,1235,925,1048,930,1040,955,1032,980,1023,1006,988,1053,1005,1059,1023,1065,1047,1065,1070,1064,928,941,950,927,977,928,1001,947,975,951,948,950,1110,955,1138,938,1167,943,1191,963,1165,966,1136,962,957,1141,976,1110,1000,1096,1015,1103,1033,1101,1064,1123,1099,1160,1061,1175,1029,1176,1009,1174,992,1169,972,1159,971,1137,998,1127,1014,1130,1032,1133,1082,1155,1031,1141,1012,1139,996,1135
2817,h,1,1,831,831,1277,1277,93.9,889,977,884,1030,884,1084,887,1135,894,1186,909,1229,936,1266,971,1293,1022,1305,1079,1303,1139,1290,1195,1270,1241,1237,1271,1190,1292,1133,1305,1074,1318,1012,889,895,908,863,944,851,983,853,1016,870,1085,872,1129,861,1176,863,1218,880,1245,916,1045,923,1038,949,1031,973,1023,1000,985,1051,1004,1058,1023,1063,1048,1062,1071,1060,920,945,943,930,971,930,997,945,970,950,941,951,1108,951,1139,938,1168,943,1194,962,1166,965,1136,960,955,1148,974,1112,997,1094,1013,1100,1033,1099,1066,1123,1104,1164,1064,1180,1030,1180,1008,1179,989,1175,970,1168,968,1145,995,1126,1013,1129,1032,1131,1086,1160,1031,1144,1011,1142,994,1139
2818,h,1,1,831,831,1277,1277,93.93333333333334,889,977,884,1030,884,1084,887,1135,894,1186,909,1229,936,1266,971,1293,1022,1305,1079,1303,1139,1290,1195,1270,1241,1237,1271,1190,1292,1133,1305,1074,1318,1012,889,895,908,863,944,851,983,853,1016,870,1085,872,1129,861,1176,863,1218,880,1245,916,1045,923,1038,949,1031,973,1023,1000,985,1051,1004,1058,1023,1063,1048,1062,1071,1060,920,945,943,930,971,930,997,945,970,950,941,951,1108,951,1139,938,1168,943,1194,962,1166,965,1136,960,955,1148,974,1112,997,1094,1013,1100,1033,1099,1066,1123,1104,1164,1064,1180,1030,1180,1008,1179,989,1175,970,1168,968,1145,995,1126,1013,1129,1032,1131,1086,1160,1031,1144,1011,1142,994,1139
2819,h,1,1,831,831,1277,1277,93.96666666666667,895,971,888,1021,885,1073,886,1125,892,1176,908,1220,936,1258,972,1287,1023,1300,1080,1298,1141,1286,1196,1267,1242,1235,1273,1189,1293,1133,1308,1073,1320,1011,892,891,910,860,945,850,982,853,1014,867,1087,869,1131,860,1178,863,1219,879,1245,915,1046,920,1039,945,1031,970,1022,997,986,1046,1004,1053,1023,1057,1048,1057,1071,1056,925,939,946,926,973,926,997,940,971,943,946,944,1111,947,1139,935,1167,940,1193,957,1165,958,1137,954,958,1141,974,1105,996,1087,1013,1094,1032,1093,1067,1119,1105,1161,1065,1180,1029,1183,1008,1181,989,1176,970,1165,972,1138,995,1119,1012,1122,1031,1124,1087,1156,1031,1148,1011,1145,994,1142
2820,h,1,1,831,831,1277,1277,94.0,884,986,879,1036,878,1088,882,1138,892,1188,909,1231,937,1268,974,1295,1025,1308,1083,1305,1144,1294,1201,1273,1247,1240,1278,1192,1297,1133,1310,1072,1320,1010,886,901,900,864,934,843,973,840,1007,855,1080,861,1125,848,1175,853,1218,877,1243,918,1036,917,1030,942,1023,966,1016,993,982,1043,1000,1049,1020,1054,1045,1053,1070,1052,916,942,937,925,964,923,992,940,964,942,937,944,1105,945,1134,929,1164,933,1191,953,1161,953,1132,949,954,1145,971,1103,995,1085,1013,1090,1031,1089,1067,1114,1105,1159,1065,1181,1029,1187,1009,1186,988,1182,968,1170,969,1140,995,1116,1013,1119,1031,1120,1087,1153,1030,1153,1011,1151,992,1149
2821,h,1,1,831,831,1277,1277,94.03333333333333,884,980,877,1032,876,1085,881,1137,890,1188,905,1233,932,1271,968,1298,1020,1312,1080,1310,1142,1298,1199,1278,1245,1244,1277,1195,1299,1138,1313,1078,1326,1015,888,896,907,862,943,846,983,847,1018,862,1086,865,1131,854,1180,857,1224,876,1251,915,1046,917,1039,941,1030,964,1020,989,984,1042,1002,1048,1022,1052,1047,1052,1072,1050,919,941,942,927,969,925,997,939,969,942,942,944,1113,944,1144,933,1174,938,1201,956,1171,955,1141,951,955,1146,971,1102,995,1082,1013,1088,1033,1086,1069,1113,1107,1160,1068,1186,1032,1193,1009,1192,989,1187,967,1175,969,1142,995,1114,1013,1116,1033,1118,1089,1155,1033,1159,1012,1158,993,1155
2822,h,1,1,831,831,1277,1277,94.06666666666666,884,980,877,1032,876,1085,881,1137,890,1188,905,1233,932,1271,968,1298,1020,1312,1080,1310,1142,1298,1199,1278,1245,1244,1277,1195,1299,1138,1313,1078,1326,1015,888,896,907,862,943,846,983,847,1018,862,1086,865,1131,854,1180,857,1224,876,1251,915,1046,917,1039,941,1030,964,1020,989,984,1042,1002,1048,1022,1052,1047,1052,1072,1050,919,941,942,927,969,925,997,939,969,942,942,944,1113,944,1144,933,1174,938,1201,956,1171,955,1141,951,955,1146,971,1102,995,1082,1013,1088,1033,1086,1069,1113,1107,1160,1068,1186,1032,1193,1009,1192,989,1187,967,1175,969,1142,995,1114,1013,1116,1033,1118,1089,1155,1033,1159,1012,1158,993,1155
2823,h,1,1,831,831,1277,1277,94.1,891,970,885,1022,883,1076,887,1128,896,1180,912,1224,941,1263,978,1291,1030,1306,1089,1302,1153,1288,1209,1265,1254,1229,1285,1178,1303,1119,1316,1058,1328,993,888,893,907,861,940,848,978,849,1012,863,1086,867,1131,856,1177,858,1220,874,1250,909,1043,919,1036,942,1028,964,1019,988,986,1042,1004,1047,1023,1050,1047,1050,1069,1049,922,938,942,923,968,921,994,937,967,939,942,941,1113,942,1140,927,1169,932,1196,950,1166,950,1138,946,955,1145,971,1102,996,1081,1014,1087,1033,1085,1071,1111,1113,1154,1072,1185,1035,1193,1013,1194,991,1189,968,1176,970,1142,996,1114,1014,1115,1033,1117,1094,1151,1034,1158,1014,1157,995,1155
2824,h,1,1,831,831,1277,1277,94.13333333333334,890,968,883,1019,881,1074,884,1128,892,1182,908,1230,935,1272,973,1302,1027,1315,1086,1310,1147,1295,1203,1271,1247,1235,1278,1186,1297,1127,1310,1066,1322,1003,891,893,908,857,943,843,982,844,1017,859,1091,860,1135,852,1182,857,1223,878,1245,916,1048,914,1040,937,1031,960,1022,984,985,1037,1004,1044,1024,1048,1049,1047,1072,1046,926,933,948,921,973,920,998,934,973,936,947,937,1114,940,1142,928,1169,934,1194,952,1166,951,1139,946,956,1141,971,1098,996,1080,1015,1085,1037,1084,1075,1110,1113,1156,1074,1186,1037,1195,1012,1196,990,1190,967,1174,970,1138,995,1111,1014,1113,1036,1115,1095,1152,1037,1163,1014,1161,994,1157
2825,h,1,1,831,831,1277,1277,94.16666666666667,890,968,883,1019,881,1074,884,1128,892,1182,908,1230,935,1272,973,1302,1027,1315,1086,1310,1147,1295,1203,1271,1247,1235,1278,1186,1297,1127,1310,1066,1322,1003,891,893,908,857,943,843,982,844,1017,859,1091,860,1135,852,1182,857,1223,878,1245,916,1048,914,1040,937,1031,960,1022,984,985,1037,1004,1044,1024,1048,1049,1047,1072,1046,926,933,948,921,973,920,998,934,973,936,947,937,1114,940,1142,928,1169,934,1194,952,1166,951,1139,946,956,1141,971,1098,996,1080,1015,1085,1037,1084,1075,1110,1113,1156,1074,1186,1037,1195,1012,1196,990,1190,967,1174,970,1138,995,1111,1014,1113,1036,1115,1095,1152,1037,1163,1014,1161,994,1157
2826,h,1,1,831,831,1277,1277,94.2,881,965,877,1017,877,1072,881,1126,891,1177,909,1222,938,1261,977,1288,1031,1303,1091,1299,1155,1285,1211,1260,1255,1224,1284,1174,1302,1116,1314,1056,1326,993,891,891,909,860,943,845,981,844,1016,859,1091,862,1135,853,1182,858,1223,877,1249,912,1047,915,1040,939,1031,962,1023,987,987,1038,1005,1044,1025,1048,1049,1048,1072,1046,924,935,946,921,972,920,999,934,972,936,946,938,1112,940,1141,928,1170,933,1196,951,1166,950,1138,946,958,1138,973,1098,996,1080,1014,1086,1035,1085,1071,1109,1109,1152,1070,1176,1035,1181,1013,1181,992,1175,971,1163,972,1134,996,1111,1014,1113,1034,1115,1091,1147,1035,1150,1014,1148,995,1144
2827,h,1,1,831,831,1277,1277,94.23333333333333,882,962,876,1014,876,1068,879,1121,888,1171,906,1214,937,1250,975,1275,1026,1289,1085,1290,1148,1282,1206,1263,1252,1231,1282,1184,1302,1126,1314,1065,1327,1003,895,881,915,854,948,846,984,849,1016,863,1091,865,1134,856,1180,860,1221,877,1248,911,1048,918,1040,941,1031,963,1021,988,986,1038,1004,1045,1023,1049,1048,1049,1071,1048,925,933,947,921,973,921,998,936,972,939,946,939,1114,943,1141,931,1169,936,1195,954,1166,955,1139,950,958,1132,975,1097,997,1081,1015,1086,1035,1085,1071,1110,1112,1150,1071,1165,1035,1166,1013,1165,993,1160,973,1151,971,1129,997,1112,1015,1114,1035,1117,1095,1145,1035,1136,1015,1133,997,1130
2828,h,1,1,831,831,1277,1277,94.26666666666667,884,964,878,1016,878,1071,881,1125,890,1175,907,1218,937,1251,977,1273,1029,1284,1086,1283,1148,1274,1204,1257,1249,1225,1277,1177,1295,1121,1309,1062,1321,1001,895,890,913,858,948,845,986,847,1019,863,1088,865,1132,853,1180,856,1222,875,1248,912,1047,916,1040,940,1031,963,1022,988,986,1040,1005,1045,1024,1049,1049,1049,1073,1048,927,936,947,924,972,924,996,935,971,938,947,939,1115,941,1142,931,1170,936,1194,952,1166,952,1140,948,957,1131,975,1096,998,1081,1016,1087,1036,1085,1070,1107,1111,1145,1070,1156,1035,1155,1013,1154,993,1150,973,1144,970,1127,997,1110,1016,1113,1035,1115,1094,1140,1036,1126,1016,1124,996,1121
2829,h,1,1,831,831,1277,1277,94.3,884,964,878,1016,878,1071,881,1125,890,1175,907,1218,937,1251,977,1273,1029,1284,1086,1283,1148,1274,1204,1257,1249,1225,1277,1177,1295,1121,1309,1062,1321,1001,895,890,913,858,948,845,986,847,1019,863,1088,865,1132,853,1180,856,1222,875,1248,912,1047,916,1040,940,1031,963,1022,988,986,1040,1005,1045,1024,1049,1049,1049,1073,1048,927,936,947,924,972,924,996,935,971,938,947,939,1115,941,1142,931,1170,936,1194,952,1166,952,1140,948,957,1131,975,1096,998,1081,1016,1087,1036,1085,1070,1107,1111,1145,1070,1156,1035,1155,1013,1154,993,1150,973,1144,970,1127,997,1110,1016,1113,1035,1115,1094,1140,1036,1126,1016,1124,996,1121
2830,h,1,1,831,831,1277,1277,94.33333333333333,894,961,887,1012,885,1066,886,1117,890,1169,904,1212,931,1249,967,1275,1018,1287,1079,1287,1141,1279,1198,1262,1244,1230,1276,1184,1295,1127,1310,1067,1324,1005,896,888,914,856,950,845,988,849,1021,865,1090,867,1133,857,1180,859,1223,875,1249,910,1048,916,1040,940,1030,962,1021,987,984,1039,1002,1044,1021,1048,1046,1048,1071,1048,927,935,948,923,973,923,998,935,972,938,948,939,1116,941,1144,931,1171,937,1196,953,1168,953,1140,949,954,1129,973,1096,995,1081,1012,1087,1033,1085,1067,1107,1109,1144,1066,1155,1031,1155,1009,1153,989,1149,970,1143,968,1125,994,1110,1012,1112,1032,1114,1092,1139,1031,1124,1011,1123,993,1120
2831,h,1,1,831,831,1277,1277,94.36666666666666,886,964,878,1013,874,1067,874,1120,881,1171,896,1213,925,1248,965,1273,1018,1285,1078,1284,1141,1274,1198,1257,1245,1227,1277,1180,1296,1123,1309,1065,1321,1003,894,887,912,857,947,847,985,850,1020,863,1089,865,1134,856,1180,859,1222,876,1247,911,1048,918,1040,941,1031,963,1022,986,985,1038,1004,1043,1023,1048,1048,1048,1072,1047,924,936,946,924,972,924,997,938,971,941,945,941,1115,943,1144,931,1172,936,1196,953,1168,954,1141,950,954,1132,973,1094,997,1078,1015,1085,1036,1083,1070,1106,1110,1144,1068,1156,1032,1157,1010,1156,990,1152,969,1146,968,1127,996,1109,1014,1112,1035,1114,1092,1139,1034,1127,1013,1124,994,1122
2832,h,1,1,831,831,1277,1277,94.4,893,966,886,1016,883,1070,884,1122,889,1172,903,1214,932,1247,969,1269,1019,1280,1078,1280,1140,1273,1199,1257,1246,1228,1278,1181,1299,1125,1313,1066,1326,1005,894,890,911,857,946,845,984,847,1018,861,1091,864,1136,855,1183,858,1225,875,1252,910,1048,916,1040,939,1031,961,1021,985,985,1035,1004,1041,1022,1045,1048,1046,1073,1045,925,935,947,923,973,923,998,936,972,939,946,939,1116,942,1145,931,1173,937,1199,953,1169,953,1141,948,956,1126,974,1092,997,1077,1013,1083,1033,1082,1068,1104,1109,1142,1065,1155,1029,1155,1008,1154,989,1149,970,1143,969,1122,996,1105,1013,1108,1032,1110,1091,1137,1031,1126,1011,1124,993,1121
2833,h,1,1,831,831,1277,1277,94.43333333333334,893,966,886,1016,883,1070,884,1122,889,1172,903,1214,932,1247,969,1269,1019,1280,1078,1280,1140,1273,1199,1257,1246,1228,1278,1181,1299,1125,1313,1066,1326,1005,894,890,911,857,946,845,984,847,1018,861,1091,864,1136,855,1183,858,1225,875,1252,910,1048,916,1040,939,1031,961,1021,985,985,1035,1004,1041,1022,1045,1048,1046,1073,1045,925,935,947,923,973,923,998,936,972,939,946,939,1116,942,1145,931,1173,937,1199,953,1169,953,1141,948,956,1126,974,1092,997,1077,1013,1083,1033,1082,1068,1104,1109,1142,1065,1155,1029,1155,1008,1154,989,1149,970,1143,969,1122,996,1105,1013,1108,1032,1110,1091,1137,1031,1126,1011,1124,993,1121
2834,h,1,1,831,831,1277,1277,94.46666666666667,882,973,875,1025,872,1078,874,1130,883,1180,900,1221,932,1254,973,1274,1024,1283,1082,1282,1142,1274,1198,1258,1243,1227,1272,1181,1290,1126,1302,1069,1315,1009,891,893,909,859,944,846,984,846,1018,861,1088,865,1131,854,1177,857,1219,876,1242,914,1047,912,1040,936,1032,958,1024,983,986,1036,1004,1041,1024,1045,1049,1045,1073,1044,923,936,945,922,970,921,996,935,970,937,945,938,1111,941,1140,928,1168,933,1192,951,1164,950,1137,946,954,1128,974,1092,997,1077,1015,1083,1036,1081,1070,1102,1110,1140,1069,1152,1035,1154,1013,1152,992,1149,971,1143,968,1124,996,1106,1015,1109,1035,1110,1093,1135,1036,1125,1015,1123,996,1121
2835,h,1,1,831,831,1277,1277,94.5,889,977,882,1026,881,1077,882,1127,887,1175,901,1215,929,1247,968,1268,1017,1281,1075,1281,1136,1276,1194,1261,1240,1231,1272,1186,1293,1131,1308,1073,1323,1012,891,894,910,859,946,844,987,845,1022,860,1089,866,1135,855,1184,858,1229,876,1256,914,1049,913,1041,936,1032,959,1021,984,984,1034,1003,1040,1023,1044,1048,1045,1072,1044,921,936,945,924,971,923,999,936,971,939,944,940,1117,942,1149,931,1179,936,1206,953,1175,953,1146,948,954,1126,973,1091,995,1075,1013,1081,1034,1081,1070,1103,1112,1141,1069,1153,1033,1153,1011,1151,990,1146,971,1142,968,1122,994,1104,1013,1107,1034,1109,1095,1136,1034,1123,1013,1121,994,1118
2850,h,1,1,831,831,1277,1277,95.0,893,961,885,1011,882,1064,880,1116,883,1166,898,1209,926,1244,964,1269,1015,1281,1074,1281,1136,1273,1193,1258,1241,1230,1273,1184,1293,1129,1308,1070,1324,1009,894,891,912,856,949,843,989,846,1025,862,1093,867,1140,857,1188,860,1231,879,1257,918,1051,915,1043,938,1034,960,1024,985,986,1034,1004,1041,1024,1046,1049,1045,1074,1043,926,934,949,922,975,921,1000,933,974,937,948,938,1119,941,1148,930,1176,936,1201,953,1172,953,1144,949,953,1125,973,1093,998,1078,1015,1084,1035,1082,1069,1104,1109,1140,1066,1152,1031,1152,1009,1151,990,1147,969,1141,967,1122,996,1104,1014,1107,1034,1108,1092,1135,1033,1125,1013,1123,994,1121
2851,h,1,1,831,831,1277,1277,95.03333333333333,892,967,884,1018,882,1071,884,1123,889,1174,904,1217,933,1254,971,1276,1022,1286,1080,1285,1142,1277,1200,1261,1245,1230,1276,1184,1295,1128,1309,1071,1321,1010,892,893,910,860,946,846,986,848,1021,865,1091,870,1135,858,1183,861,1226,880,1251,917,1047,919,1040,941,1031,963,1022,986,986,1039,1005,1044,1024,1048,1049,1047,1074,1046,922,937,945,924,972,922,998,937,971,938,944,939,1115,944,1144,932,1172,936,1198,954,1169,953,1141,949,952,1131,972,1096,996,1079,1014,1084,1034,1083,1070,1105,1111,1143,1069,1160,1033,1165,1011,1164,991,1161,969,1153,965,1128,995,1108,1014,1110,1034,1112,1094,1139,1034,1136,1014,1135,994,1133
2852,h,1,1,831,831,1277,1277,95.06666666666666,892,967,884,1018,882,1071,884,1123,889,1174,904,1217,933,1254,971,1276,1022,1286,1080,1285,1142,1277,1200,1261,1245,1230,1276,1184,1295,1128,1309,1071,1321,1010,892,893,910,860,946,846,986,848,1021,865,1091,870,1135,858,1183,861,1226,880,1251,917,1047,919,1040,941,1031,963,1022,986,986,1039,1005,1044,1024,1048,1049,1047,1074,1046,922,937,945,924,972,922,998,937,971,938,944,939,1115,944,1144,932,1172,936,1198,954,1169,953,1141,949,952,1131,972,1096,996,1079,1014,1084,1034,1083,1070,1105,1111,1143,1069,1160,1033,1165,1011,1164,991,1161,969,1153,965,1128,995,1108,1014,1110,1034,1112,1094,1139,1034,1136,1014,1135,994,1133
2853,h,1,1,831,831,1277,1277,95.1,886,954,877,1007,873,1064,874,1119,881,1172,896,1217,924,1256,962,1282,1014,1295,1074,1293,1137,1283,1195,1265,1242,1233,1274,1187,1296,1129,1310,1069,1324,1007,894,886,914,853,950,842,990,846,1025,863,1095,867,1138,857,1186,862,1227,879,1251,915,1053,918,1045,941,1036,964,1026,989,986,1040,1006,1046,1026,1051,1051,1050,1076,1049,926,934,949,922,976,922,1002,936,975,938,948,939,1118,945,1148,933,1176,939,1202,956,1172,957,1144,952,954,1137,973,1100,998,1083,1017,1090,1039,1088,1074,1112,1112,1152,1071,1174,1035,1178,1011,1178,990,1173,968,1162,968,1134,997,1113,1016,1115,1038,1117,1095,1147,1037,1147,1015,1145,995,1142
2854,h,1,1,831,831,1277,1277,95.13333333333334,885,955,877,1010,873,1066,874,1121,880,1173,895,1218,925,1258,964,1284,1017,1297,1079,1295,1141,1286,1199,1266,1245,1235,1276,1188,1296,1130,1310,1071,1324,1008,898,886,918,854,954,843,994,845,1027,863,1099,868,1142,857,1188,861,1229,879,1251,916,1056,918,1048,942,1039,964,1030,989,989,1039,1008,1045,1028,1050,1054,1050,1078,1049,930,933,953,920,980,921,1003,936,978,939,951,939,1119,944,1147,932,1175,937,1198,956,1171,957,1144,952,957,1137,976,1100,1001,1084,1019,1091,1041,1090,1076,1112,1113,1152,1073,1171,1037,1174,1014,1174,993,1169,971,1159,971,1134,999,1113,1018,1116,1039,1118,1097,1147,1039,1145,1018,1143,997,1140
2855,h,1,1,831,831,1277,1277,95.16666666666667,885,955,877,1010,873,1066,874,1121,880,1173,895,1218,925,1258,964,1284,1017,1297,1079,1295,1141,1286,1199,1266,1245,1235,1276,1188,1296,1130,1310,1071,1324,1008,898,886,918,854,954,843,994,845,1027,863,1099,868,1142,857,1188,861,1229,879,1251,916,1056,918,1048,942,1039,964,1030,989,989,1039,1008,1045,1028,1050,1054,1050,1078,1049,930,933,953,920,980,921,1003,936,978,939,951,939,1119,944,1147,932,1175,937,1198,956,1171,957,1144,952,957,1137,976,1100,1001,1084,1019,1091,1041,1090,1076,1112,1113,1152,1073,1171,1037,1174,1014,1174,993,1169,971,1159,971,1134,999,1113,1018,1116,1039,1118,1097,1147,1039,1145,1018,1143,997,1140
2856,h,1,1,831,831,1277,1277,95.2,893,959,886,1012,884,1066,884,1118,889,1169,904,1213,931,1249,967,1275,1019,1288,1079,1289,1143,1281,1201,1264,1248,1233,1280,1186,1302,1130,1317,1071,1333,1009,895,887,915,855,952,843,991,847,1026,863,1098,869,1143,860,1190,864,1232,882,1259,917,1055,917,1047,939,1038,961,1028,986,990,1038,1009,1044,1028,1048,1054,1049,1078,1049,929,932,952,919,980,919,1004,935,978,938,951,937,1122,944,1152,932,1181,938,1207,956,1178,957,1149,952,958,1133,977,1097,1001,1081,1018,1088,1038,1087,1075,1110,1115,1150,1072,1170,1034,1173,1012,1172,993,1167,972,1157,972,1130,1000,1111,1017,1114,1037,1116,1098,1145,1036,1141,1016,1140,998,1136
2857,h,1,1,831,831,1277,1277,95.23333333333333,891,958,882,1010,880,1065,881,1118,886,1169,900,1213,927,1251,965,1279,1018,1293,1078,1294,1141,1285,1198,1269,1244,1238,1276,1193,1298,1137,1314,1078,1328,1016,898,886,917,852,954,841,994,846,1029,864,1099,869,1144,857,1192,861,1236,880,1262,917,1058,916,1049,938,1039,960,1029,983,990,1035,1009,1042,1029,1047,1054,1047,1079,1047,931,931,955,918,983,918,1009,935,981,937,953,937,1123,945,1154,932,1183,938,1209,957,1179,957,1150,952,958,1129,977,1094,1002,1079,1020,1086,1043,1084,1078,1108,1117,1148,1075,1166,1039,1168,1015,1167,993,1162,972,1152,972,1127,1000,1109,1019,1112,1041,1114,1101,1143,1041,1137,1018,1135,998,1132
2858,h,1,1,831,831,1277,1277,95.26666666666667,889,955,880,1007,877,1062,879,1115,885,1165,901,1209,930,1247,968,1275,1019,1289,1077,1289,1139,1278,1195,1259,1241,1226,1272,1180,1293,1124,1308,1065,1321,1003,900,885,920,852,957,841,996,845,1030,862,1098,868,1139,856,1186,859,1226,878,1252,915,1056,913,1048,937,1039,959,1030,984,990,1034,1009,1040,1029,1045,1054,1045,1078,1045,934,927,956,916,983,916,1006,930,981,933,954,933,1119,939,1147,928,1175,933,1199,951,1171,952,1144,947,959,1125,979,1092,1002,1077,1020,1084,1040,1082,1075,1105,1113,1142,1071,1157,1036,1160,1014,1158,994,1153,974,1144,973,1122,1000,1106,1019,1109,1038,1111,1097,1138,1038,1130,1018,1128,999,1124
2859,h,1,1,831,831,1277,1277,95.3,889,955,880,1007,877,1062,879,1115,885,1165,901,1209,930,1247,968,1275,1019,1289,1077,1289,1139,1278,1195,1259,1241,1226,1272,1180,1293,1124,1308,1065,1321,1003,900,885,920,852,957,841,996,845,1030,862,1098,868,1139,856,1186,859,1226,878,1252,915,1056,913,1048,937,1039,959,1030,984,990,1034,1009,1040,1029,1045,1054,1045,1078,1045,934,927,956,916,983,916,1006,930,981,933,954,933,1119,939,1147,928,1175,933,1199,951,1171,952,1144,947,959,1125,979,1092,1002,1077,1020,1084,1040,1082,1075,1105,1113,1142,1071,1157,1036,1160,1014,1158,994,1153,974,1144,973,1122,1000,1106,1019,1109,1038,1111,1097,1138,1038,1130,1018,1128,999,1124
2860,h,1,1,831,831,1277,1277,95.33333333333333,890,958,880,1010,876,1064,876,1117,882,1168,898,1213,928,1250,967,1277,1020,1289,1079,1288,1141,1279,1197,1261,1244,1231,1276,1185,1296,1130,1309,1073,1323,1013,900,886,920,852,958,841,998,844,1033,860,1099,863,1145,855,1192,860,1233,880,1256,918,1060,913,1052,936,1044,957,1034,981,993,1032,1012,1038,1032,1043,1057,1044,1081,1044,935,927,958,916,983,917,1007,929,982,931,956,931,1123,939,1152,929,1179,936,1202,953,1174,951,1148,946,957,1124,978,1090,1002,1075,1021,1082,1044,1082,1078,1104,1116,1142,1075,1155,1039,1156,1016,1154,994,1150,973,1143,970,1121,1001,1104,1021,1107,1042,1110,1099,1137,1041,1127,1019,1124,999,1122
2861,h,1,1,831,831,1277,1277,95.36666666666666,882,958,875,1010,872,1065,873,1118,882,1169,900,1211,930,1247,970,1272,1021,1284,1079,1284,1141,1274,1198,1257,1243,1226,1274,1181,1293,1126,1305,1067,1318,1006,895,891,914,855,951,840,992,841,1028,856,1099,862,1142,852,1188,858,1228,880,1251,918,1054,911,1047,935,1039,957,1030,982,990,1032,1009,1038,1028,1043,1053,1043,1078,1042,931,928,954,916,980,916,1004,930,979,933,953,933,1117,938,1146,926,1173,932,1197,950,1169,950,1142,945,957,1123,978,1091,1002,1076,1021,1082,1043,1081,1077,1103,1114,1140,1074,1152,1040,1152,1016,1150,994,1146,974,1139,971,1120,1000,1104,1020,1107,1041,1109,1098,1134,1042,1123,1020,1121,999,1117
2862,h,1,1,831,831,1277,1277,95.4,893,952,884,1005,881,1060,881,1115,886,1167,901,1212,928,1249,965,1275,1016,1288,1074,1289,1136,1279,1194,1263,1242,1232,1276,1186,1298,1130,1313,1071,1328,1010,899,882,920,850,957,839,996,843,1030,860,1102,866,1146,857,1193,862,1234,882,1259,919,1059,914,1050,937,1041,960,1031,986,992,1034,1011,1041,1030,1047,1055,1047,1079,1046,933,929,957,918,984,919,1008,932,982,935,955,935,1122,942,1152,932,1180,939,1205,957,1176,956,1148,950,955,1124,978,1092,1002,1077,1020,1084,1041,1083,1075,1105,1115,1141,1072,1154,1036,1155,1013,1153,992,1149,972,1142,969,1122,1000,1106,1019,1109,1040,1111,1098,1136,1038,1126,1017,1124,997,1121
2863,h,1,1,831,831,1277,1277,95.43333333333334,893,952,884,1005,881,1060,881,1115,886,1167,901,1212,928,1249,965,1275,1016,1288,1074,1289,1136,1279,1194,1263,1242,1232,1276,1186,1298,1130,1313,1071,1328,1010,899,882,920,850,957,839,996,843,1030,860,1102,866,1146,857,1193,862,1234,882,1259,919,1059,914,1050,937,1041,960,1031,986,992,1034,1011,1041,1030,1047,1055,1047,1079,1046,933,929,957,918,984,919,1008,932,982,935,955,935,1122,942,1152,932,1180,939,1205,957,1176,956,1148,950,955,1124,978,1092,1002,1077,1020,1084,1041,1083,1075,1105,1115,1141,1072,1154,1036,1155,1013,1153,992,1149,972,1142,969,1122,1000,1106,1019,1109,1040,1111,1098,1136,1038,1126,1017,1124,997,1121
2864,h,1,1,831,831,1277,1277,95.46666666666667,888,958,881,1011,877,1065,878,1120,884,1171,901,1214,932,1250,971,1274,1025,1286,1084,1285,1144,1276,1201,1260,1247,1231,1279,1186,1299,1130,1314,1072,1328,1011,900,885,919,852,955,840,994,844,1028,859,1101,865,1145,856,1191,861,1232,879,1258,914,1059,913,1051,937,1041,960,1032,984,994,1035,1012,1041,1031,1046,1055,1046,1078,1046,932,931,956,919,982,919,1006,933,980,935,954,936,1124,942,1153,931,1180,937,1204,955,1176,954,1149,949,956,1128,978,1094,1003,1080,1021,1086,1044,1085,1078,1106,1117,1143,1075,1154,1040,1154,1017,1153,996,1148,974,1142,970,1124,1001,1107,1020,1109,1042,1111,1100,1138,1042,1126,1020,1124,1000,1121
2865,h,1,1,831,831,1277,1277,95.5,887,960,879,1013,875,1068,877,1121,885,1171,902,1213,932,1248,971,1273,1022,1285,1081,1284,1142,1275,1199,1258,1246,1228,1277,1183,1297,1128,1311,1070,1325,1010,895,893,915,857,953,844,995,846,1031,862,1097,867,1143,857,1192,863,1234,885,1257,924,1057,916,1050,939,1041,961,1033,985,992,1039,1011,1045,1031,1049,1056,1050,1080,1050,931,932,955,919,982,919,1006,934,980,936,953,937,1119,943,1150,931,1178,937,1203,956,1174,954,1146,950,956,1126,979,1094,1003,1081,1021,1087,1043,1086,1077,1108,1116,1143,1073,1156,1038,1156,1015,1154,995,1150,974,1142,970,1123,1002,1107,1020,1111,1041,1112,1100,1139,1040,1127,1018,1125,999,1122
2866,h,1,1,831,831,1277,1277,95.53333333333333,874,967,868,1020,867,1075,871,1128,881,1177,900,1218,932,1251,972,1273,1024,1283,1082,1282,1143,1272,1200,1256,1244,1225,1274,1179,1292,1124,1305,1067,1317,1007,892,892,911,859,947,844,988,845,1024,859,1096,864,1139,855,1186,861,1226,881,1248,919,1053,915,1047,939,1040,962,1033,987,991,1038,1010,1044,1030,1048,1055,1048,1080,1048,927,933,949,922,975,922,999,934,973,936,948,936,1117,943,1146,932,1174,937,1198,953,1170,953,1143,949,956,1129,980,1096,1004,1081,1022,1088,1044,1087,1076,1109,1114,1145,1073,1155,1039,1155,1016,1153,995,1149,975,1143,970,1125,1002,1109,1021,1112,1042,1114,1098,1139,1041,1126,1020,1123,1000,1121
2867,h,1,1,831,831,1277,1277,95.56666666666666,874,967,868,1020,867,1075,871,1128,881,1177,900,1218,932,1251,972,1273,1024,1283,1082,1282,1143,1272,1200,1256,1244,1225,1274,1179,1292,1124,1305,1067,1317,1007,892,892,911,859,947,844,988,845,1024,859,1096,864,1139,855,1186,861,1226,881,1248,919,1053,915,1047,939,1040,962,1033,987,991,1038,1010,1044,1030,1048,1055,1048,1080,1048,927,933,949,922,975,922,999,934,973,936,948,936,1117,943,1146,932,1174,937,1198,953,1170,953,1143,949,956,1129,980,1096,1004,1081,1022,1088,1044,1087,1076,1109,1114,1145,1073,1155,1039,1155,1016,1153,995,1149,975,1143,970,1125,1002,1109,1021,1112,1042,1114,1098,1139,1041,1126,1020,1123,1000,1121
2868,h,1,1,831,831,1277,1277,95.6,880,973,873,1024,871,1078,874,1131,883,1181,901,1222,933,1256,973,1279,1027,1289,1085,1288,1147,1278,1204,1262,1248,1230,1277,1183,1295,1129,1306,1071,1318,1011,892,895,911,861,948,846,988,846,1025,861,1092,868,1136,857,1183,861,1226,879,1250,918,1051,915,1045,940,1038,963,1030,989,990,1040,1010,1046,1030,1050,1055,1050,1079,1049,926,937,949,924,975,922,999,937,974,938,948,940,1115,944,1145,931,1173,936,1197,954,1170,953,1142,949,956,1133,979,1099,1003,1083,1021,1090,1041,1088,1074,1110,1114,1147,1072,1160,1038,1160,1016,1159,996,1155,975,1149,970,1129,1001,1112,1020,1116,1040,1118,1097,1142,1040,1131,1019,1129,1000,1126
2869,h,1,1,831,831,1277,1277,95.63333333333334,893,957,886,1009,884,1064,884,1117,888,1168,903,1212,932,1247,969,1274,1021,1288,1079,1288,1141,1277,1200,1259,1246,1226,1277,1178,1297,1122,1312,1063,1325,1002,898,881,918,850,954,841,993,846,1026,863,1096,869,1140,858,1186,861,1228,877,1255,911,1055,921,1047,944,1037,966,1027,991,989,1040,1008,1047,1028,1052,1053,1052,1077,1052,929,933,952,922,980,922,1003,937,978,940,951,940,1122,947,1150,935,1179,940,1203,957,1176,959,1147,954,960,1134,978,1099,1002,1083,1018,1090,1038,1089,1074,1112,1113,1150,1071,1168,1034,1171,1013,1169,994,1164,973,1155,974,1130,1001,1114,1018,1117,1037,1119,1096,1145,1036,1140,1016,1137,999,1134
2870,h,1,1,831,831,1277,1277,95.66666666666667,893,957,886,1009,884,1064,884,1117,888,1168,903,1212,932,1247,969,1274,1021,1288,1079,1288,1141,1277,1200,1259,1246,1226,1277,1178,1297,1122,1312,1063,1325,1002,898,881,918,850,954,841,993,846,1026,863,1096,869,1140,858,1186,861,1228,877,1255,911,1055,921,1047,944,1037,966,1027,991,989,1040,1008,1047,1028,1052,1053,1052,1077,1052,929,933,952,922,980,922,1003,937,978,940,951,940,1122,947,1150,935,1179,940,1203,957,1176,959,1147,954,960,1134,978,1099,1002,1083,1018,1090,1038,1089,1074,1112,1113,1150,1071,1168,1034,1171,1013,1169,994,1164,973,1155,974,1130,1001,1114,1018,1117,1037,1119,1096,1145,1036,1140,1016,1137,999,1134
2871,h,1,1,831,831,1277,1277,95.7,875,969,870,1022,869,1076,874,1129,883,1179,902,1220,932,1255,970,1279,1021,1291,1078,1290,1140,1279,1198,1261,1245,1230,1275,1183,1294,1127,1308,1068,1322,1007,888,894,908,860,945,845,986,846,1022,860,1094,865,1139,855,1187,860,1229,880,1254,917,1052,918,1045,942,1037,964,1028,989,990,1042,1009,1048,1028,1052,1053,1051,1077,1050,923,938,947,926,974,924,1001,939,973,942,946,942,1117,946,1147,933,1176,938,1202,955,1173,956,1144,952,956,1136,977,1101,1002,1084,1020,1090,1041,1089,1075,1111,1114,1149,1073,1165,1039,1169,1016,1168,995,1164,973,1155,969,1132,1001,1113,1020,1116,1040,1118,1097,1144,1039,1138,1019,1137,999,1135
2872,h,1,1,831,831,1277,1277,95.73333333333333,884,967,877,1018,875,1071,876,1124,883,1174,898,1217,929,1253,968,1277,1022,1290,1082,1290,1145,1282,1204,1264,1249,1232,1279,1184,1298,1127,1311,1066,1323,1004,890,892,911,860,949,848,990,851,1026,868,1090,871,1134,860,1182,862,1225,880,1251,915,1051,917,1044,941,1036,964,1027,989,988,1041,1007,1048,1028,1052,1053,1052,1077,1051,925,937,947,927,973,926,1000,937,973,939,947,940,1118,944,1148,935,1176,940,1200,955,1172,954,1145,950,957,1133,978,1099,1002,1084,1020,1091,1042,1089,1075,1111,1116,1150,1073,1164,1038,1165,1015,1164,994,1160,973,1151,971,1130,1000,1112,1019,1116,1040,1118,1098,1145,1040,1136,1018,1134,999,1131
2873,h,1,1,831,831,1277,1277,95.76666666666667,881,968,876,1019,874,1072,875,1126,882,1177,899,1218,932,1252,973,1274,1025,1286,1084,1285,1147,1277,1204,1260,1249,1229,1278,1183,1296,1128,1309,1070,1323,1009,889,897,908,863,946,851,987,851,1023,866,1094,871,1139,859,1187,864,1229,882,1254,919,1052,920,1045,944,1037,966,1028,991,990,1043,1008,1048,1028,1052,1053,1052,1077,1052,924,941,946,927,974,926,1000,941,973,944,946,945,1119,948,1148,935,1176,940,1201,959,1173,958,1145,954,956,1132,978,1099,1003,1084,1020,1091,1041,1089,1077,1110,1118,1148,1076,1162,1040,1163,1017,1161,997,1157,974,1150,971,1128,1001,1112,1020,1115,1040,1117,1102,1143,1041,1134,1020,1131,1001,1128
2874,h,1,1,831,831,1277,1277,95.8,881,968,876,1019,874,1072,875,1126,882,1177,899,1218,932,1252,973,1274,1025,1286,1084,1285,1147,1277,1204,1260,1249,1229,1278,1183,1296,1128,1309,1070,1323,1009,889,897,908,863,946,851,987,851,1023,866,1094,871,1139,859,1187,864,1229,882,1254,919,1052,920,1045,944,1037,966,1028,991,990,1043,1008,1048,1028,1052,1053,1052,1077,1052,924,941,946,927,974,926,1000,941,973,944,946,945,1119,948,1148,935,1176,940,1201,959,1173,958,1145,954,956,1132,978,1099,1003,1084,1020,1091,1041,1089,1077,1110,1118,1148,1076,1162,1040,1163,1017,1161,997,1157,974,1150,971,1128,1001,1112,1020,1115,1040,1117,1102,1143,1041,1134,1020,1131,1001,1128
2875,h,1,1,831,831,1277,1277,95.83333333333333,891,961,884,1013,882,1066,883,1119,889,1170,905,1212,934,1246,972,1271,1021,1284,1078,1284,1139,1275,1197,1257,1243,1226,1275,1180,1296,1124,1310,1065,1323,1004,891,892,911,859,948,848,989,851,1023,867,1096,872,1141,861,1188,866,1229,885,1253,921,1054,920,1046,944,1038,967,1030,993,989,1042,1009,1049,1029,1053,1055,1053,1079,1052,925,936,949,924,977,924,1002,940,975,942,948,941,1118,947,1147,935,1175,940,1200,958,1171,958,1144,954,957,1130,979,1098,1003,1083,1021,1090,1041,1089,1077,1111,1117,1147,1074,1162,1038,1163,1016,1161,996,1157,974,1149,971,1128,1002,1111,1020,1114,1040,1116,1100,1143,1039,1134,1019,1132,1000,1128
2876,h,1,1,831,831,1277,1277,95.86666666666666,894,953,886,1005,882,1059,882,1112,886,1164,901,1208,931,1242,969,1265,1020,1278,1078,1279,1141,1272,1200,1257,1246,1227,1279,1181,1300,1125,1315,1065,1329,1003,895,883,916,853,952,844,991,849,1025,866,1094,872,1139,860,1187,863,1230,880,1258,914,1052,919,1044,942,1035,965,1025,990,989,1040,1007,1046,1026,1050,1051,1050,1076,1050,925,934,949,923,977,923,1002,938,974,941,947,940,1121,947,1152,935,1180,941,1206,957,1177,959,1148,954,956,1131,978,1098,1002,1082,1019,1089,1038,1087,1073,1109,1115,1146,1070,1161,1033,1161,1013,1159,994,1155,973,1149,969,1127,1001,1112,1018,1115,1037,1116,1099,1141,1035,1130,1016,1128,999,1125
2877,h,1,1,831,831,1277,1277,95.9,886,953,879,1005,877,1059,876,1112,881,1163,897,1206,927,1240,966,1264,1018,1277,1077,1277,1139,1269,1197,1254,1245,1224,1276,1180,1296,1124,1310,1066,1324,1005,894,885,914,855,950,845,988,848,1022,863,1095,868,1139,859,1186,865,1227,884,1253,918,1052,921,1045,944,1036,965,1027,989,989,1040,1007,1046,1027,1051,1052,1051,1076,1050,926,934,949,922,977,923,1003,939,975,941,948,941,1118,948,1147,935,1176,941,1201,960,1172,960,1144,955,957,1130,978,1098,1002,1082,1019,1089,1040,1088,1074,1110,1113,1146,1071,1161,1036,1161,1014,1159,995,1155,973,1148,970,1127,1001,1111,1019,1114,1039,1116,1096,1142,1037,1132,1017,1130,999,1127
2878,h,1,1,831,831,1277,1277,95.93333333333334,886,953,879,1005,877,1059,876,1112,881,1163,897,1206,927,1240,966,1264,1018,1277,1077,1277,1139,1269,1197,1254,1245,1224,1276,1180,1296,1124,1310,1066,1324,1005,894,885,914,855,950,845,988,848,1022,863,1095,868,1139,859,1186,865,1227,884,1253,918,1052,921,1045,944,1036,965,1027,989,989,1040,1007,1046,1027,1051,1052,1051,1076,1050,926,934,949,922,977,923,1003,939,975,941,948,941,1118,948,1147,935,1176,941,1201,960,1172,960,1144,955,957,1130,978,1098,1002,1082,1019,1089,1040,1088,1074,1110,1113,1146,1071,1161,1036,1161,1014,1159,995,1155,973,1148,970,1127,1001,1111,1019,1114,1039,1116,1096,1142,1037,1132,1017,1130,999,1127
2879,h,1,1,831,831,1277,1277,95.96666666666667,893,957,885,1008,881,1062,880,1116,885,1168,900,1213,929,1249,968,1274,1020,1287,1080,1287,1144,1281,1201,1263,1247,1230,1279,1183,1299,1128,1314,1070,1327,1009,896,884,916,854,951,844,989,846,1023,860,1096,866,1141,856,1187,862,1228,881,1253,917,1053,919,1045,943,1036,965,1027,990,988,1039,1007,1046,1027,1051,1053,1051,1078,1050,929,933,951,921,978,922,1002,936,976,939,950,939,1118,945,1146,933,1174,939,1198,956,1170,957,1143,952,955,1132,975,1097,1000,1082,1018,1090,1040,1088,1075,1110,1115,1148,1073,1164,1036,1166,1013,1164,992,1159,970,1150,969,1128,999,1111,1017,1114,1039,1116,1098,1143,1038,1138,1016,1135,996,1131
2880,h,1,1,831,831,1277,1277,96.0,875,964,868,1018,866,1072,869,1126,878,1176,896,1218,928,1253,967,1276,1017,1288,1074,1286,1135,1277,1193,1259,1240,1228,1271,1182,1291,1126,1306,1069,1319,1009,886,896,907,863,944,848,984,847,1021,862,1092,867,1136,855,1183,861,1225,880,1251,916,1049,919,1042,942,1034,965,1026,991,986,1043,1006,1048,1025,1052,1050,1052,1075,1051,920,938,943,925,970,924,996,939,969,941,942,942,1114,946,1145,932,1173,937,1198,955,1169,955,1141,950,951,1135,972,1100,998,1084,1016,1090,1037,1088,1072,1110,1111,1148,1070,1166,1035,1169,1014,1169,992,1165,969,1155,965,1132,997,1113,1016,1115,1036,1116,1094,1143,1036,1140,1016,1139,996,1136
2881,h,1,1,831,831,1277,1277,96.03333333333333,884,972,876,1022,874,1075,875,1126,882,1176,898,1218,930,1253,971,1277,1024,1290,1083,1289,1144,1280,1202,1262,1245,1230,1273,1184,1291,1129,1304,1071,1315,1010,888,897,904,861,938,841,978,838,1014,851,1088,857,1134,848,1183,857,1225,883,1248,924,1042,914,1036,937,1029,960,1021,984,983,1036,1002,1043,1023,1048,1049,1047,1074,1045,922,936,943,921,970,920,995,935,969,937,942,938,1110,944,1140,930,1169,935,1194,955,1166,954,1136,949,950,1133,971,1097,996,1080,1015,1086,1034,1085,1070,1108,1112,1148,1068,1163,1032,1166,1011,1164,990,1160,968,1151,965,1129,995,1110,1014,1113,1033,1115,1094,1143,1033,1135,1014,1133,994,1130
2882,h,1,1,831,831,1277,1277,96.06666666666666,884,972,876,1022,874,1075,875,1126,882,1176,898,1218,930,1253,971,1277,1024,1290,1083,1289,1144,1280,1202,1262,1245,1230,1273,1184,1291,1129,1304,1071,1315,1010,888,897,904,861,938,841,978,838,1014,851,1088,857,1134,848,1183,857,1225,883,1248,924,1042,914,1036,937,1029,960,1021,984,983,1036,1002,1043,1023,1048,1049,1047,1074,1045,922,936,943,921,970,920,995,935,969,937,942,938,1110,944,1140,930,1169,935,1194,955,1166,954,1136,949,950,1133,971,1097,996,1080,1015,1086,1034,1085,1070,1108,1112,1148,1068,1163,1032,1166,1011,1164,990,1160,968,1151,965,1129,995,1110,1014,1113,1033,1115,1094,1143,1033,1135,1014,1133,994,1130
2883,h,1,1,831,831,1277,1277,96.1,863,978,857,1030,857,1084,862,1137,874,1186,895,1225,930,1256,971,1275,1021,1286,1078,1286,1138,1279,1197,1263,1241,1230,1271,1183,1289,1128,1301,1070,1312,1009,885,903,903,867,939,849,981,848,1018,861,1089,865,1132,854,1178,859,1218,880,1241,918,1046,916,1040,939,1033,961,1026,986,983,1036,1004,1042,1025,1047,1051,1046,1076,1045,919,940,942,924,968,922,991,938,967,940,941,941,1111,944,1140,930,1168,934,1191,953,1165,952,1137,948,949,1128,973,1093,999,1078,1018,1084,1038,1083,1072,1106,1112,1143,1069,1158,1033,1159,1011,1158,990,1153,968,1145,963,1124,997,1104,1017,1107,1037,1110,1095,1138,1035,1131,1014,1128,994,1125
2884,h,1,1,831,831,1277,1277,96.13333333333334,880,960,871,1012,869,1066,870,1120,877,1170,894,1214,924,1249,963,1273,1016,1285,1074,1284,1135,1275,1193,1259,1239,1228,1271,1182,1292,1127,1306,1068,1320,1007,888,892,907,857,945,842,985,844,1019,860,1094,866,1137,855,1184,860,1226,879,1250,915,1051,914,1043,937,1035,960,1026,985,986,1035,1005,1041,1025,1046,1051,1046,1076,1045,924,935,947,922,973,922,999,936,972,938,946,939,1116,943,1145,932,1173,938,1197,956,1169,955,1141,950,951,1125,974,1092,999,1077,1017,1083,1038,1082,1072,1104,1114,1142,1069,1153,1033,1153,1011,1151,991,1148,969,1142,965,1122,998,1105,1016,1107,1037,1110,1097,1137,1035,1125,1015,1122,996,1120
2885,h,1,1,831,831,1277,1277,96.16666666666667,880,960,871,1012,869,1066,870,1120,877,1170,894,1214,924,1249,963,1273,1016,1285,1074,1284,1135,1275,1193,1259,1239,1228,1271,1182,1292,1127,1306,1068,1320,1007,888,892,907,857,945,842,985,844,1019,860,1094,866,1137,855,1184,860,1226,879,1250,915,1051,914,1043,937,1035,960,1026,985,986,1035,1005,1041,1025,1046,1051,1046,1076,1045,924,935,947,922,973,922,999,936,972,938,946,939,1116,943,1145,932,1173,938,1197,956,1169,955,1141,950,951,1125,974,1092,999,1077,1017,1083,1038,1082,1072,1104,1114,1142,1069,1153,1033,1153,1011,1151,991,1148,969,1142,965,1122,998,1105,1016,1107,1037,1110,1097,1137,1035,1125,1015,1122,996,1120
2886,h,1,1,831,831,1277,1277,96.2,882,952,874,1005,871,1059,871,1113,876,1165,892,1210,922,1246,961,1272,1014,1286,1074,1286,1137,1277,1195,1260,1242,1229,1274,1182,1294,1126,1309,1067,1322,1005,890,886,911,854,949,844,989,848,1024,865,1093,869,1137,856,1185,860,1228,877,1255,913,1051,915,1043,938,1034,961,1025,986,984,1035,1004,1042,1024,1047,1050,1046,1075,1045,925,932,949,922,976,921,1002,935,974,938,947,938,1115,943,1147,933,1175,939,1200,956,1171,956,1143,951,949,1125,972,1092,997,1076,1015,1082,1037,1081,1072,1103,1114,1140,1071,1155,1034,1155,1011,1154,991,1150,968,1144,963,1122,996,1104,1014,1107,1036,1109,1098,1136,1036,1125,1014,1123,995,1120
2887,h,1,1,831,831,1277,1277,96.23333333333333,888,961,880,1013,878,1067,878,1120,883,1171,899,1213,927,1247,966,1272,1017,1285,1076,1284,1138,1276,1195,1259,1240,1228,1271,1182,1292,1127,1306,1069,1320,1008,891,888,911,854,949,841,990,844,1026,860,1095,865,1139,854,1187,858,1229,877,1254,914,1053,915,1045,937,1036,958,1027,982,987,1035,1006,1040,1026,1044,1052,1045,1076,1045,927,932,950,919,978,919,1004,934,976,936,949,937,1115,941,1145,929,1174,934,1199,952,1170,953,1142,948,952,1125,973,1091,998,1075,1016,1081,1036,1080,1070,1103,1111,1140,1068,1155,1033,1155,1011,1154,991,1150,969,1144,965,1121,997,1103,1015,1106,1035,1108,1094,1136,1035,1126,1014,1124,995,1121
2888,h,1,1,831,831,1277,1277,96.26666666666667,886,953,875,1006,871,1062,871,1118,879,1171,897,1215,924,1252,961,1277,1013,1290,1071,1289,1133,1281,1191,1264,1239,1233,1273,1188,1295,1132,1310,1072,1325,1010,897,882,918,850,955,840,995,843,1030,859,1094,863,1139,854,1186,859,1229,878,1253,914,1053,912,1044,936,1033,958,1023,982,983,1033,1002,1039,1022,1044,1049,1044,1074,1043,929,931,952,918,979,918,1005,932,978,935,951,936,1115,940,1146,928,1174,935,1198,954,1169,953,1141,947,950,1128,970,1093,996,1077,1015,1082,1037,1081,1071,1102,1109,1142,1069,1157,1034,1161,1011,1161,990,1157,967,1149,964,1124,995,1104,1014,1107,1035,1108,1092,1137,1036,1132,1014,1130,994,1128
2889,h,1,1,831,831,1277,1277,96.3,886,953,875,1006,871,1062,871,1118,879,1171,897,1215,924,1252,961,1277,1013,1290,1071,1289,1133,1281,1191,1264,1239,1233,1273,1188,1295,1132,1310,1072,1325,1010,897,882,918,850,955,840,995,843,1030,859,1094,863,1139,854,1186,859,1229,878,1253,914,1053,912,1044,936,1033,958,1023,982,983,1033,1002,1039,1022,1044,1049,1044,1074,1043,929,931,952,918,979,918,1005,932,978,935,951,936,1115,940,1146,928,1174,935,1198,954,1169,953,1141,947,950,1128,970,1093,996,1077,1015,1082,1037,1081,1071,1102,1109,1142,1069,1157,1034,1161,1011,1161,990,1157,967,1149,964,1124,995,1104,1014,1107,1035,1108,1092,1137,1036,1132,1014,1130,994,1128
2890,h,1,1,831,831,1277,1277,96.33333333333333,888,964,880,1017,876,1071,877,1125,883,1176,900,1219,929,1253,968,1276,1019,1288,1077,1288,1138,1281,1196,1265,1242,1234,1273,1187,1293,1131,1308,1073,1321,1012,893,889,912,852,951,838,992,841,1028,857,1097,862,1144,854,1192,858,1234,879,1257,918,1055,911,1047,934,1038,956,1029,980,988,1032,1007,1039,1027,1043,1052,1044,1077,1043,929,929,952,917,979,917,1005,931,978,933,951,934,1119,939,1150,929,1179,936,1203,953,1175,952,1146,947,954,1126,975,1090,1000,1074,1018,1081,1041,1080,1076,1103,1115,1142,1073,1156,1036,1157,1012,1156,991,1151,969,1145,967,1122,998,1103,1017,1106,1039,1108,1098,1137,1038,1127,1016,1125,995,1122
2894,h,1,1,831,831,1277,1277,96.46666666666667,897,952,888,1005,885,1059,884,1114,888,1165,903,1208,931,1244,968,1270,1019,1283,1078,1284,1140,1276,1196,1259,1242,1229,1275,1183,1296,1128,1311,1070,1326,1009,900,884,920,853,957,842,996,847,1029,863,1095,867,1140,857,1188,863,1231,883,1257,921,1055,914,1046,937,1036,960,1026,984,989,1033,1007,1040,1026,1044,1050,1046,1074,1046,932,926,955,916,982,917,1007,931,980,933,954,933,1120,941,1149,930,1177,937,1202,955,1174,954,1146,949,956,1120,978,1088,1001,1074,1017,1082,1038,1081,1074,1103,1114,1140,1071,1153,1034,1151,1012,1148,994,1144,973,1136,969,1116,1000,1102,1016,1105,1036,1108,1099,1135,1036,1124,1015,1120,998,1117
2895,h,1,1,831,831,1277,1277,96.5,893,962,886,1013,885,1067,884,1119,889,1169,905,1211,934,1244,971,1267,1021,1278,1078,1278,1137,1269,1192,1255,1238,1226,1271,1181,1292,1128,1307,1070,1322,1010,894,889,915,855,952,842,994,845,1030,861,1093,866,1137,855,1185,860,1227,880,1251,919,1054,915,1046,938,1037,960,1028,985,988,1037,1007,1042,1027,1046,1053,1047,1077,1047,929,932,952,919,979,919,1004,935,977,938,950,937,1116,943,1145,930,1173,935,1197,953,1169,954,1142,949,955,1126,977,1093,1000,1077,1017,1084,1038,1082,1071,1104,1111,1142,1069,1153,1034,1153,1013,1152,993,1148,972,1142,969,1122,999,1104,1017,1108,1037,1110,1094,1136,1036,1124,1016,1122,997,1120
2896,h,1,1,831,831,1277,1277,96.53333333333333,881,972,875,1023,873,1077,876,1130,885,1180,902,1223,932,1257,971,1281,1024,1292,1082,1291,1142,1281,1197,1263,1242,1232,1273,1185,1294,1131,1306,1074,1318,1013,891,894,909,859,946,842,987,842,1024,858,1092,863,1136,852,1183,858,1225,879,1249,919,1051,915,1045,939,1038,962,1031,987,989,1037,1008,1043,1028,1048,1054,1048,1079,1046,925,935,948,923,973,922,998,935,972,937,947,938,1115,943,1144,931,1172,937,1196,955,1168,953,1141,949,954,1133,976,1096,1000,1079,1019,1086,1041,1085,1075,1107,1111,1148,1071,1162,1036,1164,1013,1163,992,1159,971,1151,968,1128,999,1107,1018,1110,1040,1113,1094,1142,1038,1135,1017,1133,996,1131
2897,h,1,1,831,831,1277,1277,96.56666666666666,881,972,875,1023,873,1077,876,1130,885,1180,902,1223,932,1257,971,1281,1024,1292,1082,1291,1142,1281,1197,1263,1242,1232,1273,1185,1294,1131,1306,1074,1318,1013,891,894,909,859,946,842,987,842,1024,858,1092,863,1136,852,1183,858,1225,879,1249,919,1051,915,1045,939,1038,962,1031,987,989,1037,1008,1043,1028,1048,1054,1048,1079,1046,925,935,948,923,973,922,998,935,972,937,947,938,1115,943,1144,931,1172,937,1196,955,1168,953,1141,949,954,1133,976,1096,1000,1079,1019,1086,1041,1085,1075,1107,1111,1148,1071,1162,1036,1164,1013,1163,992,1159,971,1151,968,1128,999,1107,1018,1110,1040,1113,1094,1142,1038,1135,1017,1133,996,1131
2898,h,1,1,831,831,1277,1277,96.6,879,963,872,1017,870,1072,874,1127,883,1177,901,1221,932,1259,970,1284,1023,1296,1082,1294,1142,1283,1198,1264,1243,1231,1274,1184,1295,1128,1308,1070,1321,1009,893,890,913,856,950,842,991,844,1027,860,1095,865,1138,856,1185,862,1226,881,1250,917,1053,917,1046,941,1039,964,1031,989,989,1040,1009,1046,1029,1050,1054,1051,1079,1050,925,937,948,925,974,924,1000,937,973,940,946,941,1116,945,1147,935,1175,940,1199,958,1171,957,1143,952,956,1135,976,1098,1001,1082,1019,1088,1039,1087,1074,1110,1110,1150,1071,1167,1036,1171,1014,1170,994,1166,972,1156,970,1131,1000,1109,1018,1113,1038,1115,1094,1144,1037,1142,1017,1140,998,1137
2899,h,1,1,831,831,1277,1277,96.63333333333334,877,973,871,1026,871,1081,875,1134,885,1185,903,1228,934,1262,972,1286,1023,1298,1081,1297,1142,1287,1199,1269,1243,1237,1274,1190,1294,1134,1307,1076,1320,1013,889,896,907,861,944,844,984,843,1020,856,1090,862,1136,852,1184,858,1227,881,1250,921,1050,916,1044,940,1037,963,1030,988,988,1042,1008,1048,1028,1052,1054,1051,1078,1050,924,940,946,925,972,924,998,938,971,941,945,942,1114,945,1144,933,1172,939,1196,958,1168,956,1140,952,955,1138,976,1101,1001,1085,1018,1091,1039,1090,1074,1113,1112,1152,1071,1171,1036,1175,1014,1174,993,1169,972,1160,968,1134,999,1112,1017,1116,1037,1117,1095,1147,1038,1145,1017,1143,998,1140
2900,h,1,1,831,831,1277,1277,96.66666666666667,877,973,871,1026,871,1081,875,1134,885,1185,903,1228,934,1262,972,1286,1023,1298,1081,1297,1142,1287,1199,1269,1243,1237,1274,1190,1294,1134,1307,1076,1320,1013,889,896,907,861,944,844,984,843,1020,856,1090,862,1136,852,1184,858,1227,881,1250,921,1050,916,1044,940,1037,963,1030,988,988,1042,1008,1048,1028,1052,1054,1051,1078,1050,924,940,946,925,972,924,998,938,971,941,945,942,1114,945,1144,933,1172,939,1196,958,1168,956,1140,952,955,1138,976,1101,1001,1085,1018,1091,1039,1090,1074,1113,1112,1152,1071,1171,1036,1175,1014,1174,993,1169,972,1160,968,1134,999,1112,1017,1116,1037,1117,1095,1147,1038,1145,1017,1143,998,1140
2901,h,1,1,831,831,1277,1277,96.7,892,965,886,1016,885,1070,886,1122,891,1173,905,1217,933,1255,970,1280,1022,1294,1080,1294,1142,1286,1198,1268,1245,1237,1277,1189,1299,1134,1314,1075,1327,1013,893,889,914,856,952,844,993,847,1028,865,1092,869,1137,858,1186,863,1229,882,1254,920,1055,920,1047,945,1038,969,1029,995,989,1045,1009,1052,1028,1056,1054,1056,1078,1055,926,937,949,925,977,925,1005,939,976,942,948,942,1117,947,1148,935,1178,941,1204,957,1175,958,1145,954,958,1135,978,1101,1002,1085,1019,1092,1038,1090,1073,1114,1113,1152,1069,1170,1034,1173,1013,1172,993,1167,973,1156,972,1131,1000,1114,1018,1117,1037,1119,1095,1147,1036,1141,1016,1139,998,1136
2902,h,1,1,831,831,1277,1277,96.73333333333333,883,967,875,1020,871,1075,873,1128,881,1179,898,1221,927,1256,962,1282,1014,1297,1074,1297,1135,1288,1194,1272,1242,1242,1275,1196,1295,1140,1309,1082,1323,1021,896,885,916,853,952,842,991,844,1024,860,1096,864,1141,856,1188,859,1230,878,1253,916,1054,919,1047,944,1038,967,1028,992,988,1043,1007,1049,1026,1054,1051,1054,1076,1054,928,936,952,923,978,923,1003,938,977,941,950,941,1119,947,1148,935,1177,941,1202,960,1173,959,1145,955,953,1133,974,1099,1000,1084,1017,1091,1039,1090,1074,1115,1112,1155,1069,1173,1033,1174,1010,1171,989,1165,968,1155,968,1130,998,1113,1016,1117,1037,1119,1094,1150,1035,1143,1014,1138,995,1134
2905,h,1,1,831,831,1277,1277,96.83333333333333,893,969,888,1022,888,1077,889,1129,894,1180,911,1223,939,1256,975,1280,1025,1293,1081,1293,1141,1284,1197,1268,1241,1238,1274,1191,1295,1135,1311,1077,1325,1014,894,890,914,858,950,845,989,849,1023,866,1094,872,1139,860,1188,864,1231,884,1258,922,1051,919,1044,944,1035,968,1026,994,988,1043,1006,1049,1025,1054,1050,1054,1074,1053,927,936,950,924,978,925,1002,940,975,943,948,943,1115,949,1145,937,1174,943,1200,960,1170,962,1141,957,961,1138,976,1099,1000,1083,1016,1090,1036,1089,1071,1113,1109,1155,1069,1174,1032,1176,1011,1174,992,1169,973,1159,975,1135,998,1112,1015,1114,1034,1117,1092,1150,1034,1146,1014,1143,997,1139
2906,h,1,1,831,831,1277,1277,96.86666666666666,889,959,884,1013,883,1068,884,1121,891,1172,907,1215,936,1249,972,1274,1022,1288,1079,1287,1140,1278,1197,1261,1243,1229,1274,1183,1296,1127,1312,1068,1326,1005,896,885,915,855,950,844,988,846,1019,862,1094,869,1138,860,1186,864,1228,881,1256,915,1050,920,1042,944,1034,968,1025,994,988,1044,1006,1049,1024,1054,1048,1053,1072,1053,926,935,949,923,977,923,1002,939,974,942,947,941,1115,948,1145,937,1174,942,1200,959,1171,962,1142,957,957,1135,975,1099,999,1083,1016,1089,1036,1087,1071,1110,1107,1153,1068,1169,1032,1172,1011,1170,991,1166,971,1157,972,1133,997,1110,1015,1113,1035,1115,1091,1148,1034,1141,1014,1139,996,1136
2907,h,1,1,831,831,1277,1277,96.9,889,972,882,1023,881,1076,882,1127,889,1177,906,1218,936,1252,974,1276,1025,1290,1083,1290,1144,1281,1201,1264,1246,1234,1278,1189,1299,1134,1313,1076,1326,1015,892,890,912,859,949,845,989,848,1023,865,1091,871,1136,860,1186,865,1231,884,1259,921,1050,920,1042,944,1034,968,1025,993,987,1043,1006,1049,1025,1053,1050,1053,1075,1052,923,936,947,925,974,924,1000,938,972,941,945,941,1118,948,1148,938,1177,944,1203,961,1173,962,1144,957,956,1134,976,1099,1000,1082,1016,1089,1036,1087,1072,1112,1112,1154,1070,1168,1033,1169,1012,1166,993,1162,972,1154,971,1132,998,1112,1016,1114,1035,1117,1095,1149,1035,1138,1015,1135,997,1132
2908,h,1,1,831,831,1277,1277,96.93333333333334,889,972,882,1023,881,1076,882,1127,889,1177,906,1218,936,1252,974,1276,1025,1290,1083,1290,1144,1281,1201,1264,1246,1234,1278,1189,1299,1134,1313,1076,1326,1015,892,890,912,859,949,845,989,848,1023,865,1091,871,1136,860,1186,865,1231,884,1259,921,1050,920,1042,944,1034,968,1025,993,987,1043,1006,1049,1025,1053,1050,1053,1075,1052,923,936,947,925,974,924,1000,938,972,941,945,941,1118,948,1148,938,1177,944,1203,961,1173,962,1144,957,956,1134,976,1099,1000,1082,1016,1089,1036,1087,1072,1112,1112,1154,1070,1168,1033,1169,1012,1166,993,1162,972,1154,971,1132,998,1112,1016,1114,1035,1117,1095,1149,1035,1138,1015,1135,997,1132
2909,h,1,1,831,831,1277,1277,96.96666666666667,894,969,886,1020,883,1072,883,1124,887,1174,902,1216,932,1250,970,1275,1024,1288,1083,1287,1146,1278,1202,1262,1248,1232,1278,1187,1298,1132,1312,1075,1325,1014,891,893,909,860,946,844,986,845,1022,861,1096,867,1142,857,1191,862,1233,883,1258,922,1051,919,1043,943,1034,966,1025,991,986,1040,1005,1047,1025,1051,1051,1051,1075,1050,924,938,947,925,974,924,1001,939,973,942,946,943,1117,948,1148,936,1177,942,1203,960,1173,960,1144,955,954,1133,976,1098,1000,1081,1016,1087,1035,1085,1070,1110,1110,1151,1068,1166,1032,1167,1011,1165,992,1160,971,1153,968,1129,998,1111,1015,1113,1034,1116,1092,1145,1033,1135,1014,1132,996,1129
2910,h,1,1,831,831,1277,1277,97.0,872,970,866,1023,865,1077,871,1130,881,1181,899,1224,931,1259,970,1283,1020,1295,1077,1293,1138,1285,1197,1267,1243,1235,1273,1189,1293,1134,1307,1076,1320,1014,888,894,910,861,947,847,987,848,1023,863,1092,868,1136,857,1184,861,1226,879,1251,916,1049,916,1042,940,1034,963,1026,988,987,1041,1006,1046,1026,1050,1050,1049,1074,1049,922,939,945,925,971,924,997,938,970,940,943,941,1113,944,1143,932,1171,937,1196,955,1167,954,1139,949,952,1135,974,1099,998,1081,1015,1086,1035,1085,1070,1109,1111,1149,1068,1169,1032,1172,1011,1171,991,1166,969,1157,966,1131,997,1110,1015,1112,1034,1114,1092,1144,1033,1140,1014,1138,995,1135
2911,h,1,1,831,831,1277,1277,97.03333333333333,884,971,878,1022,878,1077,881,1130,890,1181,906,1225,936,1261,975,1285,1026,1296,1083,1294,1145,1284,1202,1265,1245,1234,1275,1187,1295,1133,1308,1076,1320,1015,893,891,913,858,949,844,989,847,1023,865,1091,870,1132,857,1179,860,1222,878,1247,914,1048,920,1041,943,1033,965,1024,990,988,1043,1006,1048,1026,1051,1050,1051,1074,1050,926,938,948,923,974,922,1000,939,973,942,946,943,1113,946,1141,931,1169,935,1195,954,1166,954,1138,950,954,1138,974,1102,998,1083,1015,1088,1034,1086,1069,1110,1111,1148,1069,1168,1034,1172,1014,1171,994,1168,972,1159,968,1135,998,1114,1015,1116,1033,1118,1093,1144,1034,1141,1016,1139,997,1137
2912,h,1,1,831,831,1277,1277,97.06666666666666,884,971,878,1022,878,1077,881,1130,890,1181,906,1225,936,1261,975,1285,1026,1296,1083,1294,1145,1284,1202,1265,1245,1234,1275,1187,1295,1133,1308,1076,1320,1015,893,891,913,858,949,844,989,847,1023,865,1091,870,1132,857,1179,860,1222,878,1247,914,1048,920,1041,943,1033,965,1024,990,988,1043,1006,1048,1026,1051,1050,1051,1074,1050,926,938,948,923,974,922,1000,939,973,942,946,943,1113,946,1141,931,1169,935,1195,954,1166,954,1138,950,954,1138,974,1102,998,1083,1015,1088,1034,1086,1069,1110,1111,1148,1069,1168,1034,1172,1014,1171,994,1168,972,1159,968,1135,998,1114,1015,1116,1033,1118,1093,1144,1034,1141,1016,1139,997,1137
2913,h,1,1,831,831,1277,1277,97.1,880,976,872,1027,870,1081,873,1134,884,1183,902,1224,934,1258,975,1281,1028,1292,1085,1290,1146,1280,1202,1262,1246,1231,1275,1185,1294,1130,1305,1073,1316,1014,892,894,911,860,946,845,985,845,1019,861,1092,865,1134,853,1181,859,1221,879,1245,917,1049,916,1044,940,1037,962,1030,988,989,1042,1008,1047,1028,1051,1053,1051,1078,1051,925,936,947,923,973,923,999,938,972,940,946,940,1111,945,1140,932,1168,937,1193,955,1165,954,1137,950,952,1132,977,1099,1002,1085,1021,1091,1042,1089,1076,1110,1117,1145,1074,1157,1039,1159,1017,1157,996,1154,973,1147,966,1128,1001,1113,1020,1116,1041,1118,1100,1141,1040,1129,1020,1128,1000,1125
2914,h,1,1,831,831,1277,1277,97.13333333333334,888,976,883,1027,882,1079,884,1131,891,1179,909,1220,941,1252,981,1272,1032,1283,1089,1281,1148,1274,1204,1259,1248,1229,1278,1183,1297,1128,1309,1071,1321,1011,893,893,912,859,948,847,988,849,1022,864,1097,868,1142,859,1188,864,1229,881,1255,916,1053,918,1046,942,1038,965,1029,990,992,1041,1011,1047,1030,1051,1054,1051,1077,1051,929,937,951,925,976,925,1001,938,975,940,950,941,1119,945,1147,934,1174,940,1199,956,1171,956,1144,952,959,1128,981,1097,1004,1084,1022,1090,1043,1089,1078,1110,1120,1145,1077,1157,1041,1155,1019,1153,999,1149,977,1143,972,1125,1003,1108,1022,1111,1042,1114,1104,1141,1042,1130,1022,1127,1003,1124
2915,h,1,1,831,831,1277,1277,97.16666666666667,888,976,883,1027,882,1079,884,1131,891,1179,909,1220,941,1252,981,1272,1032,1283,1089,1281,1148,1274,1204,1259,1248,1229,1278,1183,1297,1128,1309,1071,1321,1011,893,893,912,859,948,847,988,849,1022,864,1097,868,1142,859,1188,864,1229,881,1255,916,1053,918,1046,942,1038,965,1029,990,992,1041,1011,1047,1030,1051,1054,1051,1077,1051,929,937,951,925,976,925,1001,938,975,940,950,941,1119,945,1147,934,1174,940,1199,956,1171,956,1144,952,959,1128,981,1097,1004,1084,1022,1090,1043,1089,1078,1110,1120,1145,1077,1157,1041,1155,1019,1153,999,1149,977,1143,972,1125,1003,1108,1022,1111,1042,1114,1104,1141,1042,1130,1022,1127,1003,1124
2916,h,1,1,831,831,1277,1277,97.2,888,977,885,1027,884,1079,884,1130,890,1180,908,1220,940,1249,980,1271,1031,1282,1089,1280,1149,1272,1205,1255,1248,1224,1277,1178,1294,1124,1307,1066,1318,1007,893,893,911,861,945,848,983,849,1016,863,1096,871,1138,860,1183,863,1223,881,1249,915,1051,920,1044,943,1036,966,1028,990,991,1041,1009,1046,1028,1050,1053,1050,1078,1050,925,937,947,924,974,924,997,940,972,943,946,942,1117,948,1145,935,1173,940,1198,957,1171,959,1143,955,957,1126,981,1095,1005,1083,1024,1089,1045,1089,1082,1107,1123,1143,1080,1157,1043,1156,1020,1155,999,1150,977,1143,970,1123,1004,1107,1023,1110,1044,1112,1108,1139,1044,1131,1023,1128,1003,1125
2917,h,1,1,831,831,1277,1277,97.23333333333333,890,971,886,1024,885,1076,886,1128,892,1177,909,1218,941,1251,981,1274,1034,1285,1092,1283,1153,1276,1208,1259,1251,1226,1280,1178,1298,1122,1310,1064,1322,1003,893,895,911,863,946,850,985,852,1018,866,1094,872,1137,862,1184,867,1225,884,1252,919,1051,920,1044,944,1036,966,1027,991,989,1040,1008,1047,1028,1051,1054,1050,1079,1050,925,939,947,927,973,927,997,940,971,943,946,943,1119,948,1147,937,1174,942,1199,958,1171,958,1144,954,958,1127,981,1096,1005,1084,1023,1089,1045,1089,1083,1108,1126,1144,1082,1157,1044,1157,1021,1155,999,1150,977,1144,971,1123,1004,1107,1023,1110,1044,1112,1110,1139,1044,1132,1023,1129,1003,1126
2918,h,1,1,831,831,1277,1277,97.26666666666667,886,979,880,1030,878,1081,878,1131,884,1181,901,1223,933,1255,974,1277,1029,1288,1089,1286,1150,1279,1206,1262,1249,1230,1276,1183,1294,1130,1306,1074,1320,1016,890,899,907,864,943,848,984,849,1019,864,1095,870,1139,860,1187,865,1228,887,1250,925,1051,917,1044,941,1036,964,1027,990,989,1041,1008,1047,1028,1051,1053,1051,1077,1050,924,938,946,926,973,925,998,938,972,941,946,942,1116,945,1145,935,1173,940,1197,958,1169,956,1141,952,956,1130,980,1100,1004,1085,1023,1090,1043,1089,1079,1109,1122,1144,1079,1155,1043,1154,1021,1153,1000,1150,977,1145,971,1127,1003,1111,1023,1113,1043,1114,1106,1140,1043,1128,1023,1126,1003,1125
2919,h,1,1,831,831,1277,1277,97.3,886,979,880,1030,878,1081,878,1131,884,1181,901,1223,933,1255,974,1277,1029,1288,1089,1286,1150,1279,1206,1262,1249,1230,1276,1183,1294,1130,1306,1074,1320,1016,890,899,907,864,943,848,984,849,1019,864,1095,870,1139,860,1187,865,1228,887,1250,925,1051,917,1044,941,1036,964,1027,990,989,1041,1008,1047,1028,1051,1053,1051,1077,1050,924,938,946,926,973,925,998,938,972,941,946,942,1116,945,1145,935,1173,940,1197,958,1169,956,1141,952,956,1130,980,1100,1004,1085,1023,1090,1043,1089,1079,1109,1122,1144,1079,1155,1043,1154,1021,1153,1000,1150,977,1145,971,1127,1003,1111,1023,1113,1043,1114,1106,1140,1043,1128,1023,1126,1003,1125
2920,h,1,1,831,831,1277,1277,97.33333333333333,875,989,867,1040,865,1091,869,1142,879,1189,900,1228,932,1261,975,1283,1028,1295,1087,1293,1149,1285,1206,1268,1251,1237,1280,1190,1297,1133,1308,1076,1318,1016,890,900,907,866,943,850,983,850,1018,865,1089,871,1132,858,1179,861,1221,881,1245,918,1047,922,1042,944,1035,966,1028,989,988,1044,1008,1049,1028,1053,1052,1053,1076,1052,922,945,943,929,969,928,994,945,968,947,942,947,1114,950,1143,935,1170,939,1194,959,1166,959,1139,955,953,1137,976,1104,1001,1088,1018,1094,1037,1092,1074,1114,1117,1150,1074,1164,1038,1166,1017,1164,997,1160,974,1153,968,1133,1000,1118,1018,1120,1037,1122,1100,1145,1038,1137,1019,1134,1000,1132
2921,h,1,1,831,831,1277,1277,97.36666666666666,871,973,865,1026,863,1082,867,1136,878,1189,897,1232,928,1269,968,1294,1021,1305,1080,1303,1141,1291,1199,1271,1244,1238,1274,1189,1292,1132,1305,1073,1317,1011,884,900,902,865,939,846,980,847,1016,862,1090,867,1135,855,1183,860,1225,882,1247,922,1046,920,1040,945,1033,968,1025,993,985,1046,1005,1051,1025,1056,1051,1055,1076,1053,917,942,940,929,967,927,993,941,965,944,939,945,1113,948,1142,936,1171,941,1195,959,1167,958,1138,954,952,1142,973,1108,999,1092,1017,1098,1038,1096,1075,1117,1115,1156,1073,1176,1036,1180,1013,1180,992,1175,970,1166,966,1139,998,1120,1017,1124,1037,1125,1097,1150,1037,1151,1016,1149,997,1146
2922,h,1,1,831,831,1277,1277,97.4,886,966,878,1016,872,1069,873,1123,879,1175,894,1220,924,1259,963,1286,1017,1299,1078,1298,1140,1286,1197,1267,1242,1234,1272,1188,1291,1132,1304,1075,1317,1015,902,898,918,866,952,854,989,856,1022,872,1091,877,1133,866,1180,870,1220,892,1242,929,1049,927,1042,950,1033,972,1024,996,985,1049,1004,1054,1025,1058,1050,1058,1075,1057,930,943,951,930,976,930,999,944,975,947,950,947,1113,951,1141,939,1167,944,1191,962,1164,961,1137,957,954,1139,975,1109,999,1095,1017,1101,1036,1099,1072,1118,1112,1152,1071,1170,1035,1173,1014,1171,994,1167,972,1160,968,1136,998,1122,1016,1125,1036,1126,1096,1148,1037,1146,1017,1144,998,1141
2923,h,1,1,831,831,1277,1277,97.43333333333334,886,966,878,1016,872,1069,873,1123,879,1175,894,1220,924,1259,963,1286,1017,1299,1078,1298,1140,1286,1197,1267,1242,1234,1272,1188,1291,1132,1304,1075,1317,1015,902,898,918,866,952,854,989,856,1022,872,1091,877,1133,866,1180,870,1220,892,1242,929,1049,927,1042,950,1033,972,1024,996,985,1049,1004,1054,1025,1058,1050,1058,1075,1057,930,943,951,930,976,930,999,944,975,947,950,947,1113,951,1141,939,1167,944,1191,962,1164,961,1137,957,954,1139,975,1109,999,1095,1017,1101,1036,1099,1072,1118,1112,1152,1071,1170,1035,1173,1014,1171,994,1167,972,1160,968,1136,998,1122,1016,1125,1036,1126,1096,1148,1037,1146,1017,1144,998,1141
2924,h,1,1,831,831,1277,1277,97.46666666666667,880,969,874,1021,872,1076,873,1129,880,1180,897,1222,928,1259,967,1284,1018,1297,1078,1296,1139,1286,1196,1267,1243,1235,1274,1188,1294,1132,1308,1074,1321,1012,885,899,904,864,943,850,985,853,1022,871,1088,876,1134,864,1182,867,1226,887,1250,924,1048,924,1041,948,1033,972,1024,997,985,1050,1004,1056,1024,1060,1050,1060,1075,1059,920,943,943,931,969,931,997,945,969,948,942,948,1113,952,1144,942,1173,947,1198,964,1169,964,1140,959,952,1139,974,1109,999,1094,1017,1101,1037,1099,1074,1119,1114,1153,1071,1172,1035,1174,1012,1172,991,1168,969,1161,967,1136,998,1122,1016,1125,1036,1126,1098,1149,1036,1146,1015,1144,996,1141
2925,h,1,1,831,831,1277,1277,97.5,880,963,871,1016,866,1071,867,1127,876,1180,893,1224,923,1262,960,1289,1010,1303,1068,1303,1129,1293,1187,1275,1235,1243,1267,1195,1288,1137,1302,1077,1315,1013,890,890,910,857,947,848,987,853,1021,870,1089,876,1132,864,1180,866,1223,884,1247,922,1047,926,1039,950,1030,972,1021,998,982,1050,1001,1056,1021,1060,1046,1060,1072,1059,920,941,942,929,969,929,996,944,968,947,941,947,1112,952,1142,941,1171,947,1195,965,1167,965,1138,960,948,1144,969,1112,995,1096,1013,1101,1033,1099,1071,1121,1112,1156,1069,1180,1031,1185,1009,1184,988,1181,965,1171,962,1142,993,1125,1012,1127,1032,1128,1095,1153,1032,1155,1012,1154,992,1152
2926,h,1,1,831,831,1277,1277,97.53333333333333,879,978,873,1029,873,1083,877,1137,884,1188,900,1233,928,1271,964,1299,1016,1312,1077,1310,1138,1299,1195,1278,1240,1243,1270,1194,1291,1136,1304,1077,1317,1014,883,900,902,864,940,848,982,850,1019,867,1088,872,1133,861,1181,865,1224,885,1249,923,1046,925,1039,949,1031,973,1022,999,984,1051,1003,1057,1024,1061,1049,1061,1074,1059,919,944,942,931,969,931,997,945,968,948,941,948,1111,952,1141,940,1170,946,1195,963,1167,963,1138,958,953,1150,971,1114,996,1097,1016,1104,1038,1101,1075,1123,1114,1162,1073,1185,1036,1191,1011,1191,989,1187,967,1176,966,1147,995,1125,1015,1128,1037,1129,1097,1158,1037,1162,1014,1160,994,1158
2927,h,1,1,831,831,1277,1277,97.56666666666666,879,978,873,1029,873,1083,877,1137,884,1188,900,1233,928,1271,964,1299,1016,1312,1077,1310,1138,1299,1195,1278,1240,1243,1270,1194,1291,1136,1304,1077,1317,1014,883,900,902,864,940,848,982,850,1019,867,1088,872,1133,861,1181,865,1224,885,1249,923,1046,925,1039,949,1031,973,1022,999,984,1051,1003,1057,1024,1061,1049,1061,1074,1059,919,944,942,931,969,931,997,945,968,948,941,948,1111,952,1141,940,1170,946,1195,963,1167,963,1138,958,953,1150,971,1114,996,1097,1016,1104,1038,1101,1075,1123,1114,1162,1073,1185,1036,1191,1011,1191,989,1187,967,1176,966,1147,995,1125,1015,1128,1037,1129,1097,1158,1037,1162,1014,1160,994,1158
2928,h,1,1,831,831,1277,1277,97.6,874,970,867,1022,865,1077,867,1131,875,1184,892,1230,921,1268,959,1297,1011,1311,1071,1310,1133,1297,1189,1276,1236,1241,1267,1192,1287,1134,1301,1074,1313,1011,886,895,905,862,942,850,983,852,1018,869,1086,873,1129,862,1176,866,1218,884,1242,920,1046,926,1039,950,1030,973,1022,998,983,1050,1002,1056,1022,1060,1047,1059,1071,1058,920,943,943,930,970,931,995,946,968,949,941,949,1109,953,1138,940,1167,945,1190,963,1163,964,1135,960,951,1149,970,1114,996,1096,1014,1103,1035,1100,1072,1122,1110,1160,1070,1184,1034,1190,1010,1190,989,1186,966,1176,964,1146,994,1126,1013,1128,1034,1129,1093,1156,1035,1160,1013,1158,993,1156
2929,h,1,1,858,858,1229,1229,97.63333333333334,891,973,884,1023,883,1074,884,1125,890,1174,905,1218,933,1254,970,1279,1018,1292,1074,1289,1131,1274,1182,1250,1223,1216,1252,1171,1271,1120,1285,1066,1298,1010,900,900,918,870,950,859,986,862,1017,877,1086,879,1126,868,1169,871,1208,889,1230,924,1046,932,1038,955,1030,977,1022,1002,987,1054,1005,1059,1023,1063,1047,1062,1070,1061,929,947,951,932,977,932,999,951,975,953,949,954,1107,955,1133,939,1161,943,1184,962,1159,964,1132,961,955,1147,974,1114,999,1100,1016,1106,1036,1104,1070,1124,1107,1157,1069,1179,1035,1184,1013,1184,994,1179,971,1169,968,1144,998,1129,1016,1132,1036,1133,1091,1154,1036,1154,1016,1153,998,1150
2930,h,1,1,858,858,1229,1229,97.66666666666667,891,973,884,1023,883,1074,884,1125,890,1174,905,1218,933,1254,970,1279,1018,1292,1074,1289,1131,1274,1182,1250,1223,1216,1252,1171,1271,1120,1285,1066,1298,1010,900,900,918,870,950,859,986,862,1017,877,1086,879,1126,868,1169,871,1208,889,1230,924,1046,932,1038,955,1030,977,1022,1002,987,1054,1005,1059,1023,1063,1047,1062,1070,1061,929,947,951,932,977,932,999,951,975,953,949,954,1107,955,1133,939,1161,943,1184,962,1159,964,1132,961,955,1147,974,1114,999,1100,1016,1106,1036,1104,1070,1124,1107,1157,1069,1179,1035,1184,1013,1184,994,1179,971,1169,968,1144,998,1129,1016,1132,1036,1133,1091,1154,1036,1154,1016,1153,998,1150
2931,h,1,1,831,831,1277,1277,97.7,887,972,880,1022,878,1074,877,1126,880,1176,894,1220,922,1257,959,1284,1012,1296,1072,1298,1135,1289,1190,1271,1235,1237,1266,1189,1285,1133,1300,1076,1312,1016,893,897,911,865,947,855,985,858,1019,873,1084,876,1127,865,1173,868,1215,886,1240,923,1044,927,1037,951,1029,974,1020,1000,981,1052,1000,1058,1020,1062,1046,1062,1071,1061,921,943,943,931,969,931,993,945,967,949,941,949,1109,952,1138,941,1166,945,1190,962,1163,963,1135,959,951,1144,972,1112,996,1097,1013,1104,1033,1102,1069,1123,1110,1159,1066,1175,1030,1176,1007,1174,988,1170,967,1163,964,1141,995,1125,1013,1129,1033,1130,1093,1154,1031,1147,1011,1145,992,1142
2932,h,1,1,831,831,1277,1277,97.73333333333333,886,979,879,1028,878,1081,878,1132,882,1182,898,1225,925,1262,963,1288,1014,1300,1073,1300,1134,1291,1189,1271,1234,1238,1264,1191,1284,1136,1298,1078,1311,1019,893,897,911,866,947,855,984,858,1018,874,1085,876,1129,866,1174,868,1215,887,1239,922,1044,929,1037,953,1029,976,1021,1002,981,1052,1001,1058,1021,1062,1046,1062,1071,1061,922,945,944,933,969,933,993,946,968,949,943,950,1109,953,1136,941,1164,946,1188,963,1161,964,1133,959,951,1145,971,1112,995,1097,1012,1104,1032,1102,1067,1123,1107,1157,1065,1176,1029,1179,1007,1178,988,1173,966,1166,964,1141,994,1126,1011,1129,1031,1131,1090,1153,1030,1150,1010,1148,992,1145
2933,h,1,1,858,858,1229,1229,97.76666666666667,888,975,881,1025,880,1076,881,1125,887,1174,901,1217,928,1251,962,1274,1009,1287,1065,1286,1122,1274,1175,1253,1217,1221,1247,1176,1267,1125,1283,1071,1299,1014,895,900,916,871,949,861,986,865,1018,882,1082,884,1122,872,1167,872,1208,891,1232,928,1043,933,1036,956,1028,979,1019,1004,981,1055,1000,1060,1020,1064,1045,1065,1069,1064,924,946,946,931,973,932,997,951,971,954,944,954,1105,956,1132,939,1161,943,1185,962,1159,966,1131,963,951,1146,971,1113,996,1098,1013,1105,1032,1103,1065,1124,1103,1159,1063,1179,1029,1184,1008,1183,988,1179,966,1168,964,1143,995,1127,1012,1130,1032,1132,1087,1155,1030,1153,1010,1151,992,1148
2934,h,1,1,858,858,1229,1229,97.8,888,975,881,1025,880,1076,881,1125,887,1174,901,1217,928,1251,962,1274,1009,1287,1065,1286,1122,1274,1175,1253,1217,1221,1247,1176,1267,1125,1283,1071,1299,1014,895,900,916,871,949,861,986,865,1018,882,1082,884,1122,872,1167,872,1208,891,1232,928,1043,933,1036,956,1028,979,1019,1004,981,1055,1000,1060,1020,1064,1045,1065,1069,1064,924,946,946,931,973,932,997,951,971,954,944,954,1105,956,1132,939,1161,943,1185,962,1159,966,1131,963,951,1146,971,1113,996,1098,1013,1105,1032,1103,1065,1124,1103,1159,1063,1179,1029,1184,1008,1183,988,1179,966,1168,964,1143,995,1127,1012,1130,1032,1132,1087,1155,1030,1153,1010,1151,992,1148
2935,h,1,1,858,858,1229,1229,97.83333333333333,890,966,883,1015,881,1067,882,1118,887,1168,900,1213,925,1248,959,1274,1007,1287,1064,1288,1122,1274,1173,1250,1215,1216,1245,1169,1266,1116,1282,1062,1296,1004,899,894,918,867,951,858,986,863,1017,878,1080,881,1120,870,1164,872,1204,890,1227,926,1043,933,1035,956,1026,979,1017,1005,982,1053,999,1059,1018,1064,1042,1064,1065,1063,928,943,948,929,975,930,997,951,973,954,946,953,1104,958,1130,940,1159,943,1182,963,1157,968,1129,965,953,1146,971,1113,995,1098,1010,1105,1027,1103,1060,1125,1096,1161,1057,1179,1024,1181,1005,1180,987,1175,967,1166,966,1143,993,1128,1009,1131,1027,1133,1079,1157,1025,1152,1007,1150,991,1147
2936,h,1,1,831,831,1277,1277,97.86666666666666,873,960,865,1012,862,1067,864,1121,872,1173,889,1219,917,1258,956,1286,1007,1299,1066,1299,1128,1288,1184,1268,1231,1236,1263,1190,1284,1134,1297,1073,1309,1009,887,894,905,863,941,853,980,856,1015,873,1076,877,1118,865,1166,868,1209,887,1234,924,1038,924,1032,950,1025,975,1017,1002,978,1051,996,1058,1017,1063,1042,1063,1066,1061,916,939,938,929,964,928,990,941,963,945,936,946,1102,950,1131,938,1160,943,1185,960,1157,962,1128,958,950,1147,968,1113,991,1096,1008,1102,1026,1100,1058,1124,1095,1164,1055,1180,1023,1182,1003,1180,983,1176,964,1167,964,1143,989,1125,1008,1128,1025,1130,1077,1158,1024,1148,1006,1146,988,1143
2937,h,1,1,858,858,1229,1229,97.9,888,959,882,1009,880,1061,882,1113,887,1163,901,1208,927,1242,962,1265,1009,1276,1066,1276,1123,1264,1174,1243,1217,1211,1248,1166,1269,1115,1285,1060,1300,1001,896,889,916,863,949,857,983,862,1014,876,1082,877,1121,867,1164,869,1204,885,1227,918,1041,929,1033,953,1025,976,1015,1002,981,1048,998,1054,1017,1059,1041,1059,1064,1058,925,939,946,926,971,927,994,944,969,948,943,948,1103,951,1130,935,1158,940,1182,957,1156,961,1128,958,953,1144,971,1109,994,1093,1009,1101,1027,1098,1056,1121,1089,1161,1052,1175,1023,1176,1004,1174,987,1170,967,1161,966,1140,994,1124,1009,1127,1026,1129,1072,1156,1024,1145,1007,1143,991,1140
2938,h,1,1,858,858,1229,1229,97.93333333333334,888,959,882,1009,880,1061,882,1113,887,1163,901,1208,927,1242,962,1265,1009,1276,1066,1276,1123,1264,1174,1243,1217,1211,1248,1166,1269,1115,1285,1060,1300,1001,896,889,916,863,949,857,983,862,1014,876,1082,877,1121,867,1164,869,1204,885,1227,918,1041,929,1033,953,1025,976,1015,1002,981,1048,998,1054,1017,1059,1041,1059,1064,1058,925,939,946,926,971,927,994,944,969,948,943,948,1103,951,1130,935,1158,940,1182,957,1156,961,1128,958,953,1144,971,1109,994,1093,1009,1101,1027,1098,1056,1121,1089,1161,1052,1175,1023,1176,1004,1174,987,1170,967,1161,966,1140,994,1124,1009,1127,1026,1129,1072,1156,1024,1145,1007,1143,991,1140
2939,h,1,1,831,831,1277,1277,97.96666666666667,877,963,868,1015,864,1068,865,1123,874,1173,892,1216,921,1252,957,1279,1008,1294,1067,1296,1129,1286,1186,1267,1234,1235,1267,1188,1288,1131,1303,1071,1316,1009,891,883,911,857,945,852,981,856,1013,871,1081,874,1124,863,1171,866,1212,882,1240,914,1040,926,1032,950,1023,973,1013,998,978,1049,995,1055,1013,1060,1038,1060,1062,1060,917,939,941,928,967,928,992,943,965,948,938,947,1104,950,1133,938,1162,944,1187,961,1158,964,1129,960,950,1142,969,1108,990,1092,1005,1099,1023,1097,1058,1122,1096,1162,1056,1179,1021,1178,1002,1175,984,1170,965,1161,965,1137,989,1122,1005,1125,1023,1127,1078,1156,1022,1144,1005,1140,988,1136
2940,h,1,1,831,831,1277,1277,98.0,883,968,877,1020,875,1073,877,1126,884,1179,899,1223,928,1259,963,1288,1014,1301,1071,1301,1131,1291,1187,1273,1232,1238,1265,1191,1286,1135,1302,1075,1316,1012,890,886,910,858,944,849,981,853,1013,870,1082,873,1126,862,1174,866,1217,882,1245,917,1040,924,1032,948,1022,972,1012,998,977,1050,995,1056,1015,1061,1040,1060,1064,1059,917,938,939,926,966,926,993,940,965,944,938,944,1106,949,1135,938,1165,944,1191,961,1161,962,1132,957,953,1147,968,1107,988,1090,1005,1096,1025,1095,1060,1119,1100,1164,1060,1183,1024,1183,1003,1181,983,1177,965,1168,967,1143,988,1119,1005,1121,1024,1123,1082,1158,1025,1151,1005,1149,987,1145
2943,h,1,1,831,831,1277,1277,98.1,872,974,867,1024,866,1077,869,1129,877,1178,896,1219,929,1251,967,1275,1019,1288,1078,1288,1138,1279,1193,1261,1237,1228,1265,1181,1284,1125,1296,1066,1308,1004,881,894,899,861,936,850,976,854,1010,869,1080,872,1123,861,1170,864,1211,882,1236,918,1039,921,1033,946,1026,969,1018,995,980,1047,998,1052,1018,1057,1044,1057,1069,1056,917,938,939,926,965,926,990,940,964,944,938,945,1104,947,1132,936,1160,941,1184,959,1156,960,1129,955,954,1134,973,1103,995,1090,1014,1097,1035,1096,1070,1117,1110,1155,1068,1166,1032,1164,1009,1162,988,1157,968,1150,968,1131,993,1117,1013,1121,1034,1124,1093,1149,1033,1135,1012,1131,992,1127
2944,h,1,1,831,831,1277,1277,98.13333333333334,876,963,868,1015,866,1068,868,1122,874,1173,889,1218,919,1256,957,1282,1010,1295,1070,1296,1132,1286,1190,1267,1236,1234,1267,1186,1287,1129,1302,1067,1316,1004,884,892,904,859,941,850,980,854,1014,870,1082,872,1126,860,1174,862,1218,879,1244,917,1041,921,1034,945,1025,968,1016,993,977,1046,996,1051,1017,1055,1042,1055,1067,1054,916,939,939,926,966,926,991,941,965,944,938,945,1108,947,1137,935,1166,940,1191,958,1162,960,1133,955,947,1141,966,1104,991,1087,1010,1093,1032,1091,1068,1114,1107,1154,1067,1175,1030,1179,1007,1178,985,1174,963,1165,962,1137,990,1118,1009,1120,1031,1122,1089,1150,1031,1147,1009,1144,989,1142
2945,h,1,1,831,831,1277,1277,98.16666666666667,876,963,868,1015,866,1068,868,1122,874,1173,889,1218,919,1256,957,1282,1010,1295,1070,1296,1132,1286,1190,1267,1236,1234,1267,1186,1287,1129,1302,1067,1316,1004,884,892,904,859,941,850,980,854,1014,870,1082,872,1126,860,1174,862,1218,879,1244,917,1041,921,1034,945,1025,968,1016,993,977,1046,996,1051,1017,1055,1042,1055,1067,1054,916,939,939,926,966,926,991,941,965,944,938,945,1108,947,1137,935,1166,940,1191,958,1162,960,1133,955,947,1141,966,1104,991,1087,1010,1093,1032,1091,1068,1114,1107,1154,1067,1175,1030,1179,1007,1178,985,1174,963,1165,962,1137,990,1118,1009,1120,1031,1122,1089,1150,1031,1147,1009,1144,989,1142
2946,h,1,1,831,831,1277,1277,98.2,876,963,866,1014,862,1069,862,1122,869,1175,884,1224,913,1266,952,1298,1006,1313,1067,1311,1131,1297,1189,1275,1236,1240,1268,1191,1288,1134,1301,1074,1314,1011,883,890,902,857,940,846,980,850,1015,867,1084,870,1128,859,1174,860,1217,877,1242,914,1041,920,1033,944,1025,967,1016,993,978,1043,997,1049,1017,1053,1042,1053,1067,1051,916,938,938,926,964,925,989,938,962,941,937,942,1109,944,1137,933,1165,939,1189,956,1161,956,1134,951,945,1143,962,1105,989,1088,1010,1093,1032,1091,1070,1113,1108,1155,1069,1184,1031,1192,1006,1192,983,1188,959,1175,960,1141,988,1118,1009,1120,1031,1121,1090,1151,1031,1159,1009,1157,987,1155
2947,h,1,1,831,831,1277,1277,98.23333333333333,886,960,877,1011,875,1066,875,1119,881,1173,892,1222,917,1265,954,1296,1007,1309,1069,1307,1132,1294,1188,1272,1234,1238,1266,1189,1285,1132,1300,1071,1314,1008,887,893,905,859,940,847,979,850,1013,866,1084,868,1127,857,1173,861,1215,878,1238,916,1040,919,1032,943,1023,966,1014,992,978,1044,996,1050,1016,1053,1042,1053,1067,1052,919,937,941,924,967,924,991,938,965,941,940,942,1107,944,1135,932,1163,937,1186,956,1159,956,1131,951,948,1143,964,1105,989,1088,1008,1094,1031,1092,1067,1114,1106,1155,1067,1183,1029,1191,1005,1191,982,1187,960,1175,962,1141,988,1117,1008,1119,1030,1121,1089,1152,1030,1160,1008,1159,987,1156
2948,h,1,1,831,831,1277,1277,98.26666666666667,874,961,866,1013,864,1067,866,1120,872,1173,886,1220,914,1261,952,1290,1005,1304,1067,1303,1130,1292,1189,1271,1236,1237,1268,1188,1288,1131,1301,1070,1312,1006,883,893,904,860,941,849,982,852,1017,868,1081,871,1123,859,1171,862,1214,880,1238,917,1040,920,1032,944,1023,967,1014,993,978,1044,996,1050,1016,1054,1042,1053,1066,1051,917,938,939,924,966,924,990,939,964,943,938,943,1108,945,1135,932,1164,937,1187,957,1160,957,1132,952,947,1143,964,1105,990,1088,1010,1095,1032,1092,1069,1113,1107,1154,1068,1178,1031,1185,1007,1185,985,1181,961,1170,961,1139,990,1118,1009,1121,1031,1122,1091,1149,1031,1154,1009,1152,988,1150
2949,h,1,1,831,831,1277,1277,98.3,874,961,866,1013,864,1067,866,1120,872,1173,886,1220,914,1261,952,1290,1005,1304,1067,1303,1130,1292,1189,1271,1236,1237,1268,1188,1288,1131,1301,1070,1312,1006,883,893,904,860,941,849,982,852,1017,868,1081,871,1123,859,1171,862,1214,880,1238,917,1040,920,1032,944,1023,967,1014,993,978,1044,996,1050,1016,1054,1042,1053,1066,1051,917,938,939,924,966,924,990,939,964,943,938,943,1108,945,1135,932,1164,937,1187,957,1160,957,1132,952,947,1143,964,1105,990,1088,1010,1095,1032,1092,1069,1113,1107,1154,1068,1178,1031,1185,1007,1185,985,1181,961,1170,961,1139,990,1118,1009,1121,1031,1122,1091,1149,1031,1154,1009,1152,988,1150
2950,h,1,1,831,831,1277,1277,98.33333333333333,876,962,868,1014,865,1068,866,1120,872,1173,888,1220,918,1259,957,1288,1012,1300,1074,1298,1137,1285,1194,1265,1240,1231,1270,1183,1288,1126,1300,1067,1312,1005,885,895,904,862,940,850,979,853,1015,868,1081,871,1124,859,1170,862,1212,880,1236,918,1041,920,1034,944,1026,966,1017,991,979,1044,998,1049,1019,1053,1044,1053,1068,1052,918,939,940,926,965,925,989,940,964,943,938,944,1106,945,1134,932,1161,936,1184,955,1158,956,1131,951,948,1139,966,1105,991,1089,1011,1095,1033,1093,1069,1114,1109,1151,1067,1171,1031,1174,1008,1174,986,1170,963,1161,961,1135,991,1119,1011,1121,1032,1122,1093,1146,1032,1144,1011,1143,990,1140
2951,h,1,1,831,831,1277,1277,98.36666666666666,879,963,873,1014,872,1069,873,1122,879,1174,894,1219,922,1256,960,1283,1012,1295,1071,1294,1133,1284,1189,1264,1235,1230,1265,1182,1284,1126,1297,1066,1310,1003,891,893,910,862,945,851,983,853,1016,868,1083,870,1125,859,1171,861,1212,879,1237,915,1041,921,1034,945,1025,969,1016,995,980,1045,999,1051,1018,1055,1044,1054,1068,1053,920,939,941,926,967,926,991,940,966,943,940,944,1107,945,1134,932,1162,936,1185,954,1158,955,1131,951,947,1137,968,1104,993,1089,1011,1094,1032,1093,1066,1112,1108,1147,1065,1166,1029,1169,1007,1169,987,1165,964,1157,960,1133,992,1117,1011,1119,1031,1120,1092,1143,1030,1141,1010,1140,990,1138
2952,h,1,1,831,831,1277,1277,98.4,877,964,870,1016,868,1071,870,1124,876,1176,891,1221,920,1259,957,1287,1008,1299,1067,1299,1129,1289,1186,1270,1233,1237,1264,1189,1285,1132,1299,1071,1314,1008,885,895,904,861,941,850,981,852,1017,867,1084,870,1128,859,1175,862,1217,881,1239,920,1043,919,1035,944,1027,968,1018,994,979,1044,998,1050,1018,1055,1044,1054,1069,1052,918,939,940,927,966,926,992,939,965,943,939,944,1108,945,1136,934,1164,939,1189,956,1161,957,1133,952,950,1136,968,1103,993,1088,1011,1093,1031,1091,1067,1112,1107,1148,1065,1165,1030,1168,1008,1167,987,1164,965,1157,963,1133,992,1116,1011,1118,1031,1119,1090,1144,1031,1138,1010,1137,991,1135
2953,h,1,1,831,831,1277,1277,98.43333333333334,877,964,870,1016,868,1071,870,1124,876,1176,891,1221,920,1259,957,1287,1008,1299,1067,1299,1129,1289,1186,1270,1233,1237,1264,1189,1285,1132,1299,1071,1314,1008,885,895,904,861,941,850,981,852,1017,867,1084,870,1128,859,1175,862,1217,881,1239,920,1043,919,1035,944,1027,968,1018,994,979,1044,998,1050,1018,1055,1044,1054,1069,1052,918,939,940,927,966,926,992,939,965,943,939,944,1108,945,1136,934,1164,939,1189,956,1161,957,1133,952,950,1136,968,1103,993,1088,1011,1093,1031,1091,1067,1112,1107,1148,1065,1165,1030,1168,1008,1167,987,1164,965,1157,963,1133,992,1116,1011,1118,1031,1119,1090,1144,1031,1138,1010,1137,991,1135
2954,h,1,1,831,831,1277,1277,98.46666666666667,876,968,869,1018,866,1071,866,1124,873,1175,890,1219,921,1255,959,1282,1011,1295,1069,1296,1131,1287,1188,1268,1233,1236,1263,1188,1282,1131,1294,1071,1306,1009,884,899,904,864,941,852,982,854,1017,870,1077,872,1121,860,1169,863,1211,883,1237,922,1039,921,1034,944,1026,967,1018,992,980,1044,998,1049,1018,1053,1044,1053,1069,1052,918,938,941,924,968,923,992,940,966,944,939,944,1103,947,1132,933,1160,937,1184,957,1157,959,1129,954,946,1134,967,1101,992,1086,1010,1092,1030,1091,1067,1114,1108,1151,1065,1170,1028,1170,1006,1167,986,1162,964,1153,960,1131,990,1114,1009,1117,1029,1119,1092,1146,1029,1140,1009,1137,989,1133
2955,h,1,1,831,831,1277,1277,98.5,886,971,881,1024,879,1077,880,1129,887,1178,903,1220,932,1252,967,1275,1017,1285,1072,1284,1132,1275,1189,1258,1236,1229,1267,1184,1286,1129,1300,1070,1313,1009,882,897,901,864,937,852,976,853,1011,868,1080,871,1124,860,1173,864,1216,883,1243,920,1039,921,1033,946,1025,970,1016,996,981,1046,999,1051,1017,1055,1042,1055,1066,1054,918,939,939,926,967,926,992,942,965,946,938,946,1106,947,1134,934,1163,938,1189,956,1161,958,1132,954,952,1134,970,1102,993,1086,1010,1093,1030,1091,1065,1114,1104,1152,1062,1168,1027,1169,1005,1167,986,1163,966,1154,965,1131,991,1115,1010,1118,1029,1120,1086,1147,1028,1140,1008,1137,989,1133
2958,h,1,1,831,831,1277,1277,98.6,886,977,881,1028,879,1079,880,1130,885,1181,902,1224,930,1261,965,1287,1015,1300,1072,1299,1132,1291,1189,1273,1234,1241,1265,1196,1286,1141,1301,1082,1316,1020,888,894,908,862,944,851,984,853,1018,869,1082,872,1127,862,1176,865,1219,885,1246,923,1042,920,1034,946,1026,972,1017,999,978,1047,997,1054,1017,1058,1042,1058,1067,1058,921,939,943,926,969,926,994,940,967,944,942,944,1107,949,1136,937,1165,943,1190,962,1161,962,1133,957,953,1141,970,1105,993,1089,1009,1095,1029,1094,1065,1118,1103,1160,1063,1177,1027,1177,1005,1175,986,1170,966,1162,967,1139,991,1116,1009,1119,1028,1121,1086,1155,1028,1147,1008,1144,990,1140
2959,h,1,1,831,831,1277,1277,98.63333333333334,875,974,869,1026,867,1079,871,1132,880,1183,898,1227,928,1264,965,1290,1016,1302,1073,1301,1134,1291,1190,1272,1235,1239,1267,1191,1288,1134,1302,1073,1315,1009,879,897,900,865,939,854,980,857,1017,872,1079,876,1125,865,1175,869,1220,885,1247,922,1039,925,1032,950,1024,974,1015,1001,977,1051,996,1057,1017,1062,1042,1061,1067,1060,914,944,937,932,964,931,990,944,963,948,936,949,1107,951,1137,941,1166,946,1192,963,1163,964,1133,959,951,1145,968,1108,992,1091,1009,1098,1029,1096,1066,1120,1105,1162,1063,1180,1027,1182,1006,1180,986,1176,965,1167,965,1142,991,1120,1009,1123,1028,1126,1088,1156,1028,1150,1008,1147,990,1144
2960,h,1,1,831,831,1277,1277,98.66666666666667,875,974,869,1026,867,1079,871,1132,880,1183,898,1227,928,1264,965,1290,1016,1302,1073,1301,1134,1291,1190,1272,1235,1239,1267,1191,1288,1134,1302,1073,1315,1009,879,897,900,865,939,854,980,857,1017,872,1079,876,1125,865,1175,869,1220,885,1247,922,1039,925,1032,950,1024,974,1015,1001,977,1051,996,1057,1017,1062,1042,1061,1067,1060,914,944,937,932,964,931,990,944,963,948,936,949,1107,951,1137,941,1166,946,1192,963,1163,964,1133,959,951,1145,968,1108,992,1091,1009,1098,1029,1096,1066,1120,1105,1162,1063,1180,1027,1182,1006,1180,986,1176,965,1167,965,1142,991,1120,1009,1123,1028,1126,1088,1156,1028,1150,1008,1147,990,1144
2961,h,1,1,831,831,1277,1277,98.7,885,967,878,1019,876,1074,877,1126,884,1177,900,1222,930,1259,965,1285,1016,1297,1074,1297,1135,1287,1191,1268,1236,1236,1269,1189,1290,1134,1304,1073,1318,1010,891,889,912,861,948,855,986,860,1019,875,1083,877,1127,867,1175,870,1218,887,1245,922,1043,926,1035,950,1026,974,1016,1000,978,1050,997,1056,1017,1061,1043,1062,1068,1061,919,941,942,930,969,930,995,943,968,947,941,947,1109,952,1139,941,1168,948,1193,965,1164,966,1135,960,950,1141,969,1107,993,1092,1010,1099,1029,1097,1066,1121,1106,1160,1064,1176,1027,1176,1005,1174,986,1169,965,1160,964,1137,992,1122,1009,1126,1028,1128,1089,1154,1028,1143,1008,1140,990,1136
2962,h,1,1,858,858,1229,1229,98.73333333333333,886,966,880,1016,878,1068,879,1118,884,1166,897,1207,925,1240,961,1263,1010,1274,1067,1275,1124,1265,1177,1244,1219,1212,1247,1167,1266,1117,1283,1064,1298,1008,891,892,911,863,946,854,983,858,1016,873,1083,878,1124,867,1169,869,1209,886,1231,923,1043,928,1035,952,1027,976,1018,1001,981,1049,1000,1054,1019,1059,1043,1059,1067,1059,921,939,944,926,971,927,995,945,969,947,942,947,1105,952,1132,937,1160,941,1184,960,1158,963,1130,959,949,1137,970,1106,995,1092,1012,1098,1031,1097,1063,1117,1100,1152,1060,1169,1027,1171,1007,1170,987,1165,965,1156,962,1134,993,1120,1011,1123,1030,1125,1084,1148,1029,1141,1010,1139,992,1136
2963,h,1,1,831,831,1277,1277,98.76666666666667,886,961,879,1012,877,1066,877,1119,881,1171,896,1215,923,1253,960,1279,1010,1292,1068,1294,1130,1286,1187,1268,1234,1236,1267,1189,1287,1133,1301,1073,1314,1011,895,888,916,860,950,853,988,858,1020,874,1087,876,1130,865,1176,869,1217,888,1241,925,1046,926,1038,950,1029,973,1020,999,981,1048,999,1054,1020,1059,1046,1059,1071,1058,924,938,946,927,972,927,997,942,971,945,945,945,1110,951,1139,939,1167,945,1191,963,1163,964,1135,959,947,1136,969,1103,994,1088,1013,1096,1034,1094,1068,1116,1106,1153,1064,1170,1029,1172,1007,1171,986,1165,964,1155,961,1133,993,1117,1012,1121,1032,1122,1090,1148,1031,1143,1010,1141,991,1136
2964,h,1,1,831,831,1277,1277,98.8,886,961,879,1012,877,1066,877,1119,881,1171,896,1215,923,1253,960,1279,1010,1292,1068,1294,1130,1286,1187,1268,1234,1236,1267,1189,1287,1133,1301,1073,1314,1011,895,888,916,860,950,853,988,858,1020,874,1087,876,1130,865,1176,869,1217,888,1241,925,1046,926,1038,950,1029,973,1020,999,981,1048,999,1054,1020,1059,1046,1059,1071,1058,924,938,946,927,972,927,997,942,971,945,945,945,1110,951,1139,939,1167,945,1191,963,1163,964,1135,959,947,1136,969,1103,994,1088,1013,1096,1034,1094,1068,1116,1106,1153,1064,1170,1029,1172,1007,1171,986,1165,964,1155,961,1133,993,1117,1012,1121,1032,1122,1090,1148,1031,1143,1010,1141,991,1136
2965,h,1,1,831,831,1277,1277,98.83333333333333,880,961,872,1012,869,1066,870,1119,878,1170,894,1214,923,1252,960,1280,1012,1293,1070,1295,1132,1285,1188,1267,1235,1234,1267,1187,1287,1130,1301,1071,1313,1008,890,889,911,859,947,850,985,855,1019,871,1085,875,1127,865,1173,869,1214,888,1239,924,1044,924,1037,948,1029,971,1020,997,980,1045,1000,1052,1020,1057,1046,1057,1070,1055,921,938,942,927,968,928,992,942,966,945,941,945,1110,950,1139,939,1167,944,1191,962,1163,963,1135,958,949,1136,968,1103,993,1088,1012,1095,1033,1093,1068,1115,1107,1152,1066,1170,1030,1172,1007,1171,986,1166,965,1157,962,1133,992,1116,1012,1119,1032,1121,1091,1147,1031,1143,1010,1141,990,1137
2966,h,1,1,831,831,1277,1277,98.86666666666666,879,963,873,1014,871,1067,872,1120,879,1172,894,1216,923,1255,960,1282,1013,1294,1073,1292,1135,1282,1192,1262,1238,1230,1269,1182,1288,1125,1303,1066,1317,1004,884,890,906,861,943,852,983,856,1018,872,1082,875,1126,864,1173,866,1217,881,1244,915,1042,923,1035,947,1026,971,1017,997,978,1045,998,1052,1018,1057,1044,1056,1069,1054,916,940,938,928,965,928,990,941,963,944,937,945,1110,948,1139,937,1168,942,1193,958,1164,960,1136,955,946,1138,965,1104,992,1088,1010,1095,1030,1093,1068,1113,1109,1150,1066,1174,1028,1179,1006,1178,985,1174,962,1163,959,1136,991,1117,1009,1120,1029,1121,1092,1147,1029,1149,1009,1148,989,1145
2967,h,1,1,831,831,1277,1277,98.9,880,962,874,1015,871,1069,872,1124,879,1175,894,1220,922,1257,959,1284,1011,1298,1070,1298,1132,1287,1191,1268,1239,1235,1271,1189,1292,1133,1307,1074,1320,1013,884,886,906,854,944,847,985,852,1021,869,1087,875,1131,864,1179,866,1223,882,1250,918,1047,925,1039,948,1029,971,1019,996,982,1046,1001,1052,1020,1056,1045,1056,1070,1055,919,937,943,925,971,926,996,942,969,944,941,944,1114,950,1144,938,1174,945,1199,962,1170,963,1140,958,948,1139,969,1104,995,1088,1013,1094,1035,1093,1072,1115,1111,1153,1070,1176,1033,1181,1009,1180,988,1176,965,1165,963,1137,993,1118,1012,1121,1034,1123,1093,1150,1034,1153,1012,1151,992,1147
2968,h,1,1,831,831,1277,1277,98.93333333333334,880,962,874,1015,871,1069,872,1124,879,1175,894,1220,922,1257,959,1284,1011,1298,1070,1298,1132,1287,1191,1268,1239,1235,1271,1189,1292,1133,1307,1074,1320,1013,884,886,906,854,944,847,985,852,1021,869,1087,875,1131,864,1179,866,1223,882,1250,918,1047,925,1039,948,1029,971,1019,996,982,1046,1001,1052,1020,1056,1045,1056,1070,1055,919,937,943,925,971,926,996,942,969,944,941,944,1114,950,1144,938,1174,945,1199,962,1170,963,1140,958,948,1139,969,1104,995,1088,1013,1094,1035,1093,1072,1115,1111,1153,1070,1176,1033,1181,1009,1180,988,1176,965,1165,963,1137,993,1118,1012,1121,1034,1123,1093,1150,1034,1153,1012,1151,992,1147
2969,h,1,1,831,831,1277,1277,98.96666666666667,888,963,880,1014,877,1068,876,1121,881,1173,895,1219,923,1258,959,1288,1011,1302,1072,1301,1133,1289,1191,1270,1238,1237,1270,1190,1289,1135,1303,1076,1317,1015,891,886,911,854,946,846,985,850,1018,867,1089,872,1130,862,1175,864,1215,882,1237,918,1045,925,1037,949,1028,972,1018,997,980,1046,999,1052,1019,1057,1044,1056,1069,1056,922,938,944,925,970,925,993,942,968,944,942,943,1112,951,1139,938,1167,943,1190,963,1163,963,1136,958,949,1141,968,1104,993,1089,1012,1095,1033,1094,1070,1115,1109,1154,1068,1177,1031,1182,1007,1182,986,1177,964,1167,963,1138,992,1119,1011,1121,1032,1123,1093,1150,1032,1154,1011,1152,991,1149
2970,h,1,1,831,831,1277,1277,99.0,882,964,873,1016,869,1070,869,1123,875,1175,890,1220,919,1259,957,1285,1010,1298,1071,1298,1133,1288,1191,1271,1238,1239,1269,1191,1288,1135,1302,1076,1315,1014,885,895,905,859,943,846,985,849,1021,865,1084,869,1129,857,1178,863,1222,883,1246,922,1046,921,1037,945,1028,969,1019,995,979,1044,998,1050,1019,1055,1045,1054,1071,1053,919,939,943,929,968,928,994,941,967,942,941,943,1111,949,1141,939,1169,945,1194,961,1165,960,1137,956,949,1140,968,1105,994,1088,1013,1094,1036,1093,1074,1114,1113,1151,1073,1177,1034,1183,1010,1182,988,1178,965,1168,963,1137,993,1116,1012,1119,1035,1120,1097,1147,1035,1153,1013,1152,992,1149
2971,h,1,1,831,831,1277,1277,99.03333333333333,867,966,861,1020,860,1076,864,1131,874,1183,893,1227,923,1264,961,1292,1014,1304,1074,1301,1136,1288,1195,1269,1242,1236,1272,1188,1290,1130,1303,1071,1315,1009,885,890,905,858,941,847,980,849,1014,865,1088,871,1129,860,1175,862,1216,879,1241,913,1045,922,1037,946,1029,969,1020,994,982,1046,1001,1051,1022,1055,1046,1055,1071,1053,918,940,941,927,967,926,992,942,966,944,939,944,1111,949,1139,936,1168,940,1191,958,1164,958,1136,954,948,1142,968,1106,994,1089,1013,1095,1034,1093,1072,1114,1112,1152,1072,1180,1034,1187,1011,1187,988,1183,964,1172,962,1139,993,1117,1013,1120,1034,1121,1095,1148,1034,1158,1013,1157,992,1155
2972,h,1,1,831,831,1277,1277,99.06666666666666,867,966,861,1020,860,1076,864,1131,874,1183,893,1227,923,1264,961,1292,1014,1304,1074,1301,1136,1288,1195,1269,1242,1236,1272,1188,1290,1130,1303,1071,1315,1009,885,890,905,858,941,847,980,849,1014,865,1088,871,1129,860,1175,862,1216,879,1241,913,1045,922,1037,946,1029,969,1020,994,982,1046,1001,1051,1022,1055,1046,1055,1071,1053,918,940,941,927,967,926,992,942,966,944,939,944,1111,949,1139,936,1168,940,1191,958,1164,958,1136,954,948,1142,968,1106,994,1089,1013,1095,1034,1093,1072,1114,1112,1152,1072,1180,1034,1187,1011,1187,988,1183,964,1172,962,1139,993,1117,1013,1120,1034,1121,1095,1148,1034,1158,1013,1157,992,1155
2973,h,1,1,831,831,1277,1277,99.1,891,962,883,1014,879,1067,880,1120,885,1173,898,1221,924,1262,960,1293,1014,1308,1077,1307,1142,1294,1200,1272,1246,1236,1277,1186,1296,1128,1310,1067,1323,1004,897,889,914,859,947,849,983,852,1015,869,1089,873,1131,862,1178,865,1220,883,1243,920,1044,927,1036,950,1027,972,1016,996,983,1046,1001,1052,1021,1057,1045,1056,1070,1055,928,941,948,928,973,928,996,942,971,945,947,945,1114,949,1139,937,1167,942,1192,959,1164,959,1137,955,953,1142,970,1107,996,1092,1015,1098,1036,1096,1074,1116,1113,1155,1072,1184,1035,1192,1011,1192,989,1188,965,1175,965,1140,995,1120,1015,1123,1036,1124,1097,1151,1036,1161,1014,1161,993,1157
2974,h,1,1,831,831,1277,1277,99.13333333333334,888,958,879,1010,875,1065,874,1118,878,1172,890,1220,918,1262,956,1294,1010,1310,1072,1309,1136,1296,1194,1273,1241,1238,1272,1190,1292,1132,1308,1072,1321,1011,896,886,914,858,947,849,984,852,1016,868,1091,873,1133,862,1178,864,1219,881,1243,915,1046,924,1038,947,1028,969,1018,993,981,1045,1000,1051,1021,1055,1046,1055,1070,1054,927,939,948,927,973,927,997,941,971,944,946,944,1112,948,1139,936,1167,941,1191,959,1163,959,1136,955,950,1145,968,1106,994,1089,1014,1096,1036,1094,1073,1115,1110,1156,1072,1184,1035,1193,1010,1193,987,1189,963,1177,964,1142,993,1119,1013,1121,1035,1123,1093,1152,1036,1163,1012,1161,991,1159
2975,h,1,1,831,831,1277,1277,99.16666666666667,888,958,879,1010,875,1065,874,1118,878,1172,890,1220,918,1262,956,1294,1010,1310,1072,1309,1136,1296,1194,1273,1241,1238,1272,1190,1292,1132,1308,1072,1321,1011,896,886,914,858,947,849,984,852,1016,868,1091,873,1133,862,1178,864,1219,881,1243,915,1046,924,1038,947,1028,969,1018,993,981,1045,1000,1051,1021,1055,1046,1055,1070,1054,927,939,948,927,973,927,997,941,971,944,946,944,1112,948,1139,936,1167,941,1191,959,1163,959,1136,955,950,1145,968,1106,994,1089,1014,1096,1036,1094,1073,1115,1110,1156,1072,1184,1035,1193,1010,1193,987,1189,963,1177,964,1142,993,1119,1013,1121,1035,1123,1093,1152,1036,1163,1012,1161,991,1159
2976,h,1,1,831,831,1277,1277,99.2,884,966,874,1017,869,1071,870,1124,877,1178,891,1226,918,1269,956,1300,1009,1314,1070,1313,1133,1302,1191,1281,1238,1248,1269,1199,1290,1141,1303,1081,1315,1018,899,889,917,858,951,848,987,851,1019,867,1092,872,1134,863,1178,867,1217,886,1238,922,1048,923,1040,945,1032,966,1022,991,983,1043,1002,1049,1022,1053,1047,1053,1071,1053,929,937,951,924,975,925,998,939,973,942,949,941,1113,948,1140,936,1167,942,1190,962,1163,960,1137,955,950,1144,968,1105,995,1088,1015,1095,1037,1093,1075,1116,1111,1157,1073,1186,1035,1195,1010,1194,988,1190,964,1177,964,1141,994,1117,1014,1120,1036,1122,1095,1153,1036,1163,1013,1161,992,1159
2977,h,1,1,831,831,1277,1277,99.23333333333333,870,970,863,1022,861,1075,864,1128,873,1181,890,1228,920,1268,961,1295,1017,1307,1078,1304,1142,1293,1200,1271,1245,1236,1273,1187,1291,1129,1304,1070,1316,1009,882,899,899,863,936,846,977,846,1014,861,1086,868,1131,857,1178,861,1219,881,1242,918,1043,918,1036,942,1027,965,1018,991,981,1043,1000,1049,1021,1053,1047,1051,1072,1050,917,941,939,928,965,926,991,940,964,942,938,943,1111,946,1140,935,1168,940,1192,957,1164,955,1137,951,950,1143,969,1106,995,1089,1015,1095,1038,1092,1077,1113,1118,1153,1077,1180,1039,1189,1014,1189,990,1186,965,1173,963,1141,994,1117,1015,1119,1038,1120,1101,1149,1039,1158,1016,1157,993,1155
2978,h,1,1,831,831,1277,1277,99.26666666666667,873,957,866,1010,863,1065,865,1119,874,1170,890,1216,921,1254,961,1280,1016,1293,1077,1292,1139,1281,1195,1259,1240,1224,1269,1174,1287,1117,1300,1058,1312,996,887,887,906,856,942,844,981,847,1015,863,1090,867,1131,857,1175,859,1215,876,1238,910,1046,920,1039,943,1031,966,1023,991,982,1042,1002,1047,1023,1052,1048,1051,1073,1051,920,937,942,926,968,926,991,939,966,942,941,942,1111,946,1138,935,1166,939,1190,954,1163,955,1136,952,950,1138,970,1102,996,1086,1016,1092,1039,1090,1075,1112,1113,1151,1073,1175,1036,1182,1011,1181,988,1177,965,1167,964,1135,994,1114,1015,1117,1037,1119,1096,1146,1037,1152,1014,1151,992,1149
2979,h,1,1,831,831,1277,1277,99.3,873,957,866,1010,863,1065,865,1119,874,1170,890,1216,921,1254,961,1280,1016,1293,1077,1292,1139,1281,1195,1259,1240,1224,1269,1174,1287,1117,1300,1058,1312,996,887,887,906,856,942,844,981,847,1015,863,1090,867,1131,857,1175,859,1215,876,1238,910,1046,920,1039,943,1031,966,1023,991,982,1042,1002,1047,1023,1052,1048,1051,1073,1051,920,937,942,926,968,926,991,939,966,942,941,942,1111,946,1138,935,1166,939,1190,954,1163,955,1136,952,950,1138,970,1102,996,1086,1016,1092,1039,1090,1075,1112,1113,1151,1073,1175,1036,1182,1011,1181,988,1177,965,1167,964,1135,994,1114,1015,1117,1037,1119,1096,1146,1037,1152,1014,1151,992,1149
2980,h,1,1,831,831,1277,1277,99.33333333333333,888,966,881,1018,879,1072,878,1124,883,1175,898,1218,927,1255,965,1280,1018,1294,1078,1292,1140,1282,1196,1264,1240,1230,1270,1182,1288,1126,1302,1068,1314,1007,885,892,905,857,942,843,983,846,1017,863,1090,868,1133,857,1179,861,1221,881,1244,919,1047,921,1039,943,1031,965,1022,988,982,1040,1002,1046,1023,1051,1049,1050,1073,1050,924,936,945,923,971,923,995,939,970,941,944,941,1112,947,1141,934,1168,939,1192,957,1165,958,1137,953,951,1135,971,1099,997,1084,1016,1090,1038,1089,1075,1111,1114,1149,1073,1170,1035,1175,1011,1173,990,1169,966,1159,965,1131,996,1112,1015,1116,1037,1117,1098,1144,1036,1145,1014,1144,994,1140
2981,h,1,1,831,831,1277,1277,99.36666666666666,878,965,872,1017,868,1072,869,1126,875,1178,890,1223,920,1259,960,1281,1014,1292,1076,1291,1139,1281,1196,1263,1241,1230,1272,1183,1291,1128,1304,1071,1317,1010,887,889,908,857,944,845,983,847,1018,863,1091,868,1135,858,1182,861,1223,879,1246,917,1047,919,1040,941,1031,963,1023,987,983,1038,1003,1043,1023,1047,1047,1047,1071,1047,923,935,946,924,971,924,995,937,970,940,944,940,1113,945,1142,934,1170,939,1193,957,1165,957,1138,952,951,1134,971,1097,996,1081,1015,1088,1037,1086,1071,1108,1108,1147,1069,1164,1034,1167,1011,1166,989,1163,967,1155,965,1129,995,1111,1015,1113,1036,1115,1091,1142,1036,1137,1014,1136,993,1133
2982,h,1,1,831,831,1277,1277,99.4,873,966,866,1019,864,1075,866,1128,876,1179,894,1222,926,1258,967,1282,1019,1294,1077,1291,1139,1281,1195,1263,1239,1230,1269,1184,1287,1128,1299,1070,1311,1010,885,894,903,860,940,845,980,846,1015,862,1087,868,1130,856,1177,859,1219,878,1242,916,1044,918,1037,942,1030,964,1022,989,984,1040,1003,1045,1022,1049,1047,1049,1071,1048,920,936,942,924,967,923,992,939,966,940,940,941,1109,946,1139,933,1167,938,1190,957,1162,957,1135,952,953,1132,974,1096,998,1079,1015,1085,1035,1083,1069,1108,1108,1149,1067,1166,1032,1169,1011,1168,991,1163,970,1154,967,1128,997,1109,1015,1112,1034,1114,1090,1142,1034,1138,1014,1135,995,1132
2983,h,1,1,831,831,1277,1277,99.43333333333334,873,966,866,1019,864,1075,866,1128,876,1179,894,1222,926,1258,967,1282,1019,1294,1077,1291,1139,1281,1195,1263,1239,1230,1269,1184,1287,1128,1299,1070,1311,1010,885,894,903,860,940,845,980,846,1015,862,1087,868,1130,856,1177,859,1219,878,1242,916,1044,918,1037,942,1030,964,1022,989,984,1040,1003,1045,1022,1049,1047,1049,1071,1048,920,936,942,924,967,923,992,939,966,940,940,941,1109,946,1139,933,1167,938,1190,957,1162,957,1135,952,953,1132,974,1096,998,1079,1015,1085,1035,1083,1069,1108,1108,1149,1067,1166,1032,1169,1011,1168,991,1163,970,1154,967,1128,997,1109,1015,1112,1034,1114,1090,1142,1034,1138,1014,1135,995,1132
2984,h,1,1,831,831,1277,1277,99.46666666666667,891,963,883,1013,879,1067,879,1120,884,1171,900,1215,928,1252,966,1278,1018,1292,1077,1290,1138,1281,1194,1262,1240,1230,1270,1182,1288,1127,1301,1069,1314,1009,893,888,912,855,948,845,987,847,1020,863,1088,864,1133,855,1180,860,1221,879,1244,918,1047,916,1040,938,1031,960,1022,984,983,1037,1003,1042,1022,1046,1048,1046,1073,1046,926,934,947,921,972,921,997,935,971,937,946,938,1111,942,1140,930,1167,936,1192,953,1163,953,1136,949,951,1130,971,1093,996,1076,1013,1083,1034,1081,1069,1106,1108,1146,1066,1164,1030,1167,1008,1165,988,1160,966,1150,965,1126,995,1107,1013,1109,1033,1112,1090,1141,1031,1135,1011,1133,992,1130
2985,h,1,1,831,831,1277,1277,99.5,884,968,880,1020,879,1072,879,1123,884,1173,898,1217,926,1253,963,1278,1015,1292,1076,1291,1139,1281,1195,1262,1239,1229,1268,1182,1287,1127,1301,1070,1315,1009,883,893,903,859,942,843,985,845,1023,862,1087,866,1134,857,1182,862,1225,882,1250,920,1049,913,1042,937,1033,960,1024,985,983,1034,1002,1040,1022,1046,1048,1046,1072,1047,919,934,942,924,968,922,995,933,968,935,942,936,1113,943,1144,935,1172,941,1198,957,1168,955,1140,950,949,1129,969,1091,994,1074,1011,1082,1032,1081,1067,1109,1105,1152,1064,1170,1027,1171,1005,1169,984,1163,963,1151,964,1125,992,1105,1011,1109,1031,1112,1087,1145,1029,1137,1008,1134,989,1130
2988,h,1,1,831,831,1277,1277,99.6,889,965,882,1016,880,1070,881,1122,887,1173,903,1215,930,1249,965,1275,1013,1288,1071,1290,1132,1282,1189,1267,1235,1237,1269,1193,1291,1137,1307,1076,1321,1013,887,885,907,854,943,843,982,846,1017,862,1088,868,1133,857,1180,859,1224,876,1254,911,1045,914,1037,937,1028,959,1018,982,982,1033,1001,1040,1019,1045,1044,1045,1068,1044,922,931,945,919,972,919,997,934,970,937,943,937,1114,942,1144,931,1174,938,1200,955,1169,956,1140,951,955,1129,971,1091,995,1073,1011,1080,1030,1079,1065,1106,1103,1153,1063,1172,1027,1175,1006,1172,986,1167,966,1156,969,1126,993,1104,1010,1107,1029,1110,1086,1146,1028,1140,1010,1137,992,1132
2989,h,1,1,831,831,1277,1277,99.63333333333334,892,959,885,1011,882,1066,884,1121,890,1171,905,1217,932,1254,969,1279,1019,1291,1077,1288,1138,1278,1194,1260,1238,1228,1269,1182,1288,1127,1302,1069,1316,1008,896,888,915,858,948,848,983,851,1015,866,1086,872,1126,859,1172,861,1214,882,1240,919,1042,914,1033,937,1024,959,1013,984,984,1035,1000,1041,1018,1045,1042,1045,1065,1044,929,932,949,918,976,918,1000,934,975,937,948,938,1107,941,1134,927,1162,931,1187,950,1159,952,1132,947,955,1128,972,1094,995,1080,1014,1086,1033,1083,1068,1105,1105,1144,1066,1164,1031,1169,1009,1169,989,1165,968,1154,967,1124,994,1106,1013,1109,1033,1110,1089,1139,1032,1143,1012,1143,992,1138
2990,h,1,1,831,831,1277,1277,99.66666666666667,892,959,885,1011,882,1066,884,1121,890,1171,905,1217,932,1254,969,1279,1019,1291,1077,1288,1138,1278,1194,1260,1238,1228,1269,1182,1288,1127,1302,1069,1316,1008,896,888,915,858,948,848,983,851,1015,866,1086,872,1126,859,1172,861,1214,882,1240,919,1042,914,1033,937,1024,959,1013,984,984,1035,1000,1041,1018,1045,1042,1045,1065,1044,929,932,949,918,976,918,1000,934,975,937,948,938,1107,941,1134,927,1162,931,1187,950,1159,952,1132,947,955,1128,972,1094,995,1080,1014,1086,1033,1083,1068,1105,1105,1144,1066,1164,1031,1169,1009,1169,989,1165,968,1154,967,1124,994,1106,1013,1109,1033,1110,1089,1139,1032,1143,1012,1143,992,1138
2992,h,1,1,831,831,1277,1277,99.73333333333333,888,975,884,1026,883,1077,885,1129,895,1178,915,1218,947,1248,984,1270,1031,1282,1087,1280,1149,1271,1203,1252,1244,1220,1272,1175,1290,1122,1303,1066,1316,1006,888,894,909,858,946,844,987,847,1021,863,1084,867,1129,854,1177,858,1221,880,1247,919,1047,910,1040,934,1032,958,1023,983,989,1033,1006,1039,1025,1043,1048,1043,1070,1043,928,931,949,917,976,917,1001,932,975,935,948,936,1110,940,1139,926,1167,932,1191,951,1164,951,1136,946,962,1122,978,1087,1000,1071,1016,1077,1034,1076,1069,1102,1108,1143,1068,1161,1033,1163,1014,1162,995,1157,975,1146,974,1118,1000,1099,1016,1102,1034,1105,1091,1138,1034,1134,1016,1132,999,1127
2995,h,1,1,831,831,1277,1277,99.83333333333333,884,984,882,1033,882,1082,885,1133,895,1180,916,1221,948,1250,985,1273,1032,1286,1088,1285,1148,1274,1202,1256,1243,1224,1272,1178,1290,1125,1303,1070,1318,1011,888,900,906,864,942,848,981,849,1016,863,1083,866,1128,854,1177,858,1222,880,1249,921,1045,913,1037,936,1029,958,1020,983,988,1033,1006,1039,1024,1042,1048,1042,1071,1042,925,934,945,920,971,919,996,933,971,936,945,938,1113,940,1141,927,1168,933,1194,951,1165,952,1138,947,962,1131,979,1091,1002,1074,1019,1081,1039,1079,1074,1103,1112,1144,1072,1160,1038,1164,1016,1163,997,1159,976,1150,974,1127,1001,1102,1019,1105,1039,1107,1096,1139,1039,1135,1018,1134,1000,1131
2996,h,1,1,831,831,1277,1277,99.86666666666666,880,989,877,1037,879,1087,883,1138,894,1186,914,1228,946,1260,984,1282,1035,1294,1092,1289,1150,1275,1201,1250,1240,1215,1266,1169,1283,1115,1294,1063,1304,1006,884,901,901,864,936,845,977,845,1013,860,1080,864,1123,850,1171,855,1213,879,1238,919,1042,914,1037,936,1031,958,1025,982,991,1039,1009,1043,1028,1045,1050,1045,1073,1045,920,936,941,920,967,919,993,936,967,939,940,940,1106,943,1132,927,1160,930,1184,951,1157,952,1130,948,961,1137,984,1102,1008,1086,1026,1089,1045,1087,1078,1105,1113,1143,1078,1162,1045,1168,1024,1168,1005,1166,982,1159,974,1134,1007,1108,1026,1110,1044,1110,1098,1139,1045,1143,1026,1144,1007,1141
2999,h,1,1,831,831,1277,1277,99.96666666666667,886,972,882,1024,881,1077,883,1129,892,1178,912,1217,944,1247,980,1269,1026,1282,1080,1281,1140,1271,1196,1254,1239,1223,1270,1178,1289,1124,1302,1067,1315,1006,889,893,908,858,944,844,985,848,1018,865,1083,869,1127,855,1176,858,1220,879,1246,919,1044,914,1037,938,1029,962,1020,987,983,1036,1002,1042,1021,1046,1045,1046,1068,1046,924,930,946,917,973,918,998,934,971,936,944,936,1107,941,1135,928,1163,933,1188,951,1160,953,1132,948,953,1127,970,1090,994,1075,1012,1082,1031,1080,1066,1104,1104,1144,1064,1161,1029,1163,1009,1161,989,1157,968,1149,965,1124,993,1102,1011,1105,1030,1107,1088,1138,1030,1134,1011,1132,993,1129
3000,h,1,1,831,831,1277,1277,100.0,887,968,882,1019,879,1073,880,1125,886,1174,903,1216,932,1249,968,1271,1016,1284,1072,1284,1133,1276,1190,1259,1235,1230,1267,1185,1288,1131,1302,1073,1317,1012,887,892,906,857,943,844,984,848,1019,864,1082,868,1127,855,1177,859,1221,879,1247,919,1044,913,1036,936,1027,959,1017,984,983,1035,1000,1041,1018,1045,1043,1045,1067,1044,922,931,945,919,972,919,997,934,970,937,943,937,1110,940,1139,928,1168,934,1193,952,1164,952,1136,947,949,1127,968,1090,993,1074,1009,1080,1028,1079,1064,1103,1103,1146,1061,1163,1024,1165,1004,1163,985,1159,964,1150,963,1125,991,1101,1008,1104,1027,1106,1086,1141,1026,1135,1007,1133,989,1129
3003,h,1,1,831,831,1277,1277,100.1,892,957,884,1006,880,1058,878,1109,881,1160,894,1204,920,1241,956,1270,1007,1285,1067,1286,1132,1279,1193,1263,1241,1234,1276,1187,1299,1131,1314,1072,1329,1010,894,884,911,852,946,841,983,845,1019,860,1092,865,1137,855,1184,858,1227,875,1254,910,1047,913,1038,935,1028,957,1017,980,981,1032,999,1038,1018,1043,1043,1043,1068,1042,924,931,946,921,972,921,999,934,971,936,945,936,1115,940,1145,931,1174,936,1201,952,1170,952,1141,947,948,1126,966,1089,991,1072,1007,1078,1027,1077,1063,1101,1106,1141,1061,1160,1023,1163,1002,1162,982,1158,962,1148,962,1122,989,1102,1007,1105,1026,1107,1088,1136,1025,1132,1005,1131,987,1128
3006,h,1,1,831,831,1277,1277,100.2,893,959,885,1011,881,1064,882,1117,887,1167,903,1211,934,1243,973,1266,1022,1277,1079,1277,1140,1269,1198,1253,1243,1224,1275,1179,1294,1126,1308,1069,1322,1008,891,890,909,857,944,843,983,846,1018,863,1088,868,1132,855,1182,858,1226,877,1253,914,1046,914,1038,936,1029,957,1018,980,984,1033,1002,1038,1021,1043,1046,1043,1070,1042,920,935,943,923,970,922,998,936,969,938,942,939,1115,942,1147,930,1176,935,1203,952,1172,952,1143,947,949,1121,970,1088,994,1072,1011,1077,1030,1076,1067,1099,1111,1136,1066,1151,1028,1152,1008,1151,988,1147,967,1140,963,1118,993,1101,1011,1103,1029,1105,1094,1131,1029,1122,1010,1120,992,1117
3011,h,1,1,831,831,1277,1277,100.36666666666666,872,972,866,1027,865,1082,870,1135,883,1184,902,1224,934,1257,973,1279,1023,1289,1080,1286,1141,1275,1198,1257,1244,1225,1273,1178,1292,1123,1303,1064,1315,1003,883,898,904,865,941,852,982,854,1018,869,1089,874,1131,863,1177,865,1219,881,1246,915,1047,924,1040,948,1033,971,1025,996,986,1048,1005,1052,1025,1056,1050,1056,1074,1055,917,948,940,938,966,936,993,945,966,949,940,950,1112,950,1142,943,1170,948,1195,962,1166,961,1138,957,952,1135,974,1103,998,1087,1015,1092,1035,1090,1069,1111,1108,1146,1068,1161,1034,1164,1013,1163,993,1160,971,1153,966,1132,997,1114,1015,1117,1034,1118,1091,1142,1035,1133,1016,1131,997,1130
3012,h,1,1,831,831,1277,1277,100.4,881,960,872,1012,869,1067,870,1121,878,1174,896,1218,926,1256,965,1283,1017,1295,1075,1294,1137,1283,1194,1265,1241,1233,1273,1186,1292,1129,1305,1069,1317,1006,894,894,913,863,948,853,986,856,1020,871,1086,876,1128,865,1175,868,1217,886,1243,920,1046,925,1039,950,1030,973,1021,999,984,1048,1003,1054,1023,1058,1048,1057,1073,1055,925,942,948,932,974,932,998,945,972,949,946,949,1109,951,1138,940,1165,945,1190,960,1162,962,1134,958,954,1140,973,1107,996,1091,1015,1096,1034,1093,1068,1114,1107,1151,1068,1167,1035,1172,1013,1172,992,1169,972,1161,968,1137,995,1119,1014,1121,1034,1122,1090,1146,1035,1142,1015,1141,996,1139
3013,h,1,1,831,831,1277,1277,100.43333333333334,881,960,872,1012,869,1067,870,1121,878,1174,896,1218,926,1256,965,1283,1017,1295,1075,1294,1137,1283,1194,1265,1241,1233,1273,1186,1292,1129,1305,1069,1317,1006,894,894,913,863,948,853,986,856,1020,871,1086,876,1128,865,1175,868,1217,886,1243,920,1046,925,1039,950,1030,973,1021,999,984,1048,1003,1054,1023,1058,1048,1057,1073,1055,925,942,948,932,974,932,998,945,972,949,946,949,1109,951,1138,940,1165,945,1190,960,1162,962,1134,958,954,1140,973,1107,996,1091,1015,1096,1034,1093,1068,1114,1107,1151,1068,1167,1035,1172,1013,1172,992,1169,972,1161,968,1137,995,1119,1014,1121,1034,1122,1090,1146,1035,1142,1015,1141,996,1139
3014,h,1,1,831,831,1277,1277,100.46666666666667,888,965,882,1017,879,1073,880,1128,887,1180,902,1226,930,1266,965,1297,1016,1312,1075,1310,1138,1299,1197,1278,1244,1245,1277,1196,1297,1138,1311,1075,1324,1010,890,897,908,864,944,852,982,853,1017,869,1087,874,1132,863,1181,867,1225,887,1250,925,1046,927,1038,950,1030,972,1021,998,984,1049,1003,1055,1023,1059,1048,1059,1073,1057,923,943,946,931,973,931,998,945,971,948,945,949,1112,951,1140,940,1169,945,1195,962,1166,963,1138,958,954,1145,973,1109,997,1092,1016,1098,1036,1096,1072,1118,1111,1158,1070,1181,1035,1187,1012,1187,991,1183,969,1172,967,1142,996,1122,1015,1125,1035,1126,1094,1153,1036,1156,1015,1154,995,1151
3015,h,1,1,831,831,1277,1277,100.5,889,970,884,1020,881,1074,883,1126,889,1179,902,1225,931,1264,967,1293,1020,1307,1081,1306,1145,1296,1203,1277,1249,1243,1280,1194,1301,1136,1314,1074,1326,1011,890,896,908,861,945,848,985,852,1021,868,1089,872,1134,860,1182,862,1226,880,1251,919,1048,925,1040,948,1030,971,1021,996,986,1048,1004,1054,1024,1058,1049,1058,1074,1056,926,944,948,931,975,931,1002,945,974,948,947,949,1115,951,1144,940,1173,944,1198,961,1170,962,1141,958,957,1146,974,1110,997,1093,1015,1099,1035,1097,1073,1119,1114,1159,1072,1180,1036,1185,1013,1185,993,1181,972,1170,971,1143,996,1121,1015,1124,1035,1126,1097,1154,1036,1155,1015,1153,996,1150
3016,h,1,1,831,831,1277,1277,100.53333333333333,888,965,881,1017,878,1070,878,1123,884,1174,899,1219,926,1257,965,1284,1018,1297,1079,1297,1143,1287,1201,1267,1247,1233,1277,1184,1296,1128,1308,1068,1320,1005,889,892,908,858,944,848,982,852,1017,868,1087,872,1129,861,1175,864,1217,881,1242,917,1045,926,1038,949,1031,971,1022,996,986,1047,1005,1052,1024,1056,1049,1056,1073,1055,923,940,945,928,971,928,995,943,970,947,943,947,1113,950,1140,938,1168,943,1192,960,1165,963,1137,958,956,1141,974,1106,998,1089,1016,1095,1036,1093,1071,1116,1111,1154,1070,1175,1035,1179,1013,1179,992,1174,971,1164,970,1138,997,1120,1016,1122,1035,1124,1094,1150,1036,1146,1016,1145,996,1142
3017,h,1,1,831,831,1277,1277,100.56666666666666,888,965,881,1017,878,1070,878,1123,884,1174,899,1219,926,1257,965,1284,1018,1297,1079,1297,1143,1287,1201,1267,1247,1233,1277,1184,1296,1128,1308,1068,1320,1005,889,892,908,858,944,848,982,852,1017,868,1087,872,1129,861,1175,864,1217,881,1242,917,1045,926,1038,949,1031,971,1022,996,986,1047,1005,1052,1024,1056,1049,1056,1073,1055,923,940,945,928,971,928,995,943,970,947,943,947,1113,950,1140,938,1168,943,1192,960,1165,963,1137,958,956,1141,974,1106,998,1089,1016,1095,1036,1093,1071,1116,1111,1154,1070,1175,1035,1179,1013,1179,992,1174,971,1164,970,1138,997,1120,1016,1122,1035,1124,1094,1150,1036,1146,1016,1145,996,1142
3018,h,1,1,831,831,1277,1277,100.6,889,955,883,1008,881,1061,881,1115,886,1166,901,1209,927,1245,963,1272,1015,1285,1073,1287,1136,1279,1193,1262,1242,1232,1275,1186,1296,1130,1310,1070,1324,1007,893,888,912,857,947,848,984,852,1018,868,1090,874,1133,862,1180,864,1222,882,1251,916,1047,922,1039,945,1030,966,1020,990,984,1042,1002,1048,1022,1052,1047,1052,1072,1051,924,936,948,926,975,926,1000,940,973,943,946,942,1114,948,1143,937,1172,942,1198,959,1168,960,1140,955,954,1134,975,1102,998,1085,1015,1091,1035,1089,1069,1111,1109,1149,1067,1164,1032,1165,1011,1163,992,1160,970,1152,968,1130,997,1115,1015,1117,1034,1119,1092,1144,1033,1133,1014,1131,996,1129
3022,h,1,1,831,831,1277,1277,100.73333333333333,887,965,884,1018,885,1071,886,1123,891,1174,907,1218,937,1251,976,1274,1028,1285,1087,1284,1149,1274,1205,1256,1247,1223,1275,1176,1293,1121,1306,1063,1318,1003,887,896,906,862,943,848,983,850,1019,865,1089,870,1134,861,1183,864,1227,883,1253,920,1048,917,1040,941,1031,963,1021,988,987,1039,1005,1045,1024,1049,1049,1048,1073,1047,923,938,946,928,972,927,998,938,971,942,945,943,1115,945,1145,937,1173,943,1198,959,1169,958,1141,953,959,1133,978,1098,1001,1081,1018,1086,1037,1085,1073,1107,1114,1147,1073,1158,1037,1157,1015,1155,996,1152,976,1148,973,1129,1000,1107,1017,1109,1036,1111,1098,1141,1038,1129,1018,1127,1000,1124
3023,h,1,1,831,831,1277,1277,100.76666666666667,888,965,884,1015,882,1068,883,1119,887,1169,902,1212,931,1245,971,1267,1022,1278,1081,1278,1144,1271,1202,1257,1246,1226,1277,1180,1296,1125,1309,1067,1322,1005,887,896,905,861,942,848,983,850,1018,866,1089,868,1134,858,1181,861,1224,880,1250,916,1047,920,1039,943,1031,966,1022,991,986,1041,1004,1047,1023,1050,1048,1049,1072,1048,922,940,945,928,972,927,997,942,970,945,943,946,1114,947,1142,934,1170,939,1196,955,1168,958,1140,953,958,1130,979,1099,1001,1083,1016,1089,1033,1087,1067,1109,1107,1143,1066,1156,1031,1157,1012,1156,995,1152,976,1146,972,1126,1000,1111,1015,1114,1032,1115,1091,1138,1032,1129,1015,1127,998,1124
3024,h,1,1,831,831,1277,1277,100.8,888,965,884,1015,882,1068,883,1119,887,1169,902,1212,931,1245,971,1267,1022,1278,1081,1278,1144,1271,1202,1257,1246,1226,1277,1180,1296,1125,1309,1067,1322,1005,887,896,905,861,942,848,983,850,1018,866,1089,868,1134,858,1181,861,1224,880,1250,916,1047,920,1039,943,1031,966,1022,991,986,1041,1004,1047,1023,1050,1048,1049,1072,1048,922,940,945,928,972,927,997,942,970,945,943,946,1114,947,1142,934,1170,939,1196,955,1168,958,1140,953,958,1130,979,1099,1001,1083,1016,1089,1033,1087,1067,1109,1107,1143,1066,1156,1031,1157,1012,1156,995,1152,976,1146,972,1126,1000,1111,1015,1114,1032,1115,1091,1138,1032,1129,1015,1127,998,1124
3025,h,1,1,831,831,1277,1277,100.83333333333333,889,965,881,1014,877,1067,877,1118,881,1168,895,1213,924,1250,962,1276,1015,1289,1075,1290,1138,1282,1196,1264,1242,1233,1274,1186,1295,1130,1309,1071,1321,1010,894,892,912,861,947,850,985,854,1019,869,1089,870,1132,860,1178,863,1219,882,1244,917,1049,921,1041,945,1033,967,1024,992,984,1041,1004,1048,1024,1052,1049,1052,1074,1051,925,939,947,928,974,927,999,941,973,945,946,945,1113,948,1142,936,1170,941,1195,958,1166,959,1138,955,954,1134,974,1098,997,1082,1015,1088,1035,1087,1069,1110,1110,1148,1067,1161,1032,1163,1010,1161,990,1157,969,1149,968,1130,996,1110,1014,1113,1034,1115,1093,1142,1033,1134,1013,1131,994,1129
3026,h,1,1,831,831,1277,1277,100.86666666666666,890,961,884,1013,883,1066,883,1118,887,1169,902,1213,932,1248,970,1274,1023,1288,1083,1286,1144,1275,1202,1258,1246,1226,1277,1179,1296,1124,1310,1065,1324,1004,889,895,908,862,944,852,983,856,1018,871,1092,874,1136,863,1183,865,1226,880,1254,914,1048,923,1040,946,1032,968,1022,992,986,1043,1005,1049,1024,1052,1049,1053,1074,1052,924,941,946,930,973,929,999,942,972,946,945,947,1116,947,1146,936,1175,941,1201,957,1172,959,1143,955,956,1136,976,1102,999,1086,1015,1091,1034,1090,1069,1112,1110,1148,1068,1163,1032,1164,1012,1162,994,1159,973,1153,970,1132,999,1113,1015,1115,1034,1117,1092,1143,1034,1136,1014,1134,997,1132
3027,h,1,1,831,831,1277,1277,100.9,887,966,880,1016,878,1069,879,1121,885,1172,900,1215,930,1251,968,1277,1020,1288,1080,1288,1140,1277,1195,1260,1241,1229,1272,1182,1290,1128,1303,1070,1316,1009,892,893,910,860,945,850,983,853,1017,868,1089,871,1131,861,1176,864,1217,881,1241,917,1048,924,1040,947,1033,970,1024,994,984,1044,1004,1050,1024,1054,1049,1054,1074,1053,923,940,944,928,970,928,994,942,969,946,943,946,1113,949,1140,936,1168,941,1192,957,1165,959,1138,955,957,1142,974,1105,998,1088,1015,1093,1036,1092,1070,1114,1108,1150,1069,1169,1034,1172,1012,1171,993,1168,971,1159,969,1137,997,1116,1015,1118,1035,1119,1092,1146,1036,1144,1015,1142,996,1140
3028,h,1,1,831,831,1277,1277,100.93333333333334,887,966,880,1016,878,1069,879,1121,885,1172,900,1215,930,1251,968,1277,1020,1288,1080,1288,1140,1277,1195,1260,1241,1229,1272,1182,1290,1128,1303,1070,1316,1009,892,893,910,860,945,850,983,853,1017,868,1089,871,1131,861,1176,864,1217,881,1241,917,1048,924,1040,947,1033,970,1024,994,984,1044,1004,1050,1024,1054,1049,1054,1074,1053,923,940,944,928,970,928,994,942,969,946,943,946,1113,949,1140,936,1168,941,1192,957,1165,959,1138,955,957,1142,974,1105,998,1088,1015,1093,1036,1092,1070,1114,1108,1150,1069,1169,1034,1172,1012,1171,993,1168,971,1159,969,1137,997,1116,1015,1118,1035,1119,1092,1146,1036,1144,1015,1142,996,1140
3029,h,1,1,831,831,1277,1277,100.96666666666667,889,969,883,1020,882,1074,883,1126,888,1178,903,1223,931,1259,968,1287,1019,1300,1078,1298,1139,1286,1195,1267,1242,1235,1273,1186,1293,1130,1307,1072,1319,1010,891,896,910,864,946,853,985,856,1019,873,1088,875,1131,864,1177,866,1220,882,1245,918,1047,926,1039,950,1031,973,1022,999,986,1050,1005,1056,1024,1060,1049,1059,1073,1058,925,944,947,932,973,932,998,945,972,949,946,950,1112,950,1140,938,1168,943,1193,959,1165,961,1137,957,957,1144,975,1108,998,1092,1015,1098,1035,1096,1069,1117,1108,1155,1068,1176,1032,1180,1011,1179,991,1175,970,1165,970,1141,997,1121,1015,1124,1034,1125,1091,1151,1033,1150,1013,1148,995,1146
3030,h,1,1,831,831,1277,1277,101.0,890,972,884,1023,881,1075,882,1127,888,1177,904,1222,933,1259,970,1285,1020,1298,1078,1297,1140,1288,1195,1269,1241,1237,1272,1190,1292,1135,1305,1076,1318,1015,894,896,913,866,947,856,984,860,1017,874,1086,876,1130,866,1176,868,1217,886,1241,922,1046,928,1039,952,1031,976,1022,1002,985,1050,1003,1056,1023,1061,1048,1060,1072,1059,923,943,946,932,972,932,995,945,970,949,944,949,1112,952,1140,940,1168,945,1191,962,1165,962,1137,959,956,1144,976,1110,998,1094,1015,1100,1035,1098,1069,1119,1107,1155,1067,1172,1032,1176,1010,1175,991,1171,972,1163,970,1141,997,1124,1014,1126,1034,1128,1090,1151,1034,1145,1013,1144,996,1141
3031,h,1,1,831,831,1277,1277,101.03333333333333,877,976,870,1029,867,1083,870,1136,879,1185,898,1226,928,1261,966,1286,1017,1296,1073,1295,1132,1286,1189,1269,1236,1238,1267,1191,1287,1134,1299,1073,1311,1011,885,905,904,872,940,860,980,861,1017,874,1082,876,1124,865,1170,867,1211,881,1239,914,1042,927,1037,952,1029,976,1022,1002,984,1054,1002,1058,1022,1062,1047,1061,1072,1059,917,948,940,937,966,935,991,947,965,952,939,953,1108,951,1137,939,1165,943,1190,958,1162,961,1134,958,955,1145,975,1111,998,1094,1015,1100,1033,1097,1067,1118,1106,1155,1065,1170,1032,1172,1012,1171,993,1168,972,1161,970,1140,997,1123,1014,1126,1032,1127,1089,1150,1033,1140,1015,1138,997,1136
3032,h,1,1,831,831,1277,1277,101.06666666666666,877,976,870,1029,867,1083,870,1136,879,1185,898,1226,928,1261,966,1286,1017,1296,1073,1295,1132,1286,1189,1269,1236,1238,1267,1191,1287,1134,1299,1073,1311,1011,885,905,904,872,940,860,980,861,1017,874,1082,876,1124,865,1170,867,1211,881,1239,914,1042,927,1037,952,1029,976,1022,1002,984,1054,1002,1058,1022,1062,1047,1061,1072,1059,917,948,940,937,966,935,991,947,965,952,939,953,1108,951,1137,939,1165,943,1190,958,1162,961,1134,958,955,1145,975,1111,998,1094,1015,1100,1033,1097,1067,1118,1106,1155,1065,1170,1032,1172,1012,1171,993,1168,972,1161,970,1140,997,1123,1014,1126,1032,1127,1089,1150,1033,1140,1015,1138,997,1136
3033,h,1,1,831,831,1277,1277,101.1,875,981,873,1035,875,1090,880,1144,891,1194,911,1238,943,1271,980,1295,1030,1306,1088,1303,1147,1291,1201,1270,1246,1236,1274,1187,1293,1130,1306,1068,1317,1005,882,903,902,870,939,859,979,861,1014,876,1080,877,1124,865,1171,866,1214,881,1243,915,1042,929,1036,954,1029,978,1021,1005,986,1056,1004,1061,1024,1064,1048,1064,1072,1063,918,948,941,935,969,935,994,949,967,954,940,954,1108,953,1137,941,1166,945,1192,962,1164,965,1134,961,965,1156,979,1114,1001,1095,1018,1101,1037,1099,1071,1124,1107,1169,1070,1186,1036,1188,1015,1186,996,1182,977,1175,978,1151,1000,1125,1018,1127,1036,1129,1090,1163,1036,1157,1017,1155,999,1152
3034,h,1,1,831,831,1277,1277,101.13333333333334,887,977,883,1028,885,1080,889,1132,897,1182,914,1224,943,1260,978,1284,1027,1296,1084,1294,1144,1284,1198,1265,1241,1232,1271,1185,1290,1129,1303,1068,1314,1006,888,901,908,872,942,861,980,863,1013,876,1080,879,1123,868,1170,870,1212,887,1241,921,1040,928,1035,954,1028,979,1020,1006,986,1055,1004,1060,1023,1064,1047,1064,1070,1063,920,947,942,934,969,934,993,948,968,953,940,953,1108,953,1135,940,1164,946,1190,962,1162,966,1133,962,961,1152,977,1114,999,1096,1016,1102,1034,1100,1067,1124,1103,1168,1065,1183,1033,1184,1013,1183,994,1179,974,1172,974,1148,998,1127,1015,1129,1033,1131,1087,1161,1033,1151,1015,1149,998,1145
3035,h,1,1,831,831,1277,1277,101.16666666666667,887,977,883,1028,885,1080,889,1132,897,1182,914,1224,943,1260,978,1284,1027,1296,1084,1294,1144,1284,1198,1265,1241,1232,1271,1185,1290,1129,1303,1068,1314,1006,888,901,908,872,942,861,980,863,1013,876,1080,879,1123,868,1170,870,1212,887,1241,921,1040,928,1035,954,1028,979,1020,1006,986,1055,1004,1060,1023,1064,1047,1064,1070,1063,920,947,942,934,969,934,993,948,968,953,940,953,1108,953,1135,940,1164,946,1190,962,1162,966,1133,962,961,1152,977,1114,999,1096,1016,1102,1034,1100,1067,1124,1103,1168,1065,1183,1033,1184,1013,1183,994,1179,974,1172,974,1148,998,1127,1015,1129,1033,1131,1087,1161,1033,1151,1015,1149,998,1145
3036,h,1,1,831,831,1277,1277,101.2,889,978,884,1031,885,1084,890,1137,900,1187,918,1229,949,1263,984,1287,1032,1298,1088,1295,1146,1283,1198,1263,1241,1230,1271,1182,1288,1126,1300,1067,1311,1006,894,896,915,868,949,861,986,866,1017,882,1081,884,1120,871,1166,870,1208,887,1236,921,1042,932,1036,956,1029,980,1021,1006,988,1055,1005,1061,1023,1065,1046,1065,1069,1064,927,946,947,933,974,933,998,949,972,954,946,954,1107,955,1133,941,1161,945,1185,963,1159,967,1131,964,972,1152,983,1113,1003,1097,1018,1103,1036,1102,1069,1126,1104,1166,1068,1184,1036,1184,1017,1183,999,1178,982,1170,984,1148,1002,1125,1018,1127,1036,1130,1090,1160,1036,1155,1018,1152,1002,1148
3037,h,1,1,858,858,1229,1229,101.23333333333333,891,965,886,1015,886,1065,888,1115,894,1163,908,1206,935,1238,970,1260,1018,1271,1075,1269,1133,1256,1184,1234,1225,1201,1254,1157,1272,1106,1287,1052,1302,996,902,901,920,874,952,864,987,866,1018,878,1083,879,1123,869,1167,871,1207,889,1230,924,1043,930,1036,954,1028,978,1019,1004,987,1052,1004,1057,1023,1061,1046,1060,1068,1059,934,947,953,933,978,933,999,949,977,953,952,953,1106,953,1132,937,1159,941,1182,958,1157,963,1130,960,961,1137,979,1109,1001,1096,1015,1103,1032,1100,1060,1119,1096,1151,1057,1162,1028,1162,1011,1161,995,1157,976,1151,973,1133,1000,1124,1015,1126,1032,1128,1079,1147,1029,1131,1013,1130,998,1127
3038,h,1,1,858,858,1229,1229,101.26666666666667,884,968,881,1018,882,1068,884,1116,890,1162,905,1203,933,1234,968,1255,1016,1266,1071,1265,1127,1251,1177,1231,1217,1198,1244,1154,1261,1105,1276,1052,1290,996,889,898,910,870,944,862,981,866,1013,879,1080,882,1119,870,1162,870,1202,885,1226,919,1042,931,1035,955,1028,978,1021,1004,986,1052,1004,1057,1023,1061,1046,1060,1069,1059,921,946,943,931,971,931,996,950,970,955,941,955,1101,954,1129,937,1158,940,1182,958,1156,964,1127,961,957,1137,979,1109,1001,1095,1016,1101,1033,1098,1063,1117,1099,1149,1060,1162,1030,1163,1012,1162,995,1159,975,1152,970,1133,1000,1123,1016,1125,1033,1126,1082,1145,1031,1131,1014,1129,999,1126
3039,h,1,1,858,858,1229,1229,101.3,884,968,881,1018,882,1068,884,1116,890,1162,905,1203,933,1234,968,1255,1016,1266,1071,1265,1127,1251,1177,1231,1217,1198,1244,1154,1261,1105,1276,1052,1290,996,889,898,910,870,944,862,981,866,1013,879,1080,882,1119,870,1162,870,1202,885,1226,919,1042,931,1035,955,1028,978,1021,1004,986,1052,1004,1057,1023,1061,1046,1060,1069,1059,921,946,943,931,971,931,996,950,970,955,941,955,1101,954,1129,937,1158,940,1182,958,1156,964,1127,961,957,1137,979,1109,1001,1095,1016,1101,1033,1098,1063,1117,1099,1149,1060,1162,1030,1163,1012,1162,995,1159,975,1152,970,1133,1000,1123,1016,1125,1033,1126,1082,1145,1031,1131,1014,1129,999,1126
3040,h,1,1,858,858,1229,1229,101.33333333333333,886,978,881,1027,881,1077,883,1126,889,1172,906,1212,934,1243,972,1264,1021,1274,1078,1273,1136,1262,1188,1240,1228,1208,1256,1162,1274,1111,1288,1057,1300,1001,889,898,908,869,942,858,978,860,1011,874,1082,876,1123,864,1168,865,1208,883,1231,919,1042,927,1035,950,1029,973,1021,998,987,1050,1005,1054,1024,1058,1047,1058,1070,1057,921,943,942,930,969,930,993,946,968,950,941,951,1105,950,1132,935,1160,938,1185,955,1159,959,1131,957,957,1137,979,1109,1002,1094,1018,1100,1036,1098,1066,1117,1104,1147,1065,1158,1034,1159,1015,1158,997,1155,976,1149,970,1133,1001,1123,1018,1126,1036,1126,1088,1143,1035,1129,1017,1128,1000,1125
3041,h,1,1,831,831,1277,1277,101.36666666666666,881,966,875,1018,874,1072,878,1126,887,1176,904,1221,932,1258,969,1285,1021,1297,1080,1293,1142,1280,1198,1260,1244,1226,1274,1178,1292,1121,1304,1061,1315,999,886,895,903,863,939,852,978,855,1012,871,1083,873,1126,861,1173,862,1217,878,1244,913,1042,926,1035,950,1027,973,1018,998,983,1049,1002,1056,1021,1060,1046,1059,1069,1057,919,944,942,933,968,932,994,945,967,949,940,950,1109,950,1138,939,1166,943,1191,959,1162,961,1135,957,954,1141,973,1109,995,1094,1013,1099,1032,1097,1067,1117,1108,1152,1067,1170,1031,1173,1010,1172,990,1168,969,1160,967,1138,995,1121,1013,1124,1032,1125,1091,1148,1032,1143,1012,1141,993,1138
3042,h,1,1,831,831,1277,1277,101.4,882,973,877,1024,879,1078,882,1130,889,1181,905,1224,933,1259,970,1286,1021,1298,1081,1297,1141,1284,1196,1263,1241,1231,1270,1184,1288,1128,1301,1070,1312,1008,888,897,907,865,944,854,983,857,1017,873,1081,876,1123,864,1170,866,1211,882,1237,916,1042,928,1036,952,1028,975,1020,1001,984,1051,1003,1057,1023,1061,1046,1060,1070,1059,919,946,941,933,968,932,993,948,967,952,940,952,1107,952,1136,938,1165,942,1189,959,1162,963,1134,959,956,1143,975,1110,998,1094,1014,1100,1033,1098,1068,1119,1108,1154,1066,1171,1031,1173,1011,1172,993,1169,972,1162,970,1139,997,1123,1014,1126,1033,1128,1091,1150,1032,1142,1013,1141,996,1139
3043,h,1,1,831,831,1277,1277,101.43333333333334,882,973,877,1024,879,1078,882,1130,889,1181,905,1224,933,1259,970,1286,1021,1298,1081,1297,1141,1284,1196,1263,1241,1231,1270,1184,1288,1128,1301,1070,1312,1008,888,897,907,865,944,854,983,857,1017,873,1081,876,1123,864,1170,866,1211,882,1237,916,1042,928,1036,952,1028,975,1020,1001,984,1051,1003,1057,1023,1061,1046,1060,1070,1059,919,946,941,933,968,932,993,948,967,952,940,952,1107,952,1136,938,1165,942,1189,959,1162,963,1134,959,956,1143,975,1110,998,1094,1014,1100,1033,1098,1068,1119,1108,1154,1066,1171,1031,1173,1011,1172,993,1169,972,1162,970,1139,997,1123,1014,1126,1033,1128,1091,1150,1032,1142,1013,1141,996,1139
3044,h,1,1,831,831,1277,1277,101.46666666666667,892,970,885,1022,884,1076,885,1128,891,1179,904,1222,932,1257,969,1282,1018,1296,1076,1296,1137,1286,1192,1269,1238,1237,1271,1190,1290,1133,1304,1071,1317,1008,900,899,917,869,950,860,986,864,1018,878,1086,877,1127,867,1172,869,1214,885,1241,918,1044,927,1036,952,1028,976,1020,1002,985,1052,1002,1057,1022,1061,1046,1061,1070,1059,928,946,948,933,974,932,997,947,972,951,947,952,1111,950,1136,938,1165,942,1189,959,1162,962,1134,958,957,1143,976,1111,998,1095,1015,1101,1033,1099,1066,1119,1106,1155,1065,1168,1032,1168,1012,1167,993,1164,974,1159,971,1139,997,1123,1014,1126,1032,1127,1090,1149,1033,1138,1014,1137,997,1134
3045,h,1,1,831,831,1277,1277,101.5,889,970,884,1021,882,1072,884,1124,890,1173,905,1215,935,1248,972,1272,1022,1284,1081,1283,1142,1274,1199,1256,1244,1224,1274,1178,1292,1123,1304,1064,1317,1002,892,897,911,870,944,861,980,863,1012,875,1086,875,1127,865,1172,868,1212,883,1240,914,1041,928,1034,953,1027,977,1018,1004,984,1054,1002,1059,1021,1062,1046,1061,1070,1059,921,945,943,934,970,933,994,947,968,952,942,953,1109,950,1135,937,1164,941,1189,957,1161,961,1133,957,957,1141,976,1111,997,1097,1014,1102,1032,1099,1066,1119,1106,1152,1065,1164,1031,1163,1011,1162,993,1159,973,1155,970,1137,996,1123,1014,1125,1031,1127,1091,1146,1031,1133,1014,1132,996,1130
3046,h,1,1,831,831,1277,1277,101.53333333333333,890,974,884,1024,882,1076,884,1127,891,1177,907,1219,936,1251,973,1275,1022,1286,1080,1286,1141,1277,1197,1262,1243,1232,1274,1186,1292,1131,1305,1071,1317,1010,891,899,910,869,945,860,983,863,1016,877,1084,876,1127,864,1174,867,1217,883,1245,917,1043,925,1036,950,1028,973,1020,1000,983,1049,1002,1056,1022,1060,1047,1059,1072,1057,922,946,944,935,969,934,995,946,969,950,943,951,1111,949,1139,939,1167,944,1193,960,1164,961,1136,956,958,1138,977,1107,999,1093,1015,1099,1033,1097,1066,1117,1108,1151,1066,1161,1031,1158,1012,1157,994,1153,974,1149,971,1133,998,1119,1014,1122,1032,1123,1092,1145,1032,1130,1014,1128,997,1125
3047,h,1,1,831,831,1277,1277,101.56666666666666,890,974,884,1024,882,1076,884,1127,891,1177,907,1219,936,1251,973,1275,1022,1286,1080,1286,1141,1277,1197,1262,1243,1232,1274,1186,1292,1131,1305,1071,1317,1010,891,899,910,869,945,860,983,863,1016,877,1084,876,1127,864,1174,867,1217,883,1245,917,1043,925,1036,950,1028,973,1020,1000,983,1049,1002,1056,1022,1060,1047,1059,1072,1057,922,946,944,935,969,934,995,946,969,950,943,951,1111,949,1139,939,1167,944,1193,960,1164,961,1136,956,958,1138,977,1107,999,1093,1015,1099,1033,1097,1066,1117,1108,1151,1066,1161,1031,1158,1012,1157,994,1153,974,1149,971,1133,998,1119,1014,1122,1032,1123,1092,1145,1032,1130,1014,1128,997,1125
3048,h,1,1,831,831,1277,1277,101.6,874,982,871,1035,871,1088,876,1139,886,1188,906,1227,937,1258,975,1279,1025,1289,1080,1286,1139,1276,1195,1258,1239,1227,1270,1181,1289,1127,1300,1068,1312,1006,880,911,897,875,934,858,976,858,1012,872,1079,874,1123,861,1171,864,1215,883,1241,920,1041,923,1035,947,1029,971,1022,997,985,1050,1003,1054,1023,1057,1047,1056,1070,1056,918,947,940,934,966,932,991,945,965,949,939,950,1105,947,1133,935,1161,939,1186,956,1158,957,1130,953,958,1137,978,1107,999,1091,1015,1097,1034,1096,1066,1117,1107,1150,1065,1159,1032,1158,1012,1156,993,1153,974,1148,970,1132,998,1117,1015,1121,1033,1122,1091,1144,1032,1130,1014,1128,997,1126
3049,h,1,1,831,831,1277,1277,101.63333333333334,887,972,883,1022,882,1075,883,1126,889,1176,904,1218,933,1251,970,1276,1020,1287,1079,1285,1141,1275,1198,1257,1243,1224,1273,1177,1290,1122,1302,1064,1314,1004,885,904,903,871,939,858,979,860,1015,874,1081,875,1123,862,1170,864,1214,880,1241,916,1040,923,1034,947,1026,971,1018,997,983,1048,1001,1053,1020,1057,1045,1056,1069,1054,919,945,941,932,968,931,994,944,967,949,940,951,1106,948,1134,935,1163,940,1187,957,1160,959,1131,955,955,1137,975,1106,996,1090,1012,1096,1030,1094,1065,1115,1108,1149,1064,1159,1029,1157,1010,1155,992,1152,972,1148,969,1132,995,1117,1012,1120,1029,1122,1092,1144,1030,1129,1012,1126,995,1124
3050,h,1,1,831,831,1277,1277,101.66666666666667,887,972,883,1022,882,1075,883,1126,889,1176,904,1218,933,1251,970,1276,1020,1287,1079,1285,1141,1275,1198,1257,1243,1224,1273,1177,1290,1122,1302,1064,1314,1004,885,904,903,871,939,858,979,860,1015,874,1081,875,1123,862,1170,864,1214,880,1241,916,1040,923,1034,947,1026,971,1018,997,983,1048,1001,1053,1020,1057,1045,1056,1069,1054,919,945,941,932,968,931,994,944,967,949,940,951,1106,948,1134,935,1163,940,1187,957,1160,959,1131,955,955,1137,975,1106,996,1090,1012,1096,1030,1094,1065,1115,1108,1149,1064,1159,1029,1157,1010,1155,992,1152,972,1148,969,1132,995,1117,1012,1120,1029,1122,1092,1144,1030,1129,1012,1126,995,1124
3051,h,1,1,831,831,1277,1277,101.7,877,980,872,1031,871,1082,874,1134,884,1182,902,1222,933,1254,972,1277,1023,1289,1081,1288,1141,1280,1197,1263,1241,1232,1271,1186,1289,1130,1301,1071,1313,1009,885,903,903,870,940,858,980,860,1016,875,1079,875,1123,862,1172,864,1217,881,1244,918,1042,921,1035,946,1028,969,1020,994,982,1045,1001,1052,1021,1056,1047,1055,1071,1053,917,947,939,935,965,933,992,944,965,948,939,950,1107,947,1138,937,1166,942,1192,958,1163,958,1134,954,955,1137,974,1104,995,1088,1013,1094,1032,1092,1067,1114,1109,1150,1067,1161,1032,1158,1011,1156,992,1153,972,1149,969,1132,995,1116,1013,1119,1032,1120,1093,1145,1032,1129,1013,1126,995,1124
3052,h,1,1,831,831,1277,1277,101.73333333333333,890,968,883,1019,882,1071,884,1123,890,1172,904,1215,931,1247,968,1271,1019,1283,1077,1282,1138,1272,1194,1256,1241,1224,1272,1178,1291,1123,1303,1064,1314,1002,888,897,905,864,941,854,980,858,1014,873,1079,875,1121,861,1167,862,1211,876,1239,910,1041,922,1034,945,1027,968,1018,993,982,1046,1001,1051,1020,1054,1045,1054,1069,1053,921,942,943,931,969,929,994,942,968,946,942,947,1107,945,1134,934,1161,938,1186,953,1158,955,1131,951,956,1134,975,1102,997,1086,1013,1092,1030,1090,1064,1111,1105,1146,1063,1158,1028,1157,1009,1156,991,1152,972,1147,969,1129,996,1115,1012,1117,1030,1119,1090,1140,1029,1127,1012,1125,995,1123
3053,h,1,1,831,831,1277,1277,101.76666666666667,889,972,883,1022,882,1074,883,1126,889,1175,904,1215,933,1247,971,1269,1022,1279,1081,1278,1142,1269,1199,1253,1245,1223,1275,1177,1293,1123,1305,1064,1318,1003,889,898,906,866,941,855,979,857,1012,872,1082,873,1125,860,1172,862,1215,878,1242,912,1041,922,1034,945,1026,967,1018,992,980,1044,1000,1050,1020,1053,1045,1053,1069,1052,919,945,941,932,967,931,992,943,967,946,941,948,1108,946,1136,934,1163,939,1189,954,1161,955,1133,951,954,1134,974,1102,996,1086,1012,1091,1030,1090,1064,1111,1107,1144,1063,1156,1029,1155,1009,1153,991,1150,971,1145,967,1129,996,1113,1012,1115,1030,1117,1090,1139,1029,1126,1012,1124,994,1122
3054,h,1,1,831,831,1277,1277,101.8,889,972,883,1022,882,1074,883,1126,889,1175,904,1215,933,1247,971,1269,1022,1279,1081,1278,1142,1269,1199,1253,1245,1223,1275,1177,1293,1123,1305,1064,1318,1003,889,898,906,866,941,855,979,857,1012,872,1082,873,1125,860,1172,862,1215,878,1242,912,1041,922,1034,945,1026,967,1018,992,980,1044,1000,1050,1020,1053,1045,1053,1069,1052,919,945,941,932,967,931,992,943,967,946,941,948,1108,946,1136,934,1163,939,1189,954,1161,955,1133,951,954,1134,974,1102,996,1086,1012,1091,1030,1090,1064,1111,1107,1144,1063,1156,1029,1155,1009,1153,991,1150,971,1145,967,1129,996,1113,1012,1115,1030,1117,1090,1139,1029,1126,1012,1124,994,1122
3055,h,1,1,831,831,1277,1277,101.83333333333333,890,973,883,1023,882,1075,884,1127,890,1176,906,1219,934,1253,972,1278,1022,1289,1081,1288,1143,1276,1199,1258,1245,1226,1277,1179,1295,1122,1306,1062,1317,998,886,899,904,865,939,853,978,856,1011,872,1077,871,1119,858,1166,859,1209,875,1238,910,1038,924,1031,947,1023,969,1015,994,981,1045,999,1050,1019,1054,1043,1053,1067,1051,921,944,941,930,967,929,992,943,966,948,940,949,1105,947,1132,933,1160,937,1186,953,1158,957,1130,953,951,1133,971,1101,993,1086,1009,1091,1027,1089,1063,1110,1106,1144,1062,1157,1026,1158,1007,1156,989,1153,969,1147,964,1129,993,1113,1010,1116,1027,1117,1089,1139,1027,1129,1009,1127,991,1124
3056,h,1,1,831,831,1277,1277,101.86666666666666,886,988,881,1037,880,1088,883,1138,890,1185,906,1225,935,1256,970,1278,1019,1287,1074,1286,1134,1279,1191,1263,1237,1234,1269,1189,1288,1134,1300,1074,1311,1013,883,903,899,868,935,855,974,855,1008,868,1078,868,1122,857,1168,860,1210,876,1237,912,1038,919,1031,943,1024,965,1015,990,980,1044,999,1049,1018,1052,1042,1051,1066,1049,918,945,939,931,965,929,990,942,964,947,938,949,1104,944,1132,932,1159,936,1184,952,1156,954,1129,950,953,1137,971,1103,992,1085,1009,1090,1027,1088,1062,1109,1104,1144,1062,1154,1027,1155,1008,1154,989,1151,970,1148,967,1132,992,1113,1009,1115,1027,1116,1088,1139,1027,1124,1009,1122,992,1121
3057,h,1,1,831,831,1277,1277,101.9,885,976,880,1028,880,1081,883,1132,890,1181,906,1223,933,1255,970,1278,1020,1288,1078,1286,1140,1278,1196,1260,1241,1229,1271,1182,1289,1127,1302,1069,1315,1007,883,901,899,865,935,849,975,851,1010,868,1078,870,1123,857,1172,859,1216,877,1244,913,1038,916,1031,940,1023,963,1014,988,980,1041,998,1046,1017,1050,1041,1049,1066,1048,918,940,939,927,966,926,992,939,965,944,938,945,1107,943,1136,932,1164,937,1189,953,1161,954,1132,950,953,1131,972,1098,993,1082,1009,1088,1027,1087,1062,1109,1105,1145,1061,1157,1025,1156,1006,1154,987,1150,970,1145,968,1126,992,1110,1009,1113,1026,1115,1088,1140,1026,1126,1008,1123,991,1120
3058,h,1,1,831,831,1277,1277,101.93333333333334,885,976,880,1028,880,1081,883,1132,890,1181,906,1223,933,1255,970,1278,1020,1288,1078,1286,1140,1278,1196,1260,1241,1229,1271,1182,1289,1127,1302,1069,1315,1007,883,901,899,865,935,849,975,851,1010,868,1078,870,1123,857,1172,859,1216,877,1244,913,1038,916,1031,940,1023,963,1014,988,980,1041,998,1046,1017,1050,1041,1049,1066,1048,918,940,939,927,966,926,992,939,965,944,938,945,1107,943,1136,932,1164,937,1189,953,1161,954,1132,950,953,1131,972,1098,993,1082,1009,1088,1027,1087,1062,1109,1105,1145,1061,1157,1025,1156,1006,1154,987,1150,970,1145,968,1126,992,1110,1009,1113,1026,1115,1088,1140,1026,1126,1008,1123,991,1120
3059,h,1,1,831,831,1277,1277,101.96666666666667,886,973,880,1023,879,1076,882,1127,890,1177,906,1218,935,1250,972,1271,1020,1283,1076,1282,1137,1273,1193,1257,1238,1227,1269,1181,1287,1125,1299,1065,1311,1003,888,896,906,864,941,853,979,854,1012,869,1076,870,1117,858,1164,860,1206,878,1235,913,1037,918,1030,942,1022,964,1013,990,980,1041,997,1047,1016,1050,1040,1049,1064,1048,920,938,941,924,968,924,992,939,966,944,940,944,1103,945,1129,930,1158,935,1183,952,1156,955,1128,951,958,1136,974,1097,994,1080,1010,1086,1027,1085,1062,1107,1101,1146,1061,1158,1027,1157,1008,1155,991,1151,973,1147,972,1131,994,1108,1009,1110,1027,1113,1085,1141,1028,1129,1010,1126,994,1123
3063,h,1,1,831,831,1277,1277,102.1,883,978,879,1029,879,1080,881,1131,888,1179,903,1220,931,1252,967,1272,1017,1283,1074,1283,1136,1276,1192,1260,1236,1229,1266,1183,1283,1128,1295,1069,1308,1009,883,892,902,861,936,849,973,851,1006,865,1075,865,1117,855,1164,857,1206,875,1235,910,1033,913,1025,938,1017,961,1007,987,977,1039,994,1044,1012,1047,1034,1047,1058,1047,915,939,937,926,963,925,988,937,962,941,937,943,1103,941,1130,929,1159,935,1184,951,1155,953,1128,949,956,1140,968,1096,988,1077,1004,1083,1023,1083,1056,1108,1094,1153,1055,1162,1021,1160,1001,1158,984,1154,968,1150,969,1135,987,1109,1004,1111,1022,1114,1078,1147,1022,1128,1003,1125,987,1122
3064,h,1,1,831,831,1277,1277,102.13333333333334,882,978,878,1029,878,1080,881,1131,888,1181,904,1222,932,1254,968,1276,1017,1287,1074,1285,1135,1275,1191,1257,1234,1226,1263,1178,1282,1123,1294,1064,1306,1002,881,896,901,867,937,856,975,858,1010,871,1068,870,1110,856,1157,858,1200,875,1230,910,1031,914,1024,937,1015,959,1006,983,975,1039,992,1044,1011,1047,1034,1047,1058,1046,913,941,934,929,960,926,987,938,960,942,934,945,1099,940,1128,929,1156,934,1183,949,1153,950,1125,946,950,1138,964,1096,985,1076,1002,1081,1021,1080,1056,1106,1097,1150,1056,1165,1021,1165,1001,1164,982,1160,963,1154,963,1134,986,1106,1003,1108,1021,1111,1080,1145,1021,1135,1003,1133,985,1131
3080,h,1,1,831,831,1277,1277,102.66666666666667,881,986,875,1034,874,1085,877,1136,886,1185,902,1225,932,1257,969,1278,1019,1286,1076,1283,1136,1274,1192,1256,1234,1226,1262,1181,1280,1127,1291,1070,1302,1011,881,895,896,864,929,851,965,851,997,864,1069,864,1112,853,1159,855,1201,872,1229,909,1028,916,1021,940,1012,964,1003,989,970,1040,988,1045,1007,1048,1032,1047,1057,1047,910,941,931,929,956,927,982,939,956,944,930,945,1098,941,1125,929,1153,934,1178,950,1150,952,1123,948,944,1134,961,1097,982,1080,999,1085,1017,1084,1053,1107,1094,1147,1053,1159,1017,1159,997,1158,978,1155,959,1150,957,1129,982,1111,1000,1114,1018,1116,1077,1142,1017,1127,998,1125,980,1122
3081,h,1,1,831,831,1277,1277,102.7,881,986,875,1034,874,1085,877,1136,886,1185,902,1225,932,1257,969,1278,1019,1286,1076,1283,1136,1274,1192,1256,1234,1226,1262,1181,1280,1127,1291,1070,1302,1011,881,895,896,864,929,851,965,851,997,864,1069,864,1112,853,1159,855,1201,872,1229,909,1028,916,1021,940,1012,964,1003,989,970,1040,988,1045,1007,1048,1032,1047,1057,1047,910,941,931,929,956,927,982,939,956,944,930,945,1098,941,1125,929,1153,934,1178,950,1150,952,1123,948,944,1134,961,1097,982,1080,999,1085,1017,1084,1053,1107,1094,1147,1053,1159,1017,1159,997,1158,978,1155,959,1150,957,1129,982,1111,1000,1114,1018,1116,1077,1142,1017,1127,998,1125,980,1122
3082,h,1,1,831,831,1277,1277,102.73333333333333,878,986,873,1035,873,1085,876,1135,885,1182,901,1222,928,1254,965,1275,1014,1283,1071,1281,1134,1271,1191,1254,1235,1225,1265,1179,1282,1124,1293,1066,1304,1005,877,899,893,868,927,852,964,852,997,865,1066,865,1109,853,1157,856,1200,877,1229,914,1027,914,1019,939,1011,962,1002,988,968,1039,987,1044,1006,1048,1031,1047,1055,1046,911,940,932,927,958,926,983,939,956,944,931,945,1096,942,1123,928,1151,933,1177,949,1149,952,1121,948,940,1131,959,1096,981,1079,998,1085,1017,1083,1054,1105,1096,1142,1053,1154,1017,1154,997,1153,978,1150,958,1146,954,1126,981,1110,999,1112,1017,1114,1079,1137,1017,1123,998,1120,980,1118
3089,h,1,1,831,831,1277,1277,102.96666666666667,879,989,874,1037,874,1088,875,1138,882,1186,897,1225,926,1256,965,1279,1016,1289,1074,1287,1135,1278,1191,1261,1235,1230,1262,1184,1279,1129,1292,1070,1303,1008,878,904,893,870,927,855,965,855,999,868,1068,871,1110,859,1156,861,1199,881,1227,916,1027,918,1020,941,1011,962,1002,986,970,1042,989,1047,1008,1050,1033,1049,1056,1048,909,944,930,930,957,928,983,943,956,947,929,948,1095,946,1123,932,1152,936,1177,954,1150,956,1121,952,946,1135,966,1102,988,1085,1005,1091,1024,1089,1059,1109,1101,1146,1059,1160,1024,1160,1004,1159,984,1156,964,1151,960,1132,987,1114,1005,1116,1023,1118,1085,1142,1023,1131,1005,1129,986,1126
3090,h,1,1,831,831,1277,1277,103.0,879,987,874,1036,874,1087,876,1137,883,1186,897,1227,924,1259,960,1282,1012,1293,1072,1292,1136,1282,1193,1265,1238,1234,1267,1187,1285,1131,1296,1073,1306,1011,876,901,892,865,928,852,967,854,1003,870,1068,872,1111,858,1159,859,1203,876,1230,914,1028,925,1021,947,1012,968,1004,991,971,1047,989,1051,1008,1054,1032,1054,1056,1053,909,947,930,932,956,930,983,946,955,951,929,952,1099,949,1127,934,1156,938,1183,956,1154,959,1125,956,945,1146,962,1107,984,1088,1001,1093,1019,1091,1054,1113,1096,1152,1053,1166,1019,1169,999,1168,980,1165,961,1160,959,1140,984,1118,1001,1119,1019,1121,1078,1147,1019,1139,1001,1137,983,1136
3091,h,1,1,858,858,1229,1229,103.03333333333333,880,975,874,1024,874,1074,876,1122,880,1168,893,1207,920,1239,957,1261,1007,1270,1064,1270,1123,1259,1175,1238,1214,1206,1240,1161,1257,1110,1270,1056,1283,999,881,899,899,869,932,858,968,859,1000,873,1067,875,1106,863,1150,865,1191,884,1214,919,1026,925,1019,949,1011,971,1002,996,969,1045,987,1050,1006,1054,1030,1054,1054,1052,911,944,932,931,958,930,982,946,957,950,931,950,1090,948,1116,933,1144,936,1169,953,1143,957,1115,954,945,1135,962,1105,983,1089,1000,1095,1016,1093,1048,1113,1089,1145,1048,1156,1017,1157,998,1156,980,1152,961,1147,958,1131,983,1117,1000,1120,1017,1121,1072,1141,1017,1129,1000,1127,983,1125
3092,h,1,1,858,858,1229,1229,103.06666666666666,880,975,874,1024,874,1074,876,1122,880,1168,893,1207,920,1239,957,1261,1007,1270,1064,1270,1123,1259,1175,1238,1214,1206,1240,1161,1257,1110,1270,1056,1283,999,881,899,899,869,932,858,968,859,1000,873,1067,875,1106,863,1150,865,1191,884,1214,919,1026,925,1019,949,1011,971,1002,996,969,1045,987,1050,1006,1054,1030,1054,1054,1052,911,944,932,931,958,930,982,946,957,950,931,950,1090,948,1116,933,1144,936,1169,953,1143,957,1115,954,945,1135,962,1105,983,1089,1000,1095,1016,1093,1048,1113,1089,1145,1048,1156,1017,1157,998,1156,980,1152,961,1147,958,1131,983,1117,1000,1120,1017,1121,1072,1141,1017,1129,1000,1127,983,1125
3094,h,1,1,831,831,1277,1277,103.13333333333334,873,982,869,1032,869,1082,871,1132,879,1181,897,1223,928,1256,967,1279,1020,1290,1081,1288,1143,1277,1198,1258,1240,1225,1267,1177,1283,1120,1293,1061,1303,999,874,904,889,870,924,856,963,857,998,871,1065,873,1108,860,1156,863,1199,881,1226,919,1026,924,1020,947,1013,970,1006,995,971,1046,990,1052,1010,1055,1035,1054,1059,1053,908,945,929,933,955,932,980,945,954,949,928,950,1094,948,1122,936,1151,940,1176,957,1148,959,1120,955,945,1134,964,1101,987,1086,1007,1091,1027,1090,1066,1110,1110,1148,1066,1162,1028,1162,1006,1160,984,1155,963,1149,959,1130,987,1111,1007,1114,1027,1116,1094,1143,1028,1135,1007,1131,987,1128
3095,h,1,1,831,831,1277,1277,103.16666666666667,867,975,861,1028,858,1082,863,1134,874,1183,893,1224,923,1256,962,1276,1012,1287,1069,1286,1130,1277,1188,1261,1234,1230,1264,1183,1281,1127,1292,1068,1304,1007,879,901,896,869,931,857,970,858,1004,872,1071,872,1112,860,1159,861,1201,879,1228,915,1029,922,1023,946,1015,969,1007,994,971,1043,989,1049,1009,1053,1035,1051,1059,1049,911,943,933,930,958,929,982,942,957,946,932,947,1099,945,1126,932,1153,935,1177,953,1150,954,1123,951,944,1133,963,1102,986,1086,1003,1090,1022,1089,1058,1109,1098,1146,1057,1158,1022,1158,1002,1157,982,1154,962,1149,958,1129,985,1112,1004,1115,1022,1116,1082,1141,1022,1132,1004,1130,985,1128
3096,h,1,1,831,831,1277,1277,103.2,867,975,861,1028,858,1082,863,1134,874,1183,893,1224,923,1256,962,1276,1012,1287,1069,1286,1130,1277,1188,1261,1234,1230,1264,1183,1281,1127,1292,1068,1304,1007,879,901,896,869,931,857,970,858,1004,872,1071,872,1112,860,1159,861,1201,879,1228,915,1029,922,1023,946,1015,969,1007,994,971,1043,989,1049,1009,1053,1035,1051,1059,1049,911,943,933,930,958,929,982,942,957,946,932,947,1099,945,1126,932,1153,935,1177,953,1150,954,1123,951,944,1133,963,1102,986,1086,1003,1090,1022,1089,1058,1109,1098,1146,1057,1158,1022,1158,1002,1157,982,1154,962,1149,958,1129,985,1112,1004,1115,1022,1116,1082,1141,1022,1132,1004,1130,985,1128
3097,h,1,1,831,831,1277,1277,103.23333333333333,881,973,873,1023,871,1074,874,1124,881,1172,897,1213,924,1248,960,1274,1010,1287,1069,1287,1131,1279,1188,1263,1235,1231,1266,1185,1285,1129,1297,1069,1309,1006,889,892,909,865,941,857,976,860,1007,874,1073,875,1113,862,1158,864,1199,881,1227,914,1032,921,1025,944,1016,967,1007,992,974,1042,991,1048,1009,1051,1034,1051,1058,1050,915,940,937,928,962,927,986,940,961,944,936,945,1100,944,1127,932,1154,936,1179,953,1151,955,1124,950,945,1134,964,1100,985,1084,1002,1089,1020,1088,1055,1110,1097,1147,1055,1160,1019,1161,1000,1159,981,1155,962,1149,959,1130,985,1112,1002,1114,1019,1117,1081,1142,1019,1131,1002,1128,984,1125
3104,h,1,1,831,831,1277,1277,103.46666666666667,879,985,874,1034,874,1086,877,1136,885,1184,903,1224,932,1254,968,1277,1017,1288,1074,1288,1134,1280,1190,1263,1233,1231,1263,1184,1282,1129,1294,1070,1306,1009,881,899,899,866,935,853,975,856,1009,871,1078,869,1120,858,1166,858,1208,876,1234,914,1037,921,1030,944,1022,966,1013,990,979,1042,997,1048,1015,1051,1039,1051,1062,1051,916,943,937,928,964,928,988,942,962,947,936,948,1103,946,1130,932,1159,936,1183,953,1157,957,1129,954,956,1143,970,1102,991,1083,1008,1089,1027,1088,1061,1112,1099,1156,1060,1166,1025,1166,1004,1164,986,1160,968,1156,970,1139,990,1111,1008,1113,1026,1115,1082,1150,1026,1138,1007,1136,989,1134
3105,h,1,1,831,831,1277,1277,103.5,879,989,876,1039,878,1089,881,1139,889,1187,907,1227,936,1259,971,1282,1021,1294,1078,1293,1138,1285,1194,1267,1237,1235,1266,1187,1285,1130,1297,1071,1309,1009,879,903,895,869,931,853,970,853,1005,867,1074,867,1119,856,1167,859,1210,880,1236,917,1034,918,1028,941,1020,964,1012,989,978,1042,996,1048,1015,1051,1039,1050,1063,1049,913,943,934,931,960,929,986,941,960,945,934,947,1103,944,1131,933,1159,937,1184,953,1156,955,1128,950,959,1148,970,1103,990,1083,1007,1088,1026,1087,1062,1112,1101,1159,1062,1174,1026,1175,1005,1173,986,1169,969,1163,973,1143,990,1112,1008,1114,1026,1117,1084,1153,1026,1145,1007,1142,989,1139
3106,h,1,1,831,831,1277,1277,103.53333333333333,880,985,877,1037,879,1089,883,1141,892,1189,910,1230,940,1263,976,1285,1025,1297,1082,1294,1142,1284,1198,1266,1242,1233,1272,1186,1289,1129,1301,1069,1312,1005,878,901,895,867,930,851,969,853,1003,867,1075,867,1120,856,1167,858,1211,876,1240,914,1034,919,1027,942,1019,964,1010,989,979,1043,996,1048,1014,1052,1037,1051,1061,1051,915,942,936,928,964,926,988,940,963,944,936,946,1102,944,1129,931,1158,936,1184,953,1156,955,1127,951,959,1143,970,1102,990,1083,1008,1090,1027,1089,1063,1114,1101,1158,1062,1173,1026,1175,1006,1174,986,1170,968,1162,972,1138,990,1113,1008,1116,1027,1119,1084,1153,1026,1147,1007,1144,989,1141
3107,h,1,1,831,831,1277,1277,103.56666666666666,880,985,877,1037,879,1089,883,1141,892,1189,910,1230,940,1263,976,1285,1025,1297,1082,1294,1142,1284,1198,1266,1242,1233,1272,1186,1289,1129,1301,1069,1312,1005,878,901,895,867,930,851,969,853,1003,867,1075,867,1120,856,1167,858,1211,876,1240,914,1034,919,1027,942,1019,964,1010,989,979,1043,996,1048,1014,1052,1037,1051,1061,1051,915,942,936,928,964,926,988,940,963,944,936,946,1102,944,1129,931,1158,936,1184,953,1156,955,1127,951,959,1143,970,1102,990,1083,1008,1090,1027,1089,1063,1114,1101,1158,1062,1173,1026,1175,1006,1174,986,1170,968,1162,972,1138,990,1113,1008,1116,1027,1119,1084,1153,1026,1147,1007,1144,989,1141
3115,h,1,1,831,831,1277,1277,103.83333333333333,869,970,862,1021,859,1075,862,1128,872,1178,890,1221,923,1255,963,1278,1014,1290,1072,1288,1134,1278,1191,1260,1236,1229,1267,1182,1285,1126,1296,1066,1307,1004,879,902,896,869,931,855,970,855,1005,868,1075,868,1116,856,1162,861,1202,880,1228,916,1034,920,1028,943,1021,965,1014,990,976,1043,995,1048,1014,1051,1039,1050,1063,1049,913,943,935,930,961,928,985,941,960,946,935,946,1099,945,1128,932,1155,936,1180,954,1152,955,1124,951,946,1137,966,1102,990,1084,1006,1089,1025,1088,1060,1109,1100,1146,1059,1163,1025,1164,1005,1164,986,1160,964,1153,960,1132,989,1113,1007,1115,1025,1117,1083,1142,1026,1134,1007,1132,989,1130
3116,h,1,1,831,831,1277,1277,103.86666666666666,878,971,872,1020,871,1071,872,1123,879,1173,894,1217,922,1254,961,1281,1015,1293,1075,1291,1137,1280,1194,1261,1240,1227,1270,1179,1288,1123,1299,1063,1310,1001,879,899,897,866,933,853,973,855,1008,869,1076,868,1120,858,1167,860,1210,876,1235,911,1035,921,1029,944,1021,966,1013,990,978,1043,996,1049,1015,1053,1040,1051,1064,1049,914,943,936,931,963,929,989,941,963,946,936,948,1101,944,1131,933,1160,938,1186,954,1156,956,1128,952,949,1138,967,1102,991,1084,1008,1089,1027,1088,1061,1109,1100,1147,1060,1164,1026,1167,1005,1166,986,1163,965,1155,963,1133,991,1114,1008,1116,1027,1118,1083,1142,1026,1136,1007,1134,989,1132
3117,h,1,1,831,831,1277,1277,103.9,881,976,874,1027,872,1078,873,1130,880,1178,896,1220,927,1253,965,1277,1017,1290,1076,1290,1138,1281,1194,1263,1239,1230,1269,1183,1286,1126,1296,1068,1307,1007,879,903,896,868,932,856,972,856,1009,867,1075,868,1120,859,1168,862,1211,880,1239,916,1037,922,1030,944,1023,966,1015,991,978,1045,997,1049,1016,1053,1042,1053,1066,1052,913,944,936,931,962,929,989,943,962,947,935,948,1103,946,1132,934,1161,939,1187,956,1158,957,1130,953,947,1136,969,1103,992,1087,1010,1092,1030,1091,1066,1111,1108,1148,1065,1160,1029,1159,1008,1157,988,1154,967,1150,962,1131,992,1115,1010,1118,1029,1119,1090,1143,1029,1129,1010,1127,991,1125
3118,h,1,1,831,831,1277,1277,103.93333333333334,881,976,874,1027,872,1078,873,1130,880,1178,896,1220,927,1253,965,1277,1017,1290,1076,1290,1138,1281,1194,1263,1239,1230,1269,1183,1286,1126,1296,1068,1307,1007,879,903,896,868,932,856,972,856,1009,867,1075,868,1120,859,1168,862,1211,880,1239,916,1037,922,1030,944,1023,966,1015,991,978,1045,997,1049,1016,1053,1042,1053,1066,1052,913,944,936,931,962,929,989,943,962,947,935,948,1103,946,1132,934,1161,939,1187,956,1158,957,1130,953,947,1136,969,1103,992,1087,1010,1092,1030,1091,1066,1111,1108,1148,1065,1160,1029,1159,1008,1157,988,1154,967,1150,962,1131,992,1115,1010,1118,1029,1119,1090,1143,1029,1129,1010,1127,991,1125
3119,h,1,1,831,831,1277,1277,103.96666666666667,881,978,876,1028,876,1079,878,1129,884,1177,898,1218,927,1250,965,1272,1015,1282,1073,1282,1135,1275,1192,1259,1235,1227,1264,1181,1280,1126,1293,1068,1305,1007,880,903,896,868,932,854,972,855,1008,869,1074,872,1118,860,1166,863,1210,881,1236,920,1034,919,1027,943,1019,966,1011,992,978,1043,996,1049,1015,1052,1039,1052,1063,1051,915,942,937,930,963,928,988,941,962,946,936,947,1101,945,1129,934,1157,938,1182,954,1154,956,1126,952,951,1134,971,1101,994,1086,1011,1092,1030,1091,1065,1111,1107,1147,1063,1158,1027,1157,1007,1155,987,1151,968,1147,964,1130,993,1110,1011,1113,1029,1115,1090,1142,1028,1131,1009,1128,991,1126
3120,h,1,1,831,831,1277,1277,104.0,875,988,871,1037,870,1086,872,1137,880,1183,898,1220,928,1249,967,1269,1018,1279,1076,1279,1138,1271,1195,1255,1238,1223,1265,1178,1282,1125,1292,1069,1303,1009,882,902,898,867,933,854,972,856,1007,870,1071,871,1115,861,1163,862,1205,883,1232,920,1033,921,1027,945,1019,968,1012,993,976,1042,995,1048,1015,1053,1040,1052,1064,1050,916,941,938,928,963,927,986,941,962,944,936,945,1101,947,1128,934,1155,938,1179,955,1152,957,1125,953,950,1132,971,1100,993,1086,1010,1091,1029,1091,1063,1110,1103,1146,1062,1155,1027,1153,1007,1151,988,1147,968,1144,964,1127,992,1113,1010,1116,1029,1118,1086,1140,1028,1126,1009,1123,991,1120
3121,h,1,1,831,831,1277,1277,104.03333333333333,862,979,859,1030,859,1084,864,1136,876,1184,893,1225,923,1259,961,1283,1014,1295,1073,1292,1135,1282,1191,1263,1236,1230,1265,1182,1281,1125,1291,1066,1303,1005,878,904,897,869,934,853,974,853,1011,866,1074,868,1117,856,1165,859,1208,881,1231,921,1036,919,1030,942,1023,965,1016,990,978,1040,997,1046,1017,1050,1042,1049,1066,1048,916,941,938,929,963,927,988,939,963,943,937,944,1100,944,1128,932,1155,936,1178,954,1151,954,1125,950,950,1134,968,1099,991,1084,1008,1089,1027,1088,1062,1109,1100,1147,1061,1162,1027,1164,1006,1163,986,1159,966,1153,963,1130,990,1111,1008,1115,1027,1116,1083,1142,1027,1136,1007,1135,989,1132
3122,h,1,1,831,831,1277,1277,104.06666666666666,862,979,859,1030,859,1084,864,1136,876,1184,893,1225,923,1259,961,1283,1014,1295,1073,1292,1135,1282,1191,1263,1236,1230,1265,1182,1281,1125,1291,1066,1303,1005,878,904,897,869,934,853,974,853,1011,866,1074,868,1117,856,1165,859,1208,881,1231,921,1036,919,1030,942,1023,965,1016,990,978,1040,997,1046,1017,1050,1042,1049,1066,1048,916,941,938,929,963,927,988,939,963,943,937,944,1100,944,1128,932,1155,936,1178,954,1151,954,1125,950,950,1134,968,1099,991,1084,1008,1089,1027,1088,1062,1109,1100,1147,1061,1162,1027,1164,1006,1163,986,1159,966,1153,963,1130,990,1111,1008,1115,1027,1116,1083,1142,1027,1136,1007,1135,989,1132
3123,h,1,1,831,831,1277,1277,104.1,869,979,864,1030,864,1083,869,1134,879,1181,896,1222,925,1256,962,1281,1011,1293,1068,1292,1130,1281,1187,1263,1232,1231,1262,1185,1280,1129,1292,1070,1304,1008,878,900,896,867,933,852,973,852,1008,866,1075,870,1117,858,1163,862,1206,882,1232,917,1035,918,1028,942,1021,965,1013,991,976,1042,995,1048,1015,1052,1040,1051,1064,1049,913,942,935,929,962,928,987,940,960,945,934,946,1099,945,1129,933,1157,938,1181,955,1153,955,1125,951,944,1134,965,1099,989,1083,1008,1088,1027,1087,1062,1108,1102,1147,1061,1164,1025,1167,1004,1167,983,1163,962,1155,959,1131,988,1112,1008,1115,1026,1117,1085,1143,1026,1136,1007,1134,987,1131
3124,h,1,1,831,831,1277,1277,104.13333333333334,884,975,877,1025,875,1078,876,1130,884,1180,900,1222,928,1258,965,1284,1014,1295,1072,1295,1134,1285,1190,1266,1235,1235,1266,1188,1284,1133,1295,1075,1306,1014,885,901,901,866,936,852,974,854,1009,867,1078,868,1120,858,1167,861,1209,882,1234,920,1034,920,1027,943,1019,966,1010,990,975,1042,993,1047,1012,1051,1037,1050,1062,1050,916,941,937,928,963,927,987,941,961,945,935,946,1102,945,1129,932,1157,936,1181,955,1153,956,1126,951,945,1132,963,1099,986,1084,1004,1089,1024,1088,1061,1109,1103,1147,1060,1162,1022,1164,1001,1163,981,1158,961,1150,959,1129,985,1112,1004,1115,1023,1116,1087,1142,1023,1135,1004,1133,984,1130
3125,h,1,1,831,831,1277,1277,104.16666666666667,887,968,879,1018,877,1070,877,1121,882,1171,897,1215,924,1251,960,1277,1010,1291,1068,1292,1129,1284,1185,1266,1232,1236,1263,1191,1284,1136,1298,1076,1312,1014,894,887,913,860,945,852,980,855,1010,868,1084,871,1125,860,1170,863,1211,880,1237,913,1039,921,1031,945,1022,967,1012,991,977,1041,995,1047,1013,1052,1038,1052,1062,1051,923,939,944,927,969,927,993,941,968,944,943,945,1105,945,1132,933,1160,938,1185,956,1156,958,1129,953,949,1132,966,1099,987,1085,1005,1091,1024,1089,1059,1111,1100,1148,1058,1161,1022,1162,1001,1160,982,1156,963,1149,963,1129,987,1113,1004,1116,1023,1118,1083,1143,1023,1132,1004,1130,985,1127
3126,h,1,1,831,831,1277,1277,104.2,887,968,879,1018,877,1070,877,1121,882,1171,897,1215,924,1251,960,1277,1010,1291,1068,1292,1129,1284,1185,1266,1232,1236,1263,1191,1284,1136,1298,1076,1312,1014,894,887,913,860,945,852,980,855,1010,868,1084,871,1125,860,1170,863,1211,880,1237,913,1039,921,1031,945,1022,967,1012,991,977,1041,995,1047,1013,1052,1038,1052,1062,1051,923,939,944,927,969,927,993,941,968,944,943,945,1105,945,1132,933,1160,938,1185,956,1156,958,1129,953,949,1132,966,1099,987,1085,1005,1091,1024,1089,1059,1111,1100,1148,1058,1161,1022,1162,1001,1160,982,1156,963,1149,963,1129,987,1113,1004,1116,1023,1118,1083,1143,1023,1132,1004,1130,985,1127
3127,h,1,1,831,831,1277,1277,104.23333333333333,885,969,877,1018,875,1071,875,1123,882,1174,897,1216,924,1253,960,1280,1010,1293,1068,1292,1130,1282,1187,1264,1235,1234,1269,1188,1289,1133,1302,1073,1314,1010,888,889,907,860,941,850,978,853,1012,868,1080,872,1122,860,1169,862,1211,878,1240,912,1038,923,1031,947,1022,969,1012,994,976,1044,995,1050,1014,1055,1039,1054,1063,1052,916,941,938,929,965,928,991,941,964,946,937,947,1105,948,1135,936,1163,941,1189,959,1159,960,1131,955,945,1136,963,1102,987,1087,1004,1093,1024,1091,1059,1113,1099,1150,1057,1167,1021,1170,1000,1169,980,1164,959,1156,958,1132,986,1116,1004,1119,1023,1121,1083,1145,1022,1139,1003,1137,984,1134
3128,h,1,1,858,858,1229,1229,104.26666666666667,886,978,881,1027,880,1076,882,1124,886,1170,899,1210,925,1243,960,1265,1008,1276,1064,1276,1122,1266,1175,1246,1216,1215,1245,1171,1265,1121,1281,1068,1295,1010,883,905,901,871,937,856,976,857,1012,871,1076,874,1119,862,1166,866,1207,886,1230,925,1038,926,1031,951,1023,974,1015,1000,979,1048,997,1054,1016,1058,1040,1058,1064,1056,916,945,938,931,965,930,990,946,964,950,937,950,1100,952,1128,936,1156,940,1180,959,1154,961,1126,957,949,1138,968,1105,992,1090,1008,1097,1026,1095,1058,1116,1095,1152,1055,1167,1022,1169,1003,1168,984,1164,964,1156,962,1133,991,1119,1008,1122,1026,1124,1078,1147,1024,1136,1006,1135,988,1132
3129,h,1,1,858,858,1229,1229,104.3,886,978,881,1027,880,1076,882,1124,886,1170,899,1210,925,1243,960,1265,1008,1276,1064,1276,1122,1266,1175,1246,1216,1215,1245,1171,1265,1121,1281,1068,1295,1010,883,905,901,871,937,856,976,857,1012,871,1076,874,1119,862,1166,866,1207,886,1230,925,1038,926,1031,951,1023,974,1015,1000,979,1048,997,1054,1016,1058,1040,1058,1064,1056,916,945,938,931,965,930,990,946,964,950,937,950,1100,952,1128,936,1156,940,1180,959,1154,961,1126,957,949,1138,968,1105,992,1090,1008,1097,1026,1095,1058,1116,1095,1152,1055,1167,1022,1169,1003,1168,984,1164,964,1156,962,1133,991,1119,1008,1122,1026,1124,1078,1147,1024,1136,1006,1135,988,1132
3130,h,1,1,831,831,1277,1277,104.33333333333333,890,971,883,1021,881,1074,881,1126,887,1175,904,1219,932,1255,967,1281,1016,1295,1073,1294,1133,1285,1188,1266,1235,1235,1267,1189,1287,1133,1300,1075,1315,1014,890,898,909,867,944,856,982,858,1014,873,1080,877,1124,867,1171,871,1213,888,1240,924,1039,931,1032,955,1023,978,1014,1004,979,1053,997,1059,1015,1063,1039,1063,1063,1062,922,947,943,935,970,934,994,949,968,954,941,954,1104,956,1132,944,1160,949,1186,966,1157,969,1129,964,949,1141,968,1109,991,1093,1007,1099,1024,1098,1059,1122,1099,1160,1057,1179,1020,1181,1002,1178,984,1174,964,1164,962,1139,990,1122,1006,1125,1023,1127,1082,1156,1022,1150,1004,1147,988,1143
3131,h,1,1,831,831,1277,1277,104.36666666666666,890,975,884,1026,884,1078,886,1132,894,1182,911,1225,941,1260,976,1284,1025,1296,1082,1293,1143,1283,1199,1264,1244,1232,1273,1185,1291,1129,1303,1071,1315,1011,890,896,910,868,944,860,981,863,1014,876,1080,878,1124,870,1171,874,1213,890,1241,923,1040,929,1033,954,1024,979,1015,1005,980,1054,998,1061,1017,1065,1041,1066,1065,1066,921,946,942,936,968,936,993,948,967,952,941,952,1110,955,1138,946,1166,952,1191,966,1163,968,1135,964,956,1142,972,1110,995,1096,1010,1103,1028,1103,1063,1126,1103,1164,1060,1181,1026,1181,1006,1178,988,1173,968,1164,968,1140,994,1124,1010,1128,1028,1130,1087,1159,1027,1150,1008,1147,992,1143
3132,h,1,1,858,858,1229,1229,104.4,883,976,879,1026,878,1076,880,1124,886,1170,900,1210,928,1241,962,1265,1008,1276,1062,1276,1117,1264,1168,1244,1210,1213,1240,1169,1260,1119,1276,1064,1291,1006,884,905,906,875,943,866,983,870,1019,884,1074,886,1116,874,1163,875,1204,892,1229,928,1039,933,1033,958,1026,982,1018,1009,982,1056,999,1061,1018,1066,1041,1066,1063,1066,917,948,939,935,966,935,991,953,964,956,937,956,1101,958,1128,942,1157,946,1182,963,1155,967,1127,964,948,1141,969,1111,993,1097,1009,1104,1027,1102,1058,1124,1094,1158,1055,1174,1023,1174,1004,1173,985,1168,964,1158,961,1137,992,1125,1009,1129,1026,1130,1077,1154,1025,1144,1007,1142,990,1138
3133,h,1,1,858,858,1229,1229,104.43333333333334,883,976,879,1026,878,1076,880,1124,886,1170,900,1210,928,1241,962,1265,1008,1276,1062,1276,1117,1264,1168,1244,1210,1213,1240,1169,1260,1119,1276,1064,1291,1006,884,905,906,875,943,866,983,870,1019,884,1074,886,1116,874,1163,875,1204,892,1229,928,1039,933,1033,958,1026,982,1018,1009,982,1056,999,1061,1018,1066,1041,1066,1063,1066,917,948,939,935,966,935,991,953,964,956,937,956,1101,958,1128,942,1157,946,1182,963,1155,967,1127,964,948,1141,969,1111,993,1097,1009,1104,1027,1102,1058,1124,1094,1158,1055,1174,1023,1174,1004,1173,985,1168,964,1158,961,1137,992,1125,1009,1129,1026,1130,1077,1154,1025,1144,1007,1142,990,1138
3134,h,1,1,831,831,1277,1277,104.46666666666667,891,971,884,1021,881,1073,881,1125,886,1177,900,1223,927,1262,962,1292,1013,1305,1072,1305,1135,1295,1191,1276,1238,1244,1269,1197,1290,1143,1305,1083,1319,1021,897,892,918,866,951,858,987,863,1019,877,1082,880,1126,871,1173,874,1215,890,1242,924,1043,932,1035,956,1025,980,1015,1006,980,1056,997,1062,1016,1067,1041,1068,1065,1067,924,946,945,934,972,935,995,950,969,954,944,954,1110,959,1137,947,1166,952,1190,970,1163,973,1134,968,951,1151,969,1115,991,1099,1007,1106,1026,1105,1061,1130,1099,1172,1058,1187,1023,1187,1002,1185,984,1180,965,1171,966,1148,989,1130,1006,1133,1025,1136,1081,1167,1024,1154,1005,1150,988,1146
3135,h,1,1,831,831,1277,1277,104.5,892,967,884,1017,882,1069,883,1122,888,1172,903,1215,930,1254,964,1284,1014,1299,1072,1298,1132,1287,1188,1267,1235,1235,1267,1189,1287,1134,1302,1076,1316,1014,892,894,912,864,948,857,986,861,1019,878,1083,882,1128,872,1175,876,1217,892,1244,926,1045,935,1037,959,1029,982,1020,1007,982,1056,1000,1063,1018,1068,1043,1069,1067,1068,923,946,945,934,972,935,997,950,970,954,943,954,1109,959,1138,947,1167,953,1191,970,1163,973,1134,968,952,1144,970,1111,993,1097,1009,1104,1028,1103,1062,1127,1100,1166,1058,1185,1023,1185,1002,1182,984,1177,964,1166,966,1141,991,1127,1008,1131,1026,1133,1083,1160,1025,1151,1006,1148,989,1143
3136,h,1,1,831,831,1277,1277,104.53333333333333,890,967,883,1019,882,1072,883,1125,889,1176,903,1220,930,1257,963,1286,1013,1301,1069,1301,1130,1290,1187,1273,1234,1242,1266,1196,1287,1141,1303,1082,1318,1020,888,897,907,865,944,855,984,858,1019,875,1083,881,1128,870,1178,873,1221,892,1249,928,1043,931,1035,955,1025,978,1015,1005,979,1054,997,1060,1016,1066,1041,1066,1067,1065,920,947,942,936,970,935,996,950,968,954,941,954,1109,958,1139,947,1169,953,1194,969,1165,972,1135,966,952,1147,968,1112,989,1096,1007,1103,1026,1101,1062,1125,1101,1164,1061,1185,1024,1189,1003,1187,983,1182,963,1171,966,1144,988,1124,1007,1128,1025,1130,1083,1160,1026,1155,1006,1154,987,1149
3137,h,1,1,831,831,1277,1277,104.56666666666666,890,967,883,1019,882,1072,883,1125,889,1176,903,1220,930,1257,963,1286,1013,1301,1069,1301,1130,1290,1187,1273,1234,1242,1266,1196,1287,1141,1303,1082,1318,1020,888,897,907,865,944,855,984,858,1019,875,1083,881,1128,870,1178,873,1221,892,1249,928,1043,931,1035,955,1025,978,1015,1005,979,1054,997,1060,1016,1066,1041,1066,1067,1065,920,947,942,936,970,935,996,950,968,954,941,954,1109,958,1139,947,1169,953,1194,969,1165,972,1135,966,952,1147,968,1112,989,1096,1007,1103,1026,1101,1062,1125,1101,1164,1061,1185,1024,1189,1003,1187,983,1182,963,1171,966,1144,988,1124,1007,1128,1025,1130,1083,1160,1026,1155,1006,1154,987,1149
3138,h,1,1,831,831,1277,1277,104.6,882,972,874,1023,871,1078,874,1131,884,1182,902,1226,930,1264,965,1292,1015,1305,1073,1305,1133,1294,1189,1274,1235,1242,1266,1194,1286,1137,1300,1077,1312,1015,887,902,906,868,943,856,983,859,1019,875,1081,878,1124,867,1172,870,1215,889,1238,927,1042,927,1035,951,1026,975,1017,1000,979,1051,998,1057,1018,1062,1044,1062,1069,1060,922,945,944,933,970,932,995,947,968,950,943,950,1106,953,1136,941,1164,946,1189,964,1160,966,1132,961,953,1145,968,1110,991,1093,1009,1100,1029,1099,1064,1122,1104,1162,1062,1180,1026,1183,1005,1182,985,1177,965,1167,967,1141,990,1121,1008,1125,1028,1127,1087,1157,1028,1153,1008,1150,989,1147
3139,h,1,1,831,831,1277,1277,104.63333333333334,889,968,882,1019,880,1073,880,1125,887,1176,901,1220,927,1259,962,1288,1013,1303,1072,1302,1134,1292,1191,1273,1239,1241,1273,1193,1295,1136,1310,1076,1324,1014,891,896,911,866,946,856,984,859,1018,875,1083,878,1127,865,1175,867,1219,883,1247,917,1043,928,1035,950,1025,973,1015,997,980,1049,998,1054,1017,1059,1042,1059,1067,1058,922,945,944,934,970,932,995,945,969,949,944,950,1112,950,1140,940,1168,945,1194,960,1165,961,1138,957,952,1140,969,1105,993,1090,1009,1096,1027,1095,1063,1117,1105,1155,1062,1176,1025,1179,1004,1178,986,1174,965,1163,965,1136,992,1119,1008,1122,1027,1124,1087,1150,1026,1147,1007,1144,990,1142
3140,h,1,1,831,831,1277,1277,104.66666666666667,887,977,882,1026,881,1078,884,1128,890,1177,904,1218,932,1251,968,1274,1017,1288,1076,1288,1141,1281,1200,1267,1248,1237,1279,1190,1300,1133,1314,1072,1327,1010,884,899,902,868,937,855,976,856,1009,871,1081,875,1126,864,1174,867,1218,883,1248,917,1039,926,1031,949,1022,971,1012,995,978,1047,996,1053,1015,1056,1040,1056,1066,1056,916,947,938,935,964,934,991,947,963,950,937,951,1109,953,1139,941,1168,947,1195,962,1165,964,1136,960,950,1138,968,1104,991,1088,1007,1094,1026,1093,1062,1116,1105,1155,1060,1173,1024,1174,1003,1173,984,1168,964,1159,964,1134,990,1116,1007,1119,1025,1122,1087,1149,1024,1143,1005,1140,989,1137
3141,h,1,1,831,831,1277,1277,104.7,887,977,882,1026,881,1078,884,1128,890,1177,904,1218,932,1251,968,1274,1017,1288,1076,1288,1141,1281,1200,1267,1248,1237,1279,1190,1300,1133,1314,1072,1327,1010,884,899,902,868,937,855,976,856,1009,871,1081,875,1126,864,1174,867,1218,883,1248,917,1039,926,1031,949,1022,971,1012,995,978,1047,996,1053,1015,1056,1040,1056,1066,1056,916,947,938,935,964,934,991,947,963,950,937,951,1109,953,1139,941,1168,947,1195,962,1165,964,1136,960,950,1138,968,1104,991,1088,1007,1094,1026,1093,1062,1116,1105,1155,1060,1173,1024,1174,1003,1173,984,1168,964,1159,964,1134,990,1116,1007,1119,1025,1122,1087,1149,1024,1143,1005,1140,989,1137
3142,h,1,1,831,831,1277,1277,104.73333333333333,877,974,872,1025,871,1078,874,1130,882,1179,898,1221,928,1256,964,1282,1015,1295,1073,1294,1136,1285,1194,1267,1240,1236,1270,1190,1290,1135,1303,1075,1315,1013,884,901,904,867,942,854,983,858,1019,873,1081,875,1126,864,1175,866,1218,884,1244,922,1042,923,1035,947,1026,970,1016,994,979,1044,998,1050,1018,1055,1043,1054,1068,1053,919,945,941,933,967,931,994,945,967,948,940,949,1109,950,1139,939,1168,944,1193,960,1165,961,1136,957,953,1135,970,1101,992,1084,1009,1090,1029,1090,1064,1113,1105,1152,1063,1169,1027,1170,1006,1168,986,1163,967,1155,967,1131,991,1113,1009,1116,1028,1119,1088,1146,1028,1138,1008,1136,990,1132
3143,h,1,1,831,831,1277,1277,104.76666666666667,890,974,884,1023,882,1075,881,1125,887,1174,903,1216,931,1250,969,1274,1019,1285,1076,1284,1136,1274,1191,1257,1236,1227,1268,1183,1287,1128,1300,1070,1312,1010,888,900,905,864,942,852,981,855,1016,870,1082,873,1125,861,1172,863,1215,881,1240,919,1041,922,1035,945,1027,967,1018,991,982,1043,1001,1048,1020,1052,1044,1052,1068,1051,921,943,942,930,969,928,994,944,968,948,941,949,1106,949,1135,935,1163,939,1189,957,1161,960,1132,956,951,1134,969,1100,991,1084,1009,1090,1029,1089,1064,1111,1106,1149,1062,1164,1027,1165,1006,1163,985,1159,966,1152,964,1130,991,1113,1009,1116,1028,1118,1088,1143,1027,1134,1008,1132,989,1129
3144,h,1,1,831,831,1277,1277,104.8,890,974,884,1023,882,1075,881,1125,887,1174,903,1216,931,1250,969,1274,1019,1285,1076,1284,1136,1274,1191,1257,1236,1227,1268,1183,1287,1128,1300,1070,1312,1010,888,900,905,864,942,852,981,855,1016,870,1082,873,1125,861,1172,863,1215,881,1240,919,1041,922,1035,945,1027,967,1018,991,982,1043,1001,1048,1020,1052,1044,1052,1068,1051,921,943,942,930,969,928,994,944,968,948,941,949,1106,949,1135,935,1163,939,1189,957,1161,960,1132,956,951,1134,969,1100,991,1084,1009,1090,1029,1089,1064,1111,1106,1149,1062,1164,1027,1165,1006,1163,985,1159,966,1152,964,1130,991,1113,1009,1116,1028,1118,1088,1143,1027,1134,1008,1132,989,1129
3145,h,1,1,831,831,1277,1277,104.83333333333333,890,964,882,1014,879,1068,878,1120,885,1171,900,1215,927,1252,964,1278,1015,1290,1074,1291,1136,1281,1194,1263,1241,1232,1274,1186,1295,1130,1309,1070,1322,1008,890,893,910,861,946,851,985,855,1020,872,1084,874,1127,863,1175,864,1219,880,1247,916,1044,923,1036,945,1027,966,1017,990,980,1042,998,1048,1017,1052,1043,1052,1067,1051,924,941,946,932,971,932,997,942,970,946,945,947,1111,949,1140,940,1168,945,1194,959,1165,961,1136,956,947,1134,967,1099,990,1084,1008,1090,1028,1088,1062,1112,1104,1150,1060,1166,1024,1166,1003,1164,982,1160,963,1152,962,1130,989,1112,1007,1116,1027,1118,1087,1145,1026,1135,1006,1132,987,1129
3146,h,1,1,831,831,1277,1277,104.86666666666666,887,965,882,1015,881,1068,882,1121,888,1172,903,1214,930,1250,967,1274,1017,1287,1076,1286,1138,1276,1196,1258,1244,1227,1276,1180,1294,1123,1307,1062,1319,999,887,897,906,863,944,852,985,857,1021,873,1081,875,1125,862,1174,863,1219,880,1247,916,1043,923,1035,945,1026,966,1017,990,980,1042,999,1047,1018,1052,1043,1051,1068,1050,921,944,944,935,970,933,996,944,969,948,943,949,1109,949,1139,941,1167,946,1194,958,1164,960,1136,956,951,1133,970,1099,992,1083,1009,1089,1028,1088,1062,1110,1105,1148,1061,1163,1026,1163,1005,1161,986,1157,967,1150,966,1129,991,1112,1009,1115,1027,1117,1087,1143,1027,1133,1008,1130,990,1127
3147,h,1,1,831,831,1277,1277,104.9,889,975,884,1025,883,1076,883,1127,889,1176,904,1217,931,1251,967,1276,1018,1289,1077,1288,1137,1278,1194,1261,1240,1229,1271,1182,1291,1125,1304,1065,1317,1003,885,903,904,869,940,856,980,858,1016,871,1081,874,1126,863,1174,865,1218,883,1246,919,1043,921,1035,944,1027,966,1017,991,982,1041,1001,1046,1020,1050,1044,1050,1068,1049,919,945,941,934,968,933,995,943,967,947,941,948,1111,948,1141,940,1169,945,1195,958,1166,960,1137,955,952,1134,971,1100,994,1082,1011,1088,1031,1087,1066,1110,1109,1149,1064,1163,1028,1162,1007,1160,987,1155,968,1150,967,1129,993,1111,1011,1114,1030,1116,1091,1143,1029,1132,1009,1129,991,1126
3148,h,1,1,831,831,1277,1277,104.93333333333334,889,975,884,1025,883,1076,883,1127,889,1176,904,1217,931,1251,967,1276,1018,1289,1077,1288,1137,1278,1194,1261,1240,1229,1271,1182,1291,1125,1304,1065,1317,1003,885,903,904,869,940,856,980,858,1016,871,1081,874,1126,863,1174,865,1218,883,1246,919,1043,921,1035,944,1027,966,1017,991,982,1041,1001,1046,1020,1050,1044,1050,1068,1049,919,945,941,934,968,933,995,943,967,947,941,948,1111,948,1141,940,1169,945,1195,958,1166,960,1137,955,952,1134,971,1100,994,1082,1011,1088,1031,1087,1066,1110,1109,1149,1064,1163,1028,1162,1007,1160,987,1155,968,1150,967,1129,993,1111,1011,1114,1030,1116,1091,1143,1029,1132,1009,1129,991,1126
3149,h,1,1,831,831,1277,1277,104.96666666666667,887,965,879,1015,876,1067,875,1118,882,1168,897,1211,925,1246,963,1271,1014,1284,1073,1283,1136,1275,1193,1257,1240,1225,1271,1178,1289,1121,1302,1061,1314,998,887,897,906,863,942,851,982,854,1017,868,1084,871,1127,859,1174,861,1216,878,1242,914,1043,920,1036,943,1028,964,1019,988,982,1041,1000,1045,1018,1049,1043,1049,1067,1048,921,942,943,931,969,930,994,942,968,946,942,947,1109,947,1138,937,1166,942,1191,956,1162,958,1134,954,951,1132,969,1097,992,1081,1009,1087,1029,1086,1064,1108,1105,1146,1062,1160,1027,1160,1006,1159,986,1155,966,1148,966,1127,991,1109,1009,1112,1028,1114,1089,1140,1028,1131,1009,1128,990,1125
3150,h,1,1,831,831,1277,1277,105.0,887,976,882,1024,882,1075,883,1125,887,1173,902,1215,930,1248,968,1271,1019,1283,1077,1283,1138,1274,1195,1258,1240,1229,1271,1183,1289,1129,1302,1071,1315,1012,885,900,904,866,940,851,980,852,1015,867,1083,869,1127,858,1175,861,1218,880,1246,916,1043,919,1036,942,1028,964,1019,988,982,1040,1001,1045,1020,1049,1044,1049,1068,1048,919,943,942,931,968,929,995,942,967,945,941,946,1109,946,1140,936,1168,941,1195,956,1165,956,1136,952,950,1130,970,1096,992,1080,1009,1085,1028,1084,1063,1106,1105,1143,1062,1155,1026,1155,1006,1154,986,1150,966,1145,964,1126,991,1107,1009,1110,1027,1111,1088,1138,1026,1126,1008,1124,990,1122
3151,h,1,1,831,831,1277,1277,105.03333333333333,893,972,885,1022,883,1074,883,1125,888,1173,902,1213,930,1246,967,1269,1017,1281,1075,1281,1136,1274,1193,1259,1239,1229,1269,1185,1289,1131,1303,1072,1316,1011,888,900,905,866,941,852,981,854,1016,869,1080,871,1125,861,1174,865,1217,885,1245,921,1043,919,1035,942,1026,964,1016,989,980,1040,998,1046,1018,1050,1043,1050,1067,1049,920,942,941,931,968,929,993,942,966,945,940,946,1109,947,1137,936,1165,942,1191,958,1162,958,1134,954,950,1128,970,1095,993,1079,1009,1085,1027,1084,1063,1106,1107,1143,1061,1154,1025,1153,1005,1151,987,1148,967,1143,963,1124,992,1109,1009,1111,1026,1113,1091,1137,1026,1124,1008,1121,991,1119
3152,h,1,1,831,831,1277,1277,105.06666666666666,893,972,885,1022,883,1074,883,1125,888,1173,902,1213,930,1246,967,1269,1017,1281,1075,1281,1136,1274,1193,1259,1239,1229,1269,1185,1289,1131,1303,1072,1316,1011,888,900,905,866,941,852,981,854,1016,869,1080,871,1125,861,1174,865,1217,885,1245,921,1043,919,1035,942,1026,964,1016,989,980,1040,998,1046,1018,1050,1043,1050,1067,1049,920,942,941,931,968,929,993,942,966,945,940,946,1109,947,1137,936,1165,942,1191,958,1162,958,1134,954,950,1128,970,1095,993,1079,1009,1085,1027,1084,1063,1106,1107,1143,1061,1154,1025,1153,1005,1151,987,1148,967,1143,963,1124,992,1109,1009,1111,1026,1113,1091,1137,1026,1124,1008,1121,991,1119
3154,h,1,1,831,831,1277,1277,105.13333333333334,887,972,880,1023,878,1075,880,1126,886,1174,901,1214,929,1247,966,1268,1017,1279,1074,1278,1136,1271,1193,1256,1240,1226,1271,1180,1291,1126,1304,1068,1317,1007,887,898,904,864,939,849,978,851,1012,864,1083,868,1126,858,1172,860,1215,877,1245,911,1040,919,1033,942,1024,964,1015,988,981,1042,999,1046,1017,1049,1042,1049,1066,1048,917,942,939,931,966,930,993,942,965,946,939,947,1108,946,1137,935,1165,940,1191,955,1162,957,1134,952,949,1131,970,1099,992,1082,1010,1087,1030,1086,1066,1106,1108,1141,1063,1153,1027,1154,1006,1153,986,1149,966,1145,963,1126,992,1110,1010,1112,1029,1113,1091,1136,1028,1125,1009,1124,990,1122
3155,h,1,1,831,831,1277,1277,105.16666666666667,890,965,883,1015,880,1068,881,1120,887,1170,902,1214,931,1249,968,1272,1017,1283,1074,1281,1135,1271,1191,1254,1238,1223,1271,1177,1289,1122,1301,1063,1312,1002,886,898,903,864,939,851,979,853,1012,868,1081,870,1123,859,1168,862,1209,879,1236,912,1040,921,1034,945,1026,967,1017,992,980,1044,999,1049,1018,1053,1042,1052,1066,1051,919,943,941,931,967,930,992,942,966,947,940,948,1105,946,1133,935,1160,940,1184,956,1156,957,1129,953,951,1134,970,1100,992,1085,1009,1091,1029,1089,1063,1109,1103,1144,1060,1157,1026,1159,1005,1158,986,1155,967,1149,965,1130,991,1112,1009,1115,1027,1116,1086,1139,1027,1131,1008,1130,990,1127
3156,h,1,1,831,831,1277,1277,105.2,890,965,883,1015,880,1068,881,1120,887,1170,902,1214,931,1249,968,1272,1017,1283,1074,1281,1135,1271,1191,1254,1238,1223,1271,1177,1289,1122,1301,1063,1312,1002,886,898,903,864,939,851,979,853,1012,868,1081,870,1123,859,1168,862,1209,879,1236,912,1040,921,1034,945,1026,967,1017,992,980,1044,999,1049,1018,1053,1042,1052,1066,1051,919,943,941,931,967,930,992,942,966,947,940,948,1105,946,1133,935,1160,940,1184,956,1156,957,1129,953,951,1134,970,1100,992,1085,1009,1091,1029,1089,1063,1109,1103,1144,1060,1157,1026,1159,1005,1158,986,1155,967,1149,965,1130,991,1112,1009,1115,1027,1116,1086,1139,1027,1131,1008,1130,990,1127
3157,h,1,1,831,831,1277,1277,105.23333333333333,889,973,882,1024,881,1077,882,1128,889,1178,905,1222,934,1256,972,1279,1021,1290,1078,1287,1138,1277,1194,1259,1239,1228,1270,1180,1288,1124,1300,1065,1312,1004,886,900,903,867,939,853,978,855,1013,869,1078,871,1121,860,1168,864,1209,883,1236,917,1039,922,1032,946,1024,969,1015,995,978,1047,998,1053,1017,1056,1042,1055,1067,1053,919,945,941,933,967,931,993,944,966,948,940,949,1105,947,1134,936,1161,941,1185,957,1157,958,1130,953,951,1138,969,1105,991,1087,1008,1093,1025,1091,1061,1112,1103,1148,1060,1164,1024,1167,1006,1167,987,1164,967,1157,965,1134,991,1117,1008,1119,1025,1120,1086,1143,1025,1137,1008,1137,990,1135
3158,h,1,1,831,831,1277,1277,105.26666666666667,883,976,879,1028,880,1081,882,1133,888,1182,903,1223,932,1256,968,1278,1018,1289,1075,1288,1136,1278,1194,1262,1241,1233,1274,1188,1294,1134,1308,1075,1320,1014,881,904,900,868,939,856,981,859,1019,873,1078,875,1124,864,1172,866,1216,882,1246,917,1042,924,1035,948,1026,970,1017,995,981,1048,999,1054,1018,1057,1043,1057,1067,1055,918,946,941,935,968,933,995,946,967,950,940,951,1108,950,1138,939,1167,944,1193,959,1164,961,1135,957,951,1139,970,1105,993,1088,1009,1094,1028,1092,1063,1113,1103,1149,1061,1165,1026,1168,1006,1168,987,1164,967,1157,965,1136,992,1117,1009,1119,1028,1120,1087,1144,1027,1139,1008,1138,990,1136
3159,h,1,1,831,831,1277,1277,105.3,883,976,879,1028,880,1081,882,1133,888,1182,903,1223,932,1256,968,1278,1018,1289,1075,1288,1136,1278,1194,1262,1241,1233,1274,1188,1294,1134,1308,1075,1320,1014,881,904,900,868,939,856,981,859,1019,873,1078,875,1124,864,1172,866,1216,882,1246,917,1042,924,1035,948,1026,970,1017,995,981,1048,999,1054,1018,1057,1043,1057,1067,1055,918,946,941,935,968,933,995,946,967,950,940,951,1108,950,1138,939,1167,944,1193,959,1164,961,1135,957,951,1139,970,1105,993,1088,1009,1094,1028,1092,1063,1113,1103,1149,1061,1165,1026,1168,1006,1168,987,1164,967,1157,965,1136,992,1117,1009,1119,1028,1120,1087,1144,1027,1139,1008,1138,990,1136
3160,h,1,1,831,831,1277,1277,105.33333333333333,873,977,867,1030,865,1084,869,1137,879,1187,898,1229,928,1263,965,1286,1016,1297,1074,1295,1135,1284,1193,1266,1239,1234,1270,1187,1288,1130,1300,1072,1313,1010,886,901,904,866,941,852,980,853,1015,868,1079,870,1122,860,1169,862,1210,880,1236,914,1040,923,1034,947,1026,970,1018,995,980,1047,999,1052,1018,1056,1043,1055,1067,1054,920,944,943,932,968,931,993,944,967,947,942,948,1105,948,1134,936,1161,941,1186,957,1158,957,1131,954,950,1139,969,1106,993,1089,1010,1094,1029,1093,1064,1113,1104,1149,1063,1167,1027,1171,1006,1170,986,1167,965,1160,963,1136,992,1116,1010,1119,1028,1120,1087,1145,1028,1141,1009,1140,990,1138
3161,h,1,1,831,831,1277,1277,105.36666666666666,881,963,876,1014,874,1067,875,1120,881,1172,895,1216,922,1256,960,1284,1013,1296,1072,1294,1136,1282,1194,1262,1240,1229,1271,1181,1290,1123,1303,1064,1316,1001,890,891,910,862,944,854,981,855,1014,869,1083,871,1125,860,1170,862,1212,877,1239,910,1042,925,1035,948,1027,971,1018,995,981,1046,999,1052,1018,1056,1043,1055,1067,1054,921,943,943,932,968,931,993,944,967,948,942,949,1108,949,1136,937,1163,941,1188,957,1160,959,1133,955,950,1139,969,1104,992,1088,1009,1093,1028,1092,1063,1113,1103,1150,1060,1168,1025,1172,1004,1171,985,1168,965,1160,964,1136,991,1118,1009,1120,1027,1122,1086,1146,1026,1142,1007,1141,990,1139
3162,h,1,1,831,831,1277,1277,105.4,891,964,883,1014,879,1067,879,1118,883,1169,895,1215,921,1254,957,1283,1009,1296,1068,1295,1130,1283,1189,1265,1236,1234,1268,1187,1289,1131,1303,1071,1317,1009,891,887,911,858,946,850,983,854,1016,869,1084,872,1127,860,1172,862,1215,877,1241,911,1042,921,1034,945,1025,967,1016,992,980,1044,998,1050,1017,1054,1042,1053,1066,1051,919,941,941,930,968,929,994,942,967,946,940,947,1108,947,1138,936,1166,941,1191,957,1163,958,1134,954,948,1139,967,1102,991,1086,1008,1091,1027,1089,1063,1111,1103,1150,1060,1172,1024,1177,1003,1177,983,1173,962,1163,962,1135,989,1116,1007,1118,1026,1120,1085,1146,1025,1145,1006,1144,987,1142
3163,h,1,1,831,831,1277,1277,105.43333333333334,891,964,883,1014,879,1067,879,1118,883,1169,895,1215,921,1254,957,1283,1009,1296,1068,1295,1130,1283,1189,1265,1236,1234,1268,1187,1289,1131,1303,1071,1317,1009,891,887,911,858,946,850,983,854,1016,869,1084,872,1127,860,1172,862,1215,877,1241,911,1042,921,1034,945,1025,967,1016,992,980,1044,998,1050,1017,1054,1042,1053,1066,1051,919,941,941,930,968,929,994,942,967,946,940,947,1108,947,1138,936,1166,941,1191,957,1163,958,1134,954,948,1139,967,1102,991,1086,1008,1091,1027,1089,1063,1111,1103,1150,1060,1172,1024,1177,1003,1177,983,1173,962,1163,962,1135,989,1116,1007,1118,1026,1120,1085,1146,1025,1145,1006,1144,987,1142
3164,h,1,1,831,831,1277,1277,105.46666666666667,887,965,881,1016,879,1069,880,1121,884,1171,897,1216,923,1255,960,1283,1013,1296,1074,1295,1138,1284,1196,1265,1242,1232,1273,1185,1292,1129,1306,1069,1319,1006,887,894,905,862,941,852,979,854,1013,868,1079,869,1124,858,1172,859,1215,876,1242,913,1039,921,1031,943,1022,965,1012,989,977,1040,995,1046,1014,1051,1040,1050,1064,1049,919,943,940,930,966,929,992,942,965,946,939,947,1109,945,1137,933,1166,938,1192,955,1163,956,1135,952,946,1139,962,1102,987,1085,1004,1091,1024,1088,1062,1112,1103,1151,1061,1174,1024,1178,1002,1178,982,1174,960,1165,959,1136,987,1115,1004,1117,1024,1118,1086,1147,1024,1148,1004,1147,985,1144
3165,h,1,1,831,831,1277,1277,105.5,887,962,882,1012,879,1064,881,1115,885,1165,897,1211,923,1249,960,1277,1012,1291,1071,1291,1136,1280,1196,1261,1243,1230,1276,1181,1295,1125,1308,1064,1320,1001,886,894,905,862,940,850,979,852,1014,867,1080,869,1125,857,1174,859,1217,876,1245,911,1040,919,1032,942,1022,965,1012,990,977,1039,995,1045,1015,1049,1040,1049,1065,1047,918,940,941,929,967,927,993,939,966,943,940,945,1109,944,1138,933,1167,939,1193,954,1163,955,1135,951,948,1135,965,1100,987,1083,1005,1089,1024,1087,1060,1111,1102,1150,1059,1169,1022,1171,1002,1170,982,1166,962,1157,962,1131,987,1112,1004,1115,1023,1117,1084,1145,1023,1140,1004,1139,986,1135
3166,h,1,1,831,831,1277,1277,105.53333333333333,891,968,883,1019,882,1070,884,1121,889,1170,902,1212,929,1247,965,1270,1014,1283,1073,1285,1136,1279,1195,1264,1242,1235,1275,1189,1296,1133,1310,1074,1325,1011,890,894,907,864,941,853,978,857,1011,872,1081,873,1126,862,1175,864,1220,880,1249,915,1040,922,1031,945,1021,967,1010,992,977,1041,994,1048,1014,1053,1039,1052,1064,1051,917,943,939,931,966,930,994,944,965,948,938,948,1111,948,1141,937,1170,943,1199,958,1167,961,1137,956,951,1134,968,1100,989,1083,1006,1089,1024,1088,1061,1111,1106,1152,1061,1164,1023,1164,1003,1162,984,1158,965,1151,965,1131,989,1114,1006,1116,1024,1118,1088,1146,1024,1132,1005,1129,988,1126
3167,h,1,1,831,831,1277,1277,105.56666666666666,891,968,883,1019,882,1070,884,1121,889,1170,902,1212,929,1247,965,1270,1014,1283,1073,1285,1136,1279,1195,1264,1242,1235,1275,1189,1296,1133,1310,1074,1325,1011,890,894,907,864,941,853,978,857,1011,872,1081,873,1126,862,1175,864,1220,880,1249,915,1040,922,1031,945,1021,967,1010,992,977,1041,994,1048,1014,1053,1039,1052,1064,1051,917,943,939,931,966,930,994,944,965,948,938,948,1111,948,1141,937,1170,943,1199,958,1167,961,1137,956,951,1134,968,1100,989,1083,1006,1089,1024,1088,1061,1111,1106,1152,1061,1164,1023,1164,1003,1162,984,1158,965,1151,965,1131,989,1114,1006,1116,1024,1118,1088,1146,1024,1132,1005,1129,988,1126
3168,h,1,1,831,831,1277,1277,105.6,878,961,869,1012,866,1065,868,1119,874,1169,890,1213,917,1247,955,1272,1006,1285,1065,1286,1127,1276,1187,1260,1235,1230,1268,1184,1287,1128,1300,1069,1313,1008,889,893,909,863,943,854,980,858,1013,873,1078,876,1119,863,1164,863,1204,880,1231,915,1039,921,1031,945,1023,968,1014,992,976,1042,995,1048,1015,1052,1039,1052,1063,1051,920,940,941,929,966,928,990,941,965,945,940,946,1104,947,1130,934,1157,939,1182,955,1154,957,1127,954,946,1133,966,1100,989,1086,1006,1091,1024,1090,1058,1110,1098,1147,1055,1158,1021,1157,1001,1156,982,1152,963,1146,960,1128,988,1112,1005,1115,1023,1117,1082,1141,1022,1128,1004,1126,986,1123
3169,h,1,1,831,831,1277,1277,105.63333333333334,885,966,879,1017,878,1067,879,1118,883,1168,897,1210,925,1245,961,1270,1012,1283,1069,1284,1132,1276,1191,1261,1238,1232,1270,1186,1291,1130,1304,1070,1316,1007,885,897,903,865,939,854,979,857,1014,872,1077,874,1121,862,1170,865,1214,883,1242,919,1037,921,1029,945,1020,968,1010,993,976,1043,994,1049,1014,1054,1039,1053,1064,1052,915,943,938,932,964,930,991,942,963,947,937,948,1106,948,1136,938,1164,943,1191,958,1161,959,1132,955,949,1133,967,1101,990,1086,1006,1091,1024,1090,1059,1111,1101,1148,1057,1157,1022,1156,1003,1154,985,1151,964,1146,962,1129,989,1114,1006,1116,1024,1118,1084,1142,1023,1126,1005,1124,988,1122
3170,h,1,1,831,831,1277,1277,105.66666666666667,888,971,880,1021,878,1072,879,1123,885,1171,898,1214,926,1248,962,1273,1010,1286,1069,1286,1131,1278,1188,1262,1236,1231,1268,1185,1288,1130,1301,1071,1313,1009,887,897,904,863,940,852,979,855,1013,871,1074,875,1117,861,1165,864,1207,884,1234,921,1037,922,1030,945,1022,967,1013,992,978,1043,996,1049,1015,1053,1039,1053,1063,1052,919,942,940,929,966,928,991,942,965,946,939,947,1102,948,1129,935,1157,940,1183,958,1154,959,1126,955,949,1136,968,1102,990,1085,1005,1091,1023,1090,1058,1112,1099,1149,1056,1165,1020,1166,1001,1164,984,1161,965,1154,963,1132,989,1113,1005,1115,1022,1117,1083,1144,1021,1137,1004,1135,988,1133
3171,h,1,1,831,831,1277,1277,105.7,888,971,880,1021,878,1072,879,1123,885,1171,898,1214,926,1248,962,1273,1010,1286,1069,1286,1131,1278,1188,1262,1236,1231,1268,1185,1288,1130,1301,1071,1313,1009,887,897,904,863,940,852,979,855,1013,871,1074,875,1117,861,1165,864,1207,884,1234,921,1037,922,1030,945,1022,967,1013,992,978,1043,996,1049,1015,1053,1039,1053,1063,1052,919,942,940,929,966,928,991,942,965,946,939,947,1102,948,1129,935,1157,940,1183,958,1154,959,1126,955,949,1136,968,1102,990,1085,1005,1091,1023,1090,1058,1112,1099,1149,1056,1165,1020,1166,1001,1164,984,1161,965,1154,963,1132,989,1113,1005,1115,1022,1117,1083,1144,1021,1137,1004,1135,988,1133
3172,h,1,1,831,831,1277,1277,105.73333333333333,886,969,879,1020,877,1072,879,1123,885,1173,900,1217,927,1255,962,1283,1012,1296,1069,1296,1130,1286,1187,1266,1235,1234,1268,1187,1288,1130,1301,1069,1313,1007,890,893,910,862,946,854,984,859,1018,874,1073,876,1116,863,1164,863,1207,881,1235,917,1037,923,1030,946,1021,969,1012,993,976,1046,995,1052,1014,1055,1039,1055,1063,1053,919,941,941,929,967,929,992,942,965,946,939,946,1102,948,1131,936,1159,940,1185,957,1156,958,1128,954,947,1142,963,1105,988,1088,1005,1093,1024,1091,1059,1113,1099,1152,1058,1176,1023,1181,1002,1181,983,1177,961,1168,961,1139,987,1117,1005,1119,1023,1120,1082,1148,1024,1150,1005,1149,987,1147
3173,h,1,1,831,831,1277,1277,105.76666666666667,891,964,883,1016,882,1069,884,1119,889,1170,901,1214,924,1253,958,1283,1007,1297,1067,1296,1133,1286,1191,1265,1239,1233,1271,1184,1290,1127,1302,1066,1314,1004,900,898,918,870,948,861,982,863,1013,876,1077,879,1117,867,1161,868,1202,885,1228,917,1037,926,1029,949,1019,971,1009,995,980,1047,996,1052,1014,1055,1037,1055,1061,1053,929,945,948,932,973,931,996,945,971,949,947,950,1105,948,1130,934,1157,939,1180,956,1154,958,1127,954,951,1146,966,1109,989,1090,1005,1095,1024,1093,1060,1115,1099,1154,1059,1179,1024,1185,1003,1185,984,1181,964,1172,965,1143,989,1120,1005,1121,1024,1123,1081,1151,1024,1153,1005,1151,988,1150
3174,h,1,1,831,831,1277,1277,105.8,891,964,883,1016,882,1069,884,1119,889,1170,901,1214,924,1253,958,1283,1007,1297,1067,1296,1133,1286,1191,1265,1239,1233,1271,1184,1290,1127,1302,1066,1314,1004,900,898,918,870,948,861,982,863,1013,876,1077,879,1117,867,1161,868,1202,885,1228,917,1037,926,1029,949,1019,971,1009,995,980,1047,996,1052,1014,1055,1037,1055,1061,1053,929,945,948,932,973,931,996,945,971,949,947,950,1105,948,1130,934,1157,939,1180,956,1154,958,1127,954,951,1146,966,1109,989,1090,1005,1095,1024,1093,1060,1115,1099,1154,1059,1179,1024,1185,1003,1185,984,1181,964,1172,965,1143,989,1120,1005,1121,1024,1123,1081,1151,1024,1153,1005,1151,988,1150
3175,h,1,1,831,831,1277,1277,105.83333333333333,887,966,880,1018,878,1072,881,1124,887,1176,900,1221,926,1261,961,1290,1012,1301,1072,1301,1135,1290,1193,1271,1240,1239,1272,1191,1292,1135,1306,1073,1320,1010,890,896,909,865,944,855,981,858,1014,874,1080,876,1123,863,1170,864,1214,881,1241,917,1039,926,1031,948,1021,970,1012,994,977,1046,995,1052,1015,1056,1040,1056,1064,1054,920,943,941,932,967,931,993,944,966,948,941,949,1107,948,1135,937,1164,942,1190,959,1161,960,1132,956,949,1146,965,1107,989,1090,1005,1095,1025,1093,1061,1115,1100,1156,1060,1179,1024,1184,1003,1184,983,1180,963,1171,963,1142,988,1121,1005,1123,1025,1124,1083,1152,1025,1152,1005,1151,987,1149
3176,h,1,1,858,858,1229,1229,105.86666666666666,887,966,883,1015,882,1066,885,1114,889,1162,902,1204,928,1237,963,1261,1010,1273,1067,1274,1126,1263,1179,1242,1220,1209,1249,1165,1268,1114,1282,1059,1297,1002,889,895,909,866,943,857,979,861,1012,876,1076,878,1116,866,1160,867,1200,883,1224,917,1037,925,1030,950,1022,972,1014,997,981,1046,998,1051,1016,1055,1039,1055,1062,1055,920,942,941,929,967,929,991,945,966,949,939,949,1103,950,1129,934,1157,938,1181,955,1156,958,1128,955,952,1135,970,1104,992,1089,1008,1096,1026,1094,1057,1115,1094,1149,1055,1165,1023,1167,1004,1165,985,1161,966,1152,965,1131,991,1119,1008,1121,1026,1123,1077,1145,1025,1135,1006,1133,989,1130
3177,h,1,1,858,858,1229,1229,105.9,889,971,884,1018,883,1067,884,1114,888,1160,901,1201,927,1233,961,1256,1009,1268,1064,1269,1121,1259,1173,1241,1215,1210,1243,1168,1262,1119,1279,1066,1294,1008,887,902,906,869,942,858,981,861,1014,877,1075,878,1117,865,1163,867,1205,887,1229,925,1039,928,1031,951,1023,974,1014,999,979,1046,997,1052,1016,1057,1040,1057,1063,1055,919,944,940,929,968,930,993,948,966,951,939,952,1102,952,1129,936,1158,940,1181,959,1155,962,1127,958,950,1132,969,1102,992,1088,1009,1095,1026,1093,1057,1113,1095,1148,1054,1163,1022,1164,1003,1163,985,1158,965,1149,963,1128,991,1116,1008,1119,1025,1121,1078,1143,1024,1132,1006,1130,989,1127
3178,h,1,1,858,858,1229,1229,105.93333333333334,889,971,884,1018,883,1067,884,1114,888,1160,901,1201,927,1233,961,1256,1009,1268,1064,1269,1121,1259,1173,1241,1215,1210,1243,1168,1262,1119,1279,1066,1294,1008,887,902,906,869,942,858,981,861,1014,877,1075,878,1117,865,1163,867,1205,887,1229,925,1039,928,1031,951,1023,974,1014,999,979,1046,997,1052,1016,1057,1040,1057,1063,1055,919,944,940,929,968,930,993,948,966,951,939,952,1102,952,1129,936,1158,940,1181,959,1155,962,1127,958,950,1132,969,1102,992,1088,1009,1095,1026,1093,1057,1113,1095,1148,1054,1163,1022,1164,1003,1163,985,1158,965,1149,963,1128,991,1116,1008,1119,1025,1121,1078,1143,1024,1132,1006,1130,989,1127
3179,h,1,1,858,858,1229,1229,105.96666666666667,887,983,882,1031,882,1079,884,1127,891,1172,908,1210,936,1238,971,1258,1017,1267,1071,1264,1125,1252,1174,1232,1211,1203,1236,1161,1253,1112,1266,1060,1278,1007,890,898,911,872,944,867,978,871,1009,885,1075,885,1112,874,1153,872,1191,885,1214,917,1038,933,1032,955,1025,977,1017,1001,982,1048,1000,1053,1019,1056,1041,1057,1063,1057,918,946,939,931,966,932,991,951,964,954,937,954,1096,955,1122,937,1151,940,1175,958,1150,963,1122,961,945,1131,969,1102,994,1087,1009,1093,1026,1092,1057,1113,1095,1147,1055,1160,1024,1160,1005,1159,987,1154,965,1146,958,1128,993,1115,1009,1118,1025,1120,1078,1143,1024,1129,1008,1126,991,1124
3180,h,1,1,858,858,1229,1229,106.0,894,965,887,1013,885,1062,886,1111,890,1159,902,1201,927,1233,961,1256,1006,1268,1062,1269,1120,1259,1171,1240,1213,1211,1242,1168,1262,1118,1279,1064,1294,1007,897,892,917,867,950,859,985,863,1015,878,1076,879,1116,869,1161,871,1201,888,1226,922,1039,926,1031,951,1022,975,1012,1001,980,1046,997,1051,1014,1056,1038,1056,1062,1056,923,941,944,928,970,929,994,945,969,949,942,949,1102,951,1129,937,1157,942,1180,959,1154,963,1126,959,951,1130,969,1101,991,1088,1006,1094,1024,1092,1054,1113,1089,1148,1050,1160,1020,1161,1001,1159,983,1155,965,1146,965,1126,990,1116,1006,1119,1023,1121,1072,1143,1021,1128,1004,1126,987,1123
3181,h,1,1,831,831,1277,1277,106.03333333333333,891,965,884,1015,881,1066,883,1117,887,1167,902,1211,930,1248,965,1275,1014,1288,1071,1288,1134,1278,1192,1261,1239,1231,1272,1184,1291,1128,1304,1069,1318,1008,891,892,910,863,944,855,980,858,1012,873,1078,874,1120,864,1167,866,1210,883,1238,917,1038,924,1030,948,1021,971,1012,996,978,1048,995,1054,1014,1057,1038,1057,1061,1056,919,941,941,929,968,929,992,944,966,948,939,949,1104,950,1133,937,1161,942,1186,958,1158,961,1129,957,949,1138,966,1106,988,1090,1004,1095,1022,1093,1056,1117,1095,1154,1054,1169,1020,1170,1001,1168,982,1164,963,1156,963,1134,987,1119,1004,1122,1022,1124,1078,1148,1021,1136,1004,1134,986,1131
3182,h,1,1,831,831,1277,1277,106.06666666666666,891,965,884,1015,881,1066,883,1117,887,1167,902,1211,930,1248,965,1275,1014,1288,1071,1288,1134,1278,1192,1261,1239,1231,1272,1184,1291,1128,1304,1069,1318,1008,891,892,910,863,944,855,980,858,1012,873,1078,874,1120,864,1167,866,1210,883,1238,917,1038,924,1030,948,1021,971,1012,996,978,1048,995,1054,1014,1057,1038,1057,1061,1056,919,941,941,929,968,929,992,944,966,948,939,949,1104,950,1133,937,1161,942,1186,958,1158,961,1129,957,949,1138,966,1106,988,1090,1004,1095,1022,1093,1056,1117,1095,1154,1054,1169,1020,1170,1001,1168,982,1164,963,1156,963,1134,987,1119,1004,1122,1022,1124,1078,1148,1021,1136,1004,1134,986,1131
3183,h,1,1,831,831,1277,1277,106.1,883,964,876,1015,873,1068,874,1121,880,1172,896,1218,924,1256,961,1284,1013,1298,1073,1297,1135,1285,1192,1266,1238,1232,1268,1184,1288,1128,1302,1068,1316,1004,886,896,905,864,941,854,980,858,1015,872,1079,877,1123,866,1172,868,1216,886,1244,922,1040,926,1032,950,1023,974,1014,1001,977,1047,995,1053,1015,1059,1040,1058,1064,1057,918,943,940,933,966,932,991,943,964,948,939,949,1107,951,1136,943,1164,949,1189,963,1160,964,1133,959,948,1142,964,1105,987,1089,1005,1096,1025,1095,1060,1119,1099,1160,1058,1178,1022,1181,1000,1179,979,1174,960,1163,962,1138,986,1119,1005,1122,1024,1125,1081,1154,1023,1147,1003,1144,984,1141
3184,h,1,1,831,831,1277,1277,106.13333333333334,884,969,876,1020,874,1074,876,1127,884,1177,900,1221,927,1258,964,1286,1017,1299,1076,1298,1137,1286,1193,1267,1239,1236,1272,1189,1291,1134,1305,1073,1318,1010,885,894,905,862,942,852,981,855,1015,870,1080,872,1125,863,1173,866,1216,882,1245,917,1042,927,1034,950,1025,973,1016,998,981,1049,998,1055,1017,1059,1041,1059,1065,1059,919,942,941,931,968,930,993,943,967,948,940,949,1110,950,1139,940,1168,946,1193,962,1164,965,1136,960,954,1141,970,1106,992,1090,1007,1097,1027,1096,1062,1120,1102,1159,1061,1179,1025,1181,1004,1179,985,1174,967,1163,969,1138,991,1120,1007,1123,1026,1126,1084,1154,1026,1147,1006,1144,990,1141
3185,h,1,1,831,831,1277,1277,106.16666666666667,883,964,875,1013,871,1066,871,1119,877,1171,893,1216,921,1255,958,1283,1010,1297,1070,1296,1132,1285,1190,1266,1236,1232,1267,1185,1287,1129,1301,1070,1314,1008,889,894,907,862,942,852,980,854,1015,869,1078,873,1122,863,1170,865,1213,883,1239,919,1039,925,1032,948,1024,971,1015,996,977,1046,996,1053,1015,1058,1040,1057,1065,1056,918,941,941,931,967,930,992,942,966,947,940,947,1105,949,1136,940,1164,946,1189,962,1160,963,1132,958,949,1142,965,1104,988,1089,1005,1095,1025,1094,1060,1117,1098,1158,1057,1175,1022,1177,1001,1175,981,1170,961,1162,963,1137,987,1118,1005,1121,1024,1123,1080,1151,1024,1145,1004,1143,986,1140
3186,h,1,1,831,831,1277,1277,106.2,883,964,875,1013,871,1066,871,1119,877,1171,893,1216,921,1255,958,1283,1010,1297,1070,1296,1132,1285,1190,1266,1236,1232,1267,1185,1287,1129,1301,1070,1314,1008,889,894,907,862,942,852,980,854,1015,869,1078,873,1122,863,1170,865,1213,883,1239,919,1039,925,1032,948,1024,971,1015,996,977,1046,996,1053,1015,1058,1040,1057,1065,1056,918,941,941,931,967,930,992,942,966,947,940,947,1105,949,1136,940,1164,946,1189,962,1160,963,1132,958,949,1142,965,1104,988,1089,1005,1095,1025,1094,1060,1117,1098,1158,1057,1175,1022,1177,1001,1175,981,1170,961,1162,963,1137,987,1118,1005,1121,1024,1123,1080,1151,1024,1145,1004,1143,986,1140
3187,h,1,1,831,831,1277,1277,106.23333333333333,885,971,879,1021,878,1073,878,1124,885,1173,900,1217,927,1253,962,1280,1013,1294,1072,1295,1134,1286,1192,1270,1238,1239,1270,1193,1292,1136,1306,1076,1319,1013,886,896,905,864,941,855,979,857,1014,871,1077,875,1122,863,1171,866,1216,884,1244,920,1040,925,1032,949,1023,971,1014,995,979,1048,998,1053,1017,1056,1041,1057,1065,1057,918,943,940,931,967,930,994,945,966,949,939,950,1107,951,1137,939,1167,944,1194,961,1164,964,1134,960,952,1139,969,1105,991,1088,1008,1094,1028,1093,1063,1117,1104,1156,1062,1174,1027,1175,1005,1173,985,1169,966,1159,967,1136,991,1117,1008,1119,1027,1122,1087,1151,1027,1143,1007,1140,989,1137
3190,h,1,1,831,831,1277,1277,106.33333333333333,887,966,883,1018,882,1070,883,1121,887,1172,901,1215,928,1252,964,1278,1015,1292,1075,1293,1136,1283,1194,1265,1240,1232,1271,1183,1291,1127,1306,1065,1319,1001,885,896,903,865,940,853,980,856,1016,871,1078,872,1124,860,1174,863,1220,879,1251,915,1040,918,1032,943,1023,966,1013,992,978,1040,996,1047,1015,1052,1041,1051,1066,1050,914,943,936,931,964,929,993,940,964,945,936,947,1109,945,1141,936,1172,941,1200,956,1168,958,1137,953,949,1136,965,1100,987,1084,1006,1090,1026,1089,1062,1111,1104,1152,1061,1170,1025,1172,1003,1170,982,1166,962,1157,963,1132,987,1113,1006,1116,1026,1118,1086,1146,1026,1140,1006,1138,986,1135
3191,h,1,1,831,831,1277,1277,106.36666666666666,892,966,886,1018,884,1070,885,1122,891,1172,906,1215,935,1249,971,1273,1020,1285,1078,1284,1141,1274,1198,1255,1242,1224,1272,1178,1289,1124,1302,1065,1314,1004,896,894,915,865,949,857,986,861,1018,876,1080,879,1121,867,1167,867,1208,884,1236,917,1042,923,1035,947,1026,970,1017,994,982,1043,1000,1049,1019,1054,1043,1054,1066,1052,928,941,948,930,973,929,997,941,972,945,948,946,1106,947,1133,936,1160,941,1184,957,1157,959,1130,954,954,1132,970,1099,991,1084,1008,1090,1025,1088,1060,1111,1101,1150,1059,1163,1024,1161,1004,1159,986,1155,968,1147,968,1127,991,1114,1008,1117,1025,1120,1083,1144,1024,1129,1007,1126,990,1122
3192,h,1,1,831,831,1277,1277,106.4,887,969,883,1021,882,1073,884,1123,890,1170,905,1210,933,1241,970,1264,1021,1278,1079,1276,1141,1267,1199,1249,1244,1220,1272,1175,1290,1121,1304,1064,1319,1004,884,900,902,866,937,851,976,851,1011,866,1079,870,1124,859,1173,862,1217,880,1246,915,1040,920,1032,944,1024,968,1014,993,981,1044,999,1050,1017,1054,1042,1054,1066,1052,919,943,941,930,968,929,995,943,967,947,940,948,1107,948,1136,935,1165,940,1192,957,1162,959,1133,954,952,1134,970,1100,993,1083,1009,1088,1028,1087,1064,1110,1105,1148,1064,1163,1028,1164,1008,1163,989,1159,968,1152,966,1130,992,1110,1010,1113,1028,1115,1088,1143,1028,1134,1010,1132,992,1129
3193,h,1,1,831,831,1277,1277,106.43333333333334,887,969,883,1021,882,1073,884,1123,890,1170,905,1210,933,1241,970,1264,1021,1278,1079,1276,1141,1267,1199,1249,1244,1220,1272,1175,1290,1121,1304,1064,1319,1004,884,900,902,866,937,851,976,851,1011,866,1079,870,1124,859,1173,862,1217,880,1246,915,1040,920,1032,944,1024,968,1014,993,981,1044,999,1050,1017,1054,1042,1054,1066,1052,919,943,941,930,968,929,995,943,967,947,940,948,1107,948,1136,935,1165,940,1192,957,1162,959,1133,954,952,1134,970,1100,993,1083,1009,1088,1028,1087,1064,1110,1105,1148,1064,1163,1028,1164,1008,1163,989,1159,968,1152,966,1130,992,1110,1010,1113,1028,1115,1088,1143,1028,1134,1010,1132,992,1129
3195,h,1,1,831,831,1277,1277,106.5,887,974,883,1026,883,1078,885,1130,892,1179,907,1221,935,1255,971,1279,1021,1291,1079,1290,1141,1280,1198,1263,1244,1233,1275,1188,1295,1131,1308,1073,1321,1011,887,899,905,866,939,852,978,853,1012,868,1082,871,1127,861,1176,864,1219,882,1247,918,1041,922,1034,944,1025,966,1016,990,981,1043,999,1049,1018,1053,1043,1053,1067,1052,921,946,942,931,969,930,994,944,968,947,941,949,1108,950,1137,937,1165,942,1192,959,1162,959,1134,955,949,1137,969,1101,991,1083,1008,1089,1027,1087,1062,1111,1103,1151,1061,1167,1026,1167,1006,1165,986,1161,966,1154,963,1131,991,1114,1008,1116,1027,1118,1086,1146,1026,1134,1008,1131,990,1128
3196,h,1,1,831,831,1277,1277,106.53333333333333,891,974,885,1024,884,1076,886,1127,891,1177,906,1218,935,1252,971,1276,1021,1289,1078,1286,1140,1277,1197,1262,1242,1232,1273,1187,1293,1132,1307,1073,1320,1012,890,893,909,863,944,853,981,856,1015,870,1083,873,1127,861,1175,863,1218,877,1247,911,1042,925,1034,946,1025,968,1015,991,982,1046,999,1051,1018,1055,1042,1055,1065,1054,919,946,941,933,968,932,994,946,967,951,940,951,1112,952,1141,939,1170,944,1197,960,1167,963,1138,959,954,1139,973,1103,995,1084,1009,1090,1027,1088,1062,1112,1103,1152,1062,1168,1026,1169,1007,1168,990,1164,970,1157,969,1134,995,1117,1010,1119,1026,1121,1085,1147,1026,1136,1009,1134,993,1132
3197,h,1,1,831,831,1277,1277,106.56666666666666,891,974,885,1024,884,1076,886,1127,891,1177,906,1218,935,1252,971,1276,1021,1289,1078,1286,1140,1277,1197,1262,1242,1232,1273,1187,1293,1132,1307,1073,1320,1012,890,893,909,863,944,853,981,856,1015,870,1083,873,1127,861,1175,863,1218,877,1247,911,1042,925,1034,946,1025,968,1015,991,982,1046,999,1051,1018,1055,1042,1055,1065,1054,919,946,941,933,968,932,994,946,967,951,940,951,1112,952,1141,939,1170,944,1197,960,1167,963,1138,959,954,1139,973,1103,995,1084,1009,1090,1027,1088,1062,1112,1103,1152,1062,1168,1026,1169,1007,1168,990,1164,970,1157,969,1134,995,1117,1010,1119,1026,1121,1085,1147,1026,1136,1009,1134,993,1132
3198,h,1,1,831,831,1277,1277,106.6,880,979,873,1031,871,1084,875,1136,884,1185,900,1227,929,1262,965,1287,1017,1298,1077,1297,1140,1287,1199,1269,1244,1238,1275,1190,1294,1135,1306,1076,1317,1013,885,903,903,867,940,852,982,852,1018,867,1079,870,1125,858,1174,861,1219,880,1246,919,1041,921,1034,945,1025,968,1016,993,980,1044,998,1050,1017,1055,1043,1055,1067,1053,919,946,941,934,967,931,994,944,967,948,941,949,1108,949,1138,938,1166,943,1192,960,1163,961,1134,956,949,1141,967,1102,989,1086,1007,1092,1028,1091,1063,1115,1105,1155,1061,1169,1026,1170,1005,1169,984,1164,964,1156,963,1136,989,1115,1007,1118,1027,1120,1088,1149,1027,1139,1007,1137,987,1134
3199,h,1,1,831,831,1277,1277,106.63333333333334,885,980,878,1030,877,1083,880,1134,888,1184,904,1225,933,1259,969,1283,1020,1294,1077,1294,1139,1286,1196,1268,1242,1236,1272,1190,1292,1135,1305,1076,1317,1015,889,896,907,864,943,849,982,850,1017,865,1083,870,1127,859,1174,862,1217,879,1245,914,1041,923,1034,946,1025,968,1015,993,979,1046,998,1052,1017,1056,1043,1056,1068,1054,920,946,941,934,967,931,994,944,967,947,941,949,1109,949,1139,939,1168,944,1193,961,1164,961,1135,956,950,1141,967,1104,990,1086,1008,1092,1028,1090,1064,1113,1105,1153,1062,1170,1027,1174,1005,1173,985,1169,965,1160,964,1137,990,1116,1008,1118,1027,1120,1087,1148,1027,1142,1008,1141,989,1138
3200,h,1,1,831,831,1277,1277,106.66666666666667,883,973,878,1024,876,1076,878,1127,886,1176,902,1219,932,1253,969,1279,1019,1292,1077,1290,1138,1281,1196,1264,1242,1232,1273,1185,1292,1129,1304,1071,1316,1010,892,894,910,863,944,851,980,853,1013,865,1084,872,1126,861,1172,862,1214,878,1241,911,1040,923,1033,946,1025,969,1015,993,982,1046,1000,1051,1019,1054,1044,1054,1068,1052,920,946,942,932,968,930,993,944,966,948,940,949,1109,949,1138,936,1167,941,1192,958,1163,959,1135,955,952,1141,969,1104,992,1086,1010,1092,1028,1090,1063,1112,1103,1151,1063,1170,1028,1174,1007,1174,987,1171,967,1162,966,1137,992,1117,1010,1118,1028,1120,1086,1147,1028,1145,1009,1144,991,1142
3201,h,1,1,831,831,1277,1277,106.7,883,973,878,1024,876,1076,878,1127,886,1176,902,1219,932,1253,969,1279,1019,1292,1077,1290,1138,1281,1196,1264,1242,1232,1273,1185,1292,1129,1304,1071,1316,1010,892,894,910,863,944,851,980,853,1013,865,1084,872,1126,861,1172,862,1214,878,1241,911,1040,923,1033,946,1025,969,1015,993,982,1046,1000,1051,1019,1054,1044,1054,1068,1052,920,946,942,932,968,930,993,944,966,948,940,949,1109,949,1138,936,1167,941,1192,958,1163,959,1135,955,952,1141,969,1104,992,1086,1010,1092,1028,1090,1063,1112,1103,1151,1063,1170,1028,1174,1007,1174,987,1171,967,1162,966,1137,992,1117,1010,1118,1028,1120,1086,1147,1028,1145,1009,1144,991,1142
3202,h,1,1,831,831,1277,1277,106.73333333333333,873,975,868,1027,866,1081,871,1133,881,1183,900,1224,930,1259,968,1284,1020,1297,1078,1295,1139,1284,1197,1266,1242,1234,1272,1186,1290,1130,1302,1071,1314,1009,887,899,906,866,943,852,983,853,1018,868,1083,873,1127,861,1174,863,1217,881,1243,916,1043,923,1036,947,1028,969,1019,994,983,1045,1001,1051,1021,1056,1046,1054,1070,1052,918,947,940,933,966,931,993,944,966,948,940,950,1109,949,1139,937,1168,942,1193,960,1164,959,1136,955,953,1143,970,1103,994,1085,1011,1091,1031,1089,1067,1112,1107,1152,1067,1173,1032,1177,1010,1177,990,1173,969,1164,966,1138,993,1115,1011,1118,1030,1119,1090,1147,1032,1147,1012,1146,993,1143
3203,h,1,1,831,831,1277,1277,106.76666666666667,889,971,881,1020,879,1071,879,1121,884,1170,897,1214,923,1252,959,1280,1011,1294,1072,1295,1136,1286,1194,1267,1241,1235,1272,1188,1291,1132,1304,1073,1316,1010,890,889,909,860,944,850,980,853,1013,868,1086,871,1129,860,1174,862,1215,878,1241,912,1043,923,1035,946,1027,968,1017,993,982,1044,1001,1049,1020,1053,1045,1052,1069,1051,920,943,942,931,968,930,992,942,966,946,941,946,1110,947,1137,936,1166,941,1191,957,1162,958,1134,953,953,1141,968,1103,992,1086,1010,1091,1030,1089,1066,1112,1106,1152,1064,1174,1028,1179,1007,1178,986,1174,966,1164,966,1137,992,1116,1010,1118,1029,1120,1089,1148,1029,1148,1009,1146,990,1144
3204,h,1,1,831,831,1277,1277,106.8,889,971,881,1020,879,1071,879,1121,884,1170,897,1214,923,1252,959,1280,1011,1294,1072,1295,1136,1286,1194,1267,1241,1235,1272,1188,1291,1132,1304,1073,1316,1010,890,889,909,860,944,850,980,853,1013,868,1086,871,1129,860,1174,862,1215,878,1241,912,1043,923,1035,946,1027,968,1017,993,982,1044,1001,1049,1020,1053,1045,1052,1069,1051,920,943,942,931,968,930,992,942,966,946,941,946,1110,947,1137,936,1166,941,1191,957,1162,958,1134,953,953,1141,968,1103,992,1086,1010,1091,1030,1089,1066,1112,1106,1152,1064,1174,1028,1179,1007,1178,986,1174,966,1164,966,1137,992,1116,1010,1118,1029,1120,1089,1148,1029,1148,1009,1146,990,1144
3205,h,1,1,831,831,1277,1277,106.83333333333333,874,971,868,1023,866,1079,870,1132,880,1184,897,1228,927,1266,965,1293,1016,1304,1075,1301,1136,1289,1194,1269,1240,1235,1269,1187,1288,1130,1300,1072,1312,1010,888,898,905,865,940,851,979,850,1014,863,1084,867,1126,857,1173,861,1214,878,1238,914,1042,919,1035,943,1027,965,1018,990,982,1042,1000,1047,1020,1051,1045,1050,1069,1048,920,944,941,931,967,929,991,942,966,944,940,946,1109,945,1136,933,1164,938,1188,956,1160,955,1133,950,952,1142,968,1102,993,1084,1010,1089,1029,1087,1064,1109,1104,1151,1065,1179,1029,1187,1009,1188,988,1184,966,1172,966,1138,993,1114,1010,1115,1028,1117,1086,1147,1030,1155,1011,1154,992,1152
3206,h,1,1,831,831,1277,1277,106.86666666666666,875,970,869,1023,868,1078,873,1132,884,1184,900,1229,928,1268,965,1295,1018,1307,1078,1305,1140,1295,1198,1274,1244,1241,1275,1192,1293,1133,1305,1071,1317,1007,891,897,907,861,943,845,983,845,1019,861,1085,866,1129,854,1177,858,1219,879,1242,917,1043,916,1036,938,1028,960,1019,985,983,1038,1002,1044,1022,1047,1048,1046,1072,1045,924,938,946,925,971,924,997,937,970,938,945,939,1110,943,1139,932,1166,937,1190,955,1162,952,1136,947,953,1141,970,1102,996,1085,1015,1090,1037,1088,1075,1109,1114,1149,1075,1179,1037,1188,1013,1189,990,1185,967,1172,965,1138,995,1112,1015,1114,1037,1115,1097,1146,1038,1157,1015,1156,994,1154
3207,h,1,1,831,831,1277,1277,106.9,881,976,877,1027,876,1082,879,1134,888,1185,904,1228,934,1267,974,1294,1026,1306,1086,1302,1147,1290,1204,1267,1249,1232,1277,1182,1295,1124,1306,1064,1318,1000,887,901,904,867,938,850,978,849,1013,863,1082,866,1126,854,1173,859,1216,880,1241,916,1041,918,1034,941,1027,962,1019,986,983,1038,1002,1044,1022,1048,1047,1047,1072,1045,920,943,941,928,966,926,992,940,966,941,941,943,1109,943,1137,931,1165,935,1190,953,1161,951,1134,947,956,1143,972,1102,996,1084,1016,1089,1039,1087,1077,1109,1116,1151,1077,1181,1039,1190,1015,1191,992,1187,969,1175,969,1140,996,1112,1016,1114,1038,1115,1099,1147,1039,1158,1017,1157,995,1156
3208,h,1,1,831,831,1277,1277,106.93333333333334,881,976,877,1027,876,1082,879,1134,888,1185,904,1228,934,1267,974,1294,1026,1306,1086,1302,1147,1290,1204,1267,1249,1232,1277,1182,1295,1124,1306,1064,1318,1000,887,901,904,867,938,850,978,849,1013,863,1082,866,1126,854,1173,859,1216,880,1241,916,1041,918,1034,941,1027,962,1019,986,983,1038,1002,1044,1022,1048,1047,1047,1072,1045,920,943,941,928,966,926,992,940,966,941,941,943,1109,943,1137,931,1165,935,1190,953,1161,951,1134,947,956,1143,972,1102,996,1084,1016,1089,1039,1087,1077,1109,1116,1151,1077,1181,1039,1190,1015,1191,992,1187,969,1175,969,1140,996,1112,1016,1114,1038,1115,1099,1147,1039,1158,1017,1157,995,1156
3209,h,1,1,831,831,1277,1277,106.96666666666667,880,979,875,1030,873,1083,876,1135,885,1186,902,1229,932,1267,972,1294,1026,1308,1087,1303,1149,1292,1204,1270,1250,1234,1279,1184,1297,1127,1309,1067,1322,1005,888,898,905,864,940,848,980,847,1015,860,1089,865,1132,853,1178,857,1221,876,1244,911,1046,918,1038,941,1030,962,1022,987,984,1041,1004,1045,1024,1049,1049,1048,1074,1048,922,942,944,927,970,925,996,940,970,942,944,944,1111,944,1139,930,1168,935,1192,953,1164,953,1136,948,955,1143,973,1102,999,1084,1018,1089,1039,1087,1077,1109,1116,1150,1077,1181,1040,1191,1017,1191,995,1188,971,1175,969,1140,999,1114,1018,1115,1038,1116,1099,1147,1040,1159,1018,1158,998,1156
3210,h,1,1,831,831,1277,1277,107.0,877,981,871,1031,869,1084,871,1137,881,1189,898,1234,928,1272,968,1299,1023,1311,1085,1309,1147,1298,1204,1275,1246,1239,1273,1188,1291,1131,1303,1072,1313,1011,891,897,908,862,944,846,984,846,1019,862,1085,865,1129,853,1175,857,1216,876,1240,913,1045,916,1039,939,1031,961,1023,986,985,1038,1004,1044,1025,1048,1051,1047,1076,1045,921,940,943,927,968,926,994,939,967,941,943,942,1114,942,1143,932,1169,936,1193,952,1166,950,1140,947,953,1140,973,1101,999,1083,1020,1089,1044,1088,1082,1109,1121,1149,1081,1179,1043,1189,1017,1189,993,1185,969,1173,966,1137,998,1111,1020,1113,1043,1115,1104,1146,1043,1159,1019,1158,997,1156
3211,h,1,1,831,831,1277,1277,107.03333333333333,878,966,870,1018,864,1072,865,1125,873,1175,890,1220,919,1259,958,1290,1012,1305,1074,1304,1139,1294,1200,1275,1247,1241,1278,1193,1298,1134,1310,1073,1322,1010,891,891,910,858,945,845,984,847,1019,862,1089,865,1134,855,1181,859,1223,877,1249,914,1046,918,1038,941,1030,962,1020,987,984,1038,1002,1043,1022,1048,1047,1048,1072,1047,923,938,945,926,971,925,995,939,970,942,944,943,1114,944,1144,934,1172,939,1198,957,1168,956,1140,951,953,1137,972,1100,996,1083,1015,1088,1036,1087,1074,1109,1114,1150,1073,1174,1035,1179,1013,1179,992,1175,969,1164,968,1133,996,1112,1014,1114,1035,1115,1098,1145,1036,1149,1015,1148,995,1145
3212,h,1,1,831,831,1277,1277,107.06666666666666,878,966,870,1018,864,1072,865,1125,873,1175,890,1220,919,1259,958,1290,1012,1305,1074,1304,1139,1294,1200,1275,1247,1241,1278,1193,1298,1134,1310,1073,1322,1010,891,891,910,858,945,845,984,847,1019,862,1089,865,1134,855,1181,859,1223,877,1249,914,1046,918,1038,941,1030,962,1020,987,984,1038,1002,1043,1022,1048,1047,1048,1072,1047,923,938,945,926,971,925,995,939,970,942,944,943,1114,944,1144,934,1172,939,1198,957,1168,956,1140,951,953,1137,972,1100,996,1083,1015,1088,1036,1087,1074,1109,1114,1150,1073,1174,1035,1179,1013,1179,992,1175,969,1164,968,1133,996,1112,1014,1114,1035,1115,1098,1145,1036,1149,1015,1148,995,1145
3213,h,1,1,831,831,1277,1277,107.1,896,960,889,1010,885,1064,884,1117,889,1168,903,1213,931,1250,969,1277,1023,1290,1084,1288,1147,1278,1205,1259,1250,1227,1281,1180,1299,1123,1312,1066,1324,1005,898,886,916,855,951,845,988,848,1022,863,1093,866,1136,856,1182,859,1223,875,1249,907,1050,920,1042,942,1033,963,1023,987,987,1037,1005,1043,1024,1048,1050,1048,1074,1046,928,936,950,926,975,925,1000,937,974,940,949,941,1118,943,1146,933,1173,939,1198,954,1170,955,1143,950,955,1132,974,1097,998,1082,1015,1088,1036,1086,1073,1108,1113,1144,1071,1165,1033,1168,1011,1167,991,1163,970,1155,969,1129,996,1112,1014,1114,1035,1116,1096,1141,1035,1138,1014,1137,995,1134
3214,h,1,1,831,831,1277,1277,107.13333333333334,885,965,877,1017,873,1070,874,1123,882,1174,898,1216,929,1251,969,1274,1022,1287,1083,1287,1147,1279,1205,1261,1250,1227,1278,1178,1296,1121,1307,1062,1318,1001,894,894,911,859,947,846,986,848,1021,863,1091,865,1135,855,1181,858,1222,878,1245,915,1048,919,1042,942,1034,964,1026,988,985,1038,1005,1044,1025,1049,1052,1048,1077,1047,928,937,950,925,975,924,997,938,974,939,949,939,1115,944,1142,932,1168,937,1191,954,1164,952,1139,948,957,1129,977,1096,1000,1082,1019,1088,1042,1087,1077,1106,1117,1144,1075,1159,1040,1162,1016,1161,994,1156,974,1149,971,1126,999,1109,1018,1112,1041,1114,1100,1139,1041,1134,1018,1132,998,1129
3215,h,1,1,831,831,1277,1277,107.16666666666667,895,957,888,1008,884,1062,884,1114,888,1165,902,1211,931,1249,970,1276,1025,1288,1086,1288,1150,1278,1208,1258,1252,1224,1282,1176,1301,1120,1313,1061,1325,1000,898,885,915,854,948,844,985,847,1017,861,1092,865,1135,855,1181,858,1222,874,1247,907,1048,919,1041,941,1032,963,1023,987,986,1038,1005,1044,1024,1048,1050,1048,1075,1046,928,936,949,924,975,924,999,937,974,940,949,941,1117,942,1145,931,1172,936,1195,953,1168,953,1141,949,955,1130,974,1096,998,1081,1016,1087,1037,1086,1073,1106,1115,1142,1072,1158,1035,1160,1012,1159,992,1155,971,1148,969,1126,997,1110,1015,1112,1036,1114,1097,1138,1036,1131,1015,1128,996,1126
3216,h,1,1,831,831,1277,1277,107.2,895,957,888,1008,884,1062,884,1114,888,1165,902,1211,931,1249,970,1276,1025,1288,1086,1288,1150,1278,1208,1258,1252,1224,1282,1176,1301,1120,1313,1061,1325,1000,898,885,915,854,948,844,985,847,1017,861,1092,865,1135,855,1181,858,1222,874,1247,907,1048,919,1041,941,1032,963,1023,987,986,1038,1005,1044,1024,1048,1050,1048,1075,1046,928,936,949,924,975,924,999,937,974,940,949,941,1117,942,1145,931,1172,936,1195,953,1168,953,1141,949,955,1130,974,1096,998,1081,1016,1087,1037,1086,1073,1106,1115,1142,1072,1158,1035,1160,1012,1159,992,1155,971,1148,969,1126,997,1110,1015,1112,1036,1114,1097,1138,1036,1131,1015,1128,996,1126
3217,h,1,1,831,831,1277,1277,107.23333333333333,888,963,881,1014,879,1068,881,1121,888,1172,904,1215,933,1250,972,1272,1025,1285,1085,1284,1147,1275,1205,1257,1249,1225,1278,1176,1297,1120,1308,1062,1320,1002,893,894,911,860,946,846,987,849,1022,864,1093,868,1137,857,1183,860,1225,878,1249,914,1049,918,1042,942,1034,964,1025,988,987,1038,1006,1044,1026,1049,1051,1048,1076,1046,926,936,949,925,975,924,1000,937,974,940,948,941,1116,943,1144,932,1172,937,1196,953,1168,954,1141,949,956,1130,977,1097,1001,1082,1018,1087,1039,1086,1073,1107,1115,1143,1072,1157,1037,1158,1015,1157,995,1153,974,1147,970,1126,1000,1110,1018,1112,1038,1113,1098,1138,1038,1130,1017,1128,998,1125
3218,h,1,1,831,831,1277,1277,107.26666666666667,897,961,889,1012,885,1065,884,1117,888,1168,903,1212,931,1249,968,1274,1019,1286,1077,1286,1140,1278,1197,1262,1244,1231,1275,1184,1294,1129,1306,1071,1319,1011,896,895,913,860,948,847,988,848,1023,863,1091,866,1134,857,1182,861,1223,882,1247,919,1049,916,1041,940,1032,962,1023,987,987,1038,1005,1043,1024,1047,1049,1047,1074,1046,929,937,951,925,977,924,1001,938,975,941,950,941,1115,944,1143,933,1170,938,1193,955,1166,955,1139,951,956,1129,975,1096,999,1081,1017,1086,1038,1086,1073,1106,1112,1142,1069,1154,1034,1155,1012,1154,992,1150,972,1145,969,1125,998,1108,1016,1111,1037,1112,1096,1137,1036,1128,1015,1127,996,1124
3219,h,1,1,831,831,1277,1277,107.3,897,961,889,1012,885,1065,884,1117,888,1168,903,1212,931,1249,968,1274,1019,1286,1077,1286,1140,1278,1197,1262,1244,1231,1275,1184,1294,1129,1306,1071,1319,1011,896,895,913,860,948,847,988,848,1023,863,1091,866,1134,857,1182,861,1223,882,1247,919,1049,916,1041,940,1032,962,1023,987,987,1038,1005,1043,1024,1047,1049,1047,1074,1046,929,937,951,925,977,924,1001,938,975,941,950,941,1115,944,1143,933,1170,938,1193,955,1166,955,1139,951,956,1129,975,1096,999,1081,1017,1086,1038,1086,1073,1106,1112,1142,1069,1154,1034,1155,1012,1154,992,1150,972,1145,969,1125,998,1108,1016,1111,1037,1112,1096,1137,1036,1128,1015,1127,996,1124
3220,h,1,1,831,831,1277,1277,107.33333333333333,882,964,875,1016,873,1070,875,1124,883,1175,901,1218,932,1253,973,1275,1026,1286,1085,1285,1146,1276,1202,1259,1246,1226,1275,1179,1293,1123,1304,1065,1315,1005,893,894,911,861,947,847,988,850,1023,866,1090,868,1132,856,1179,861,1220,881,1245,917,1049,919,1042,942,1035,963,1027,987,986,1038,1006,1044,1026,1049,1052,1048,1077,1046,926,938,949,928,975,927,999,940,973,942,948,942,1112,945,1142,935,1169,941,1192,956,1164,956,1138,952,955,1128,977,1094,1001,1080,1019,1086,1040,1085,1075,1105,1116,1141,1074,1156,1038,1156,1015,1155,995,1151,973,1144,970,1124,999,1108,1018,1110,1039,1112,1100,1137,1039,1128,1018,1126,999,1123
3221,h,1,1,831,831,1277,1277,107.36666666666666,889,964,883,1015,881,1069,882,1120,889,1171,905,1213,934,1246,972,1270,1022,1282,1080,1281,1142,1271,1199,1252,1245,1219,1275,1172,1293,1116,1305,1058,1317,997,892,896,909,862,944,847,983,849,1017,864,1088,868,1130,856,1175,859,1214,879,1238,915,1047,920,1041,942,1034,963,1027,986,987,1037,1006,1043,1026,1047,1051,1047,1075,1045,927,939,949,930,973,929,998,939,973,943,948,943,1111,945,1139,937,1164,942,1188,955,1161,956,1135,952,956,1128,977,1094,999,1079,1017,1084,1037,1083,1070,1104,1110,1139,1068,1152,1033,1153,1012,1152,992,1149,972,1143,969,1124,998,1106,1016,1108,1036,1110,1094,1135,1035,1126,1015,1124,996,1122
3222,h,1,1,831,831,1277,1277,107.4,892,963,886,1015,884,1070,886,1123,892,1173,908,1216,938,1250,976,1271,1028,1282,1086,1280,1147,1269,1205,1253,1251,1221,1283,1174,1303,1118,1316,1059,1329,997,893,890,911,858,946,846,984,848,1019,864,1088,868,1133,857,1181,859,1225,876,1254,911,1049,919,1041,942,1033,963,1024,987,987,1039,1006,1044,1024,1048,1049,1047,1074,1047,922,940,945,931,971,930,998,941,970,944,943,945,1118,946,1148,938,1177,944,1205,957,1174,959,1145,954,954,1131,975,1096,999,1079,1016,1085,1036,1083,1070,1104,1112,1142,1068,1157,1033,1159,1012,1158,992,1155,972,1149,967,1126,998,1108,1015,1111,1034,1112,1096,1137,1034,1128,1015,1127,997,1125
3223,h,1,1,831,831,1277,1277,107.43333333333334,892,963,886,1015,884,1070,886,1123,892,1173,908,1216,938,1250,976,1271,1028,1282,1086,1280,1147,1269,1205,1253,1251,1221,1283,1174,1303,1118,1316,1059,1329,997,893,890,911,858,946,846,984,848,1019,864,1088,868,1133,857,1181,859,1225,876,1254,911,1049,919,1041,942,1033,963,1024,987,987,1039,1006,1044,1024,1048,1049,1047,1074,1047,922,940,945,931,971,930,998,941,970,944,943,945,1118,946,1148,938,1177,944,1205,957,1174,959,1145,954,954,1131,975,1096,999,1079,1016,1085,1036,1083,1070,1104,1112,1142,1068,1157,1033,1159,1012,1158,992,1155,972,1149,967,1126,998,1108,1015,1111,1034,1112,1096,1137,1034,1128,1015,1127,997,1125
3224,h,1,1,831,831,1277,1277,107.46666666666667,888,964,885,1017,885,1071,887,1123,893,1172,909,1215,938,1250,977,1273,1029,1283,1088,1281,1150,1270,1206,1252,1249,1220,1277,1173,1296,1119,1308,1062,1319,1001,888,897,907,864,943,849,983,850,1018,865,1089,868,1131,856,1179,858,1222,877,1249,912,1048,919,1041,941,1033,962,1023,985,988,1038,1006,1043,1025,1045,1050,1046,1073,1046,922,942,945,931,971,929,998,941,970,944,944,945,1116,945,1145,935,1173,940,1199,955,1169,954,1142,950,957,1133,974,1096,997,1078,1015,1084,1035,1081,1071,1104,1111,1142,1070,1160,1035,1163,1013,1163,993,1160,972,1152,970,1129,997,1108,1015,1110,1035,1111,1093,1137,1035,1133,1015,1132,996,1130
3225,h,1,1,831,831,1277,1277,107.5,892,958,886,1008,886,1060,887,1113,894,1163,910,1206,943,1240,982,1264,1034,1276,1093,1272,1156,1260,1214,1240,1256,1206,1282,1158,1298,1102,1309,1043,1320,982,893,890,912,861,945,851,982,853,1015,867,1085,870,1126,857,1171,856,1212,871,1239,903,1045,920,1038,942,1031,964,1022,987,989,1038,1007,1043,1026,1047,1049,1046,1072,1045,926,939,947,927,972,925,997,939,972,942,947,943,1110,943,1139,929,1166,933,1191,949,1163,950,1136,947,959,1131,977,1095,999,1077,1016,1082,1034,1081,1068,1103,1109,1142,1069,1161,1034,1165,1014,1165,996,1161,974,1152,973,1128,999,1108,1016,1110,1033,1111,1092,1138,1034,1135,1016,1133,999,1131
3226,h,1,1,831,831,1277,1277,107.53333333333333,893,963,886,1014,884,1068,885,1121,891,1172,906,1216,933,1253,970,1279,1022,1291,1081,1288,1144,1277,1201,1258,1247,1224,1278,1177,1296,1121,1308,1062,1320,1002,892,896,908,859,943,843,983,844,1018,858,1090,861,1134,851,1181,856,1222,877,1244,914,1048,915,1040,937,1032,958,1023,982,986,1034,1005,1040,1024,1044,1049,1044,1073,1043,928,936,950,924,975,923,1000,935,974,939,949,940,1113,940,1141,929,1167,935,1192,951,1164,950,1138,946,958,1131,975,1093,998,1076,1015,1082,1035,1080,1069,1104,1107,1144,1068,1162,1033,1166,1011,1165,992,1161,971,1153,972,1126,997,1105,1014,1108,1034,1110,1091,1139,1034,1136,1014,1134,996,1131
3227,h,1,1,831,831,1277,1277,107.56666666666666,893,963,886,1014,884,1068,885,1121,891,1172,906,1216,933,1253,970,1279,1022,1291,1081,1288,1144,1277,1201,1258,1247,1224,1278,1177,1296,1121,1308,1062,1320,1002,892,896,908,859,943,843,983,844,1018,858,1090,861,1134,851,1181,856,1222,877,1244,914,1048,915,1040,937,1032,958,1023,982,986,1034,1005,1040,1024,1044,1049,1044,1073,1043,928,936,950,924,975,923,1000,935,974,939,949,940,1113,940,1141,929,1167,935,1192,951,1164,950,1138,946,958,1131,975,1093,998,1076,1015,1082,1035,1080,1069,1104,1107,1144,1068,1162,1033,1166,1011,1165,992,1161,971,1153,972,1126,997,1105,1014,1108,1034,1110,1091,1139,1034,1136,1014,1134,996,1131
3228,h,1,1,831,831,1277,1277,107.6,894,967,886,1018,884,1071,885,1122,892,1171,908,1213,935,1249,973,1273,1023,1286,1080,1286,1141,1276,1197,1258,1242,1225,1274,1179,1295,1122,1307,1062,1319,1000,890,891,909,856,945,842,985,845,1019,860,1090,863,1135,853,1183,856,1225,878,1249,917,1049,914,1042,937,1033,958,1024,982,988,1033,1006,1039,1025,1043,1049,1043,1073,1043,929,934,951,921,978,921,1003,935,977,938,950,939,1112,941,1140,929,1168,934,1193,952,1165,952,1138,948,961,1126,980,1091,1001,1073,1018,1080,1038,1079,1072,1102,1110,1144,1070,1158,1036,1159,1014,1158,994,1153,976,1145,976,1123,1000,1104,1018,1107,1037,1109,1093,1138,1037,1129,1017,1126,999,1123
3236,h,1,1,831,831,1277,1277,107.86666666666666,884,962,877,1013,875,1066,876,1119,885,1170,903,1213,934,1248,973,1270,1025,1282,1083,1280,1146,1271,1203,1251,1248,1219,1278,1172,1297,1117,1309,1059,1320,999,891,889,911,858,945,845,983,847,1015,861,1090,865,1133,853,1179,856,1220,875,1246,910,1048,915,1040,938,1031,961,1022,986,988,1037,1006,1043,1024,1047,1048,1046,1071,1045,927,935,949,924,976,923,1000,936,974,940,948,940,1111,942,1140,930,1167,935,1191,952,1164,953,1137,948,955,1128,977,1093,1001,1076,1016,1082,1035,1081,1069,1104,1108,1142,1067,1156,1032,1158,1012,1156,994,1153,974,1146,969,1124,999,1105,1016,1108,1034,1110,1092,1138,1033,1129,1015,1126,998,1123
3237,h,1,1,831,831,1277,1277,107.9,894,966,887,1015,884,1067,886,1118,892,1168,906,1210,934,1244,971,1268,1022,1282,1081,1282,1144,1275,1203,1259,1249,1227,1282,1181,1302,1125,1316,1067,1329,1005,890,892,909,861,944,847,983,849,1018,863,1085,866,1131,855,1179,859,1223,875,1253,909,1046,917,1038,939,1028,960,1019,983,986,1038,1004,1043,1022,1046,1046,1046,1070,1046,920,940,942,929,969,927,998,938,969,942,942,944,1114,943,1144,932,1173,938,1201,952,1170,954,1141,949,958,1133,974,1095,997,1077,1014,1083,1033,1081,1068,1105,1108,1147,1066,1165,1031,1169,1010,1168,990,1163,970,1154,973,1129,997,1107,1013,1110,1032,1112,1090,1142,1032,1135,1012,1134,994,1131
3238,h,1,1,831,831,1277,1277,107.93333333333334,894,966,887,1015,884,1067,886,1118,892,1168,906,1210,934,1244,971,1268,1022,1282,1081,1282,1144,1275,1203,1259,1249,1227,1282,1181,1302,1125,1316,1067,1329,1005,890,892,909,861,944,847,983,849,1018,863,1085,866,1131,855,1179,859,1223,875,1253,909,1046,917,1038,939,1028,960,1019,983,986,1038,1004,1043,1022,1046,1046,1046,1070,1046,920,940,942,929,969,927,998,938,969,942,942,944,1114,943,1144,932,1173,938,1201,952,1170,954,1141,949,958,1133,974,1095,997,1077,1014,1083,1033,1081,1068,1105,1108,1147,1066,1165,1031,1169,1010,1168,990,1163,970,1154,973,1129,997,1107,1013,1110,1032,1112,1090,1142,1032,1135,1012,1134,994,1131
3239,h,1,1,831,831,1277,1277,107.96666666666667,891,976,885,1027,884,1080,887,1131,893,1180,908,1223,937,1258,975,1281,1026,1292,1084,1291,1147,1283,1203,1267,1247,1236,1277,1189,1297,1134,1310,1076,1323,1014,891,897,909,864,943,850,982,850,1016,864,1089,865,1133,854,1180,859,1221,878,1248,913,1046,918,1038,940,1029,961,1020,985,986,1040,1005,1045,1023,1048,1047,1048,1070,1048,921,943,943,931,969,929,996,941,969,944,943,946,1113,945,1142,934,1170,940,1196,955,1166,955,1139,950,952,1137,971,1097,994,1079,1012,1084,1031,1083,1066,1106,1106,1149,1066,1169,1031,1174,1010,1173,990,1170,969,1160,966,1133,994,1110,1012,1112,1031,1114,1088,1144,1032,1141,1012,1140,994,1138
3240,h,1,1,831,831,1277,1277,108.0,891,976,885,1027,885,1080,888,1131,893,1180,907,1223,935,1259,974,1282,1024,1292,1082,1290,1146,1280,1202,1261,1246,1228,1275,1180,1293,1125,1305,1067,1316,1006,893,898,910,867,942,854,978,854,1011,868,1083,873,1123,859,1170,861,1210,879,1236,915,1038,924,1032,945,1024,966,1016,989,985,1044,1003,1049,1021,1052,1044,1051,1067,1049,920,946,940,931,966,929,991,946,965,949,939,951,1105,949,1134,933,1162,937,1188,955,1160,958,1131,954,952,1139,971,1101,995,1083,1013,1088,1031,1085,1066,1108,1105,1147,1065,1168,1030,1174,1010,1174,990,1170,968,1161,966,1135,995,1114,1013,1116,1030,1117,1088,1143,1030,1140,1012,1140,994,1138
3241,h,1,1,831,831,1277,1277,108.03333333333333,890,964,883,1016,880,1070,880,1123,886,1174,902,1216,930,1253,966,1279,1016,1291,1073,1290,1135,1280,1193,1263,1240,1232,1272,1184,1293,1129,1306,1069,1319,1007,891,897,910,862,947,850,987,852,1021,869,1088,870,1132,859,1179,861,1222,879,1248,915,1046,922,1039,945,1030,966,1020,990,984,1041,1002,1047,1022,1051,1047,1051,1070,1050,925,942,946,929,972,929,998,942,972,946,945,947,1111,947,1139,934,1167,939,1192,955,1164,956,1137,953,953,1134,973,1100,996,1083,1013,1089,1033,1087,1066,1110,1106,1148,1064,1165,1031,1166,1009,1165,989,1161,969,1153,967,1129,995,1111,1013,1114,1032,1116,1089,1143,1031,1135,1012,1133,993,1131
3242,h,1,1,831,831,1277,1277,108.06666666666666,890,964,883,1016,880,1070,880,1123,886,1174,902,1216,930,1253,966,1279,1016,1291,1073,1290,1135,1280,1193,1263,1240,1232,1272,1184,1293,1129,1306,1069,1319,1007,891,897,910,862,947,850,987,852,1021,869,1088,870,1132,859,1179,861,1222,879,1248,915,1046,922,1039,945,1030,966,1020,990,984,1041,1002,1047,1022,1051,1047,1051,1070,1050,925,942,946,929,972,929,998,942,972,946,945,947,1111,947,1139,934,1167,939,1192,955,1164,956,1137,953,953,1134,973,1100,996,1083,1013,1089,1033,1087,1066,1110,1106,1148,1064,1165,1031,1166,1009,1165,989,1161,969,1153,967,1129,995,1111,1013,1114,1032,1116,1089,1143,1031,1135,1012,1133,993,1131
3243,h,1,1,831,831,1277,1277,108.1,893,969,887,1018,884,1069,885,1122,890,1172,906,1215,935,1248,973,1271,1022,1284,1078,1283,1140,1275,1197,1259,1244,1231,1277,1187,1297,1133,1310,1074,1323,1012,891,892,911,860,946,851,984,856,1017,872,1086,876,1130,863,1177,865,1221,880,1250,915,1046,925,1037,948,1028,970,1019,994,987,1044,1004,1050,1021,1053,1045,1054,1069,1053,923,941,946,931,972,930,997,943,971,947,945,947,1115,949,1143,939,1171,944,1196,959,1168,960,1140,956,955,1132,976,1099,1000,1083,1015,1089,1034,1087,1069,1111,1109,1148,1066,1166,1031,1167,1011,1165,993,1161,973,1153,969,1127,999,1111,1015,1114,1033,1117,1092,1142,1032,1136,1014,1133,997,1130
3244,h,1,1,831,831,1277,1277,108.13333333333334,894,965,886,1017,883,1069,885,1122,892,1173,908,1217,937,1251,974,1276,1021,1290,1077,1287,1138,1277,1196,1258,1242,1227,1274,1180,1293,1126,1306,1068,1318,1006,893,893,916,864,952,855,990,860,1023,877,1082,878,1124,864,1171,865,1214,883,1242,920,1045,924,1038,947,1029,970,1020,995,984,1043,1003,1050,1022,1055,1046,1054,1070,1053,927,939,949,927,976,927,1000,942,974,946,947,946,1110,948,1137,936,1166,940,1190,958,1163,959,1135,956,953,1133,973,1101,998,1085,1015,1092,1035,1090,1069,1113,1108,1150,1066,1167,1032,1170,1011,1169,991,1165,969,1155,965,1130,997,1114,1015,1118,1034,1120,1092,1146,1033,1142,1013,1141,994,1137
3245,h,1,1,831,831,1277,1277,108.16666666666667,894,974,888,1025,886,1077,887,1129,894,1179,911,1220,939,1252,974,1277,1023,1288,1080,1287,1139,1277,1195,1260,1241,1230,1273,1185,1291,1131,1305,1073,1317,1012,893,896,910,863,945,851,983,854,1017,869,1082,872,1126,860,1173,863,1216,881,1242,918,1043,919,1036,943,1028,966,1019,991,985,1041,1002,1047,1020,1052,1045,1051,1069,1050,926,941,947,928,973,928,997,941,971,945,946,945,1108,947,1136,936,1164,941,1188,957,1161,959,1133,955,956,1134,974,1100,996,1082,1012,1089,1031,1087,1064,1110,1104,1150,1062,1165,1028,1166,1008,1164,989,1160,971,1153,970,1130,995,1112,1012,1114,1030,1116,1086,1145,1029,1136,1010,1134,993,1130
3246,h,1,1,831,831,1277,1277,108.2,894,974,888,1025,886,1077,887,1129,894,1179,911,1220,939,1252,974,1277,1023,1288,1080,1287,1139,1277,1195,1260,1241,1230,1273,1185,1291,1131,1305,1073,1317,1012,893,896,910,863,945,851,983,854,1017,869,1082,872,1126,860,1173,863,1216,881,1242,918,1043,919,1036,943,1028,966,1019,991,985,1041,1002,1047,1020,1052,1045,1051,1069,1050,926,941,947,928,973,928,997,941,971,945,946,945,1108,947,1136,936,1164,941,1188,957,1161,959,1133,955,956,1134,974,1100,996,1082,1012,1089,1031,1087,1064,1110,1104,1150,1062,1165,1028,1166,1008,1164,989,1160,971,1153,970,1130,995,1112,1012,1114,1030,1116,1086,1145,1029,1136,1010,1134,993,1130
3247,h,1,1,831,831,1277,1277,108.23333333333333,889,964,883,1013,882,1065,883,1118,886,1168,900,1213,928,1250,965,1276,1015,1288,1072,1289,1134,1280,1193,1263,1240,1233,1273,1187,1294,1132,1308,1073,1322,1011,893,889,915,860,951,851,989,856,1022,872,1087,872,1131,861,1177,862,1220,877,1249,912,1047,922,1039,946,1029,968,1019,993,986,1044,1003,1050,1020,1054,1044,1053,1067,1053,927,941,949,929,976,929,1000,942,974,947,947,947,1113,948,1140,937,1169,942,1195,959,1166,961,1138,957,953,1139,972,1102,995,1085,1011,1090,1029,1089,1064,1113,1102,1154,1061,1171,1027,1172,1007,1171,990,1167,969,1160,967,1137,994,1113,1010,1115,1028,1117,1085,1150,1028,1143,1010,1141,994,1139
3248,h,1,1,831,831,1277,1277,108.26666666666667,893,974,887,1024,886,1075,887,1126,892,1176,907,1218,937,1254,972,1280,1021,1293,1076,1292,1135,1281,1191,1265,1239,1236,1271,1191,1291,1137,1305,1077,1319,1014,892,900,910,867,945,855,984,857,1017,873,1082,875,1125,862,1175,866,1219,887,1244,927,1044,924,1036,948,1028,970,1018,995,984,1045,1002,1052,1020,1057,1045,1056,1069,1054,927,942,949,928,975,928,1000,943,973,946,948,947,1107,949,1135,936,1163,940,1188,959,1160,960,1132,955,957,1138,976,1104,997,1089,1013,1094,1031,1093,1064,1114,1104,1152,1062,1167,1029,1167,1009,1166,991,1163,973,1157,970,1136,996,1113,1013,1116,1030,1117,1087,1148,1030,1142,1012,1140,995,1137
3249,h,1,1,831,831,1277,1277,108.3,893,974,887,1024,886,1075,887,1126,892,1176,907,1218,937,1254,972,1280,1021,1293,1076,1292,1135,1281,1191,1265,1239,1236,1271,1191,1291,1137,1305,1077,1319,1014,892,900,910,867,945,855,984,857,1017,873,1082,875,1125,862,1175,866,1219,887,1244,927,1044,924,1036,948,1028,970,1018,995,984,1045,1002,1052,1020,1057,1045,1056,1069,1054,927,942,949,928,975,928,1000,943,973,946,948,947,1107,949,1135,936,1163,940,1188,959,1160,960,1132,955,957,1138,976,1104,997,1089,1013,1094,1031,1093,1064,1114,1104,1152,1062,1167,1029,1167,1009,1166,991,1163,973,1157,970,1136,996,1113,1013,1116,1030,1117,1087,1148,1030,1142,1012,1140,995,1137
3250,h,1,1,831,831,1277,1277,108.33333333333333,894,964,886,1016,884,1070,885,1122,891,1172,907,1215,934,1250,970,1276,1020,1288,1079,1288,1140,1280,1196,1263,1243,1232,1275,1187,1294,1130,1308,1069,1321,1006,901,890,920,864,954,856,990,860,1022,874,1084,876,1128,864,1175,866,1219,884,1247,918,1046,926,1037,950,1028,972,1019,998,984,1048,1002,1054,1021,1058,1046,1057,1071,1057,929,942,951,931,976,931,1000,944,975,948,949,948,1113,949,1141,938,1168,943,1193,959,1165,961,1138,956,958,1133,977,1106,997,1092,1013,1097,1031,1095,1065,1115,1106,1148,1065,1160,1031,1160,1012,1158,994,1155,975,1148,972,1129,996,1120,1013,1122,1031,1124,1090,1143,1032,1128,1014,1127,997,1124
3251,h,1,1,831,831,1277,1277,108.36666666666666,889,970,880,1021,877,1074,878,1127,884,1178,899,1224,927,1262,966,1290,1019,1300,1079,1298,1140,1286,1198,1265,1244,1233,1276,1186,1295,1130,1308,1071,1320,1009,892,899,909,864,946,854,986,857,1021,872,1083,876,1126,862,1174,865,1218,880,1243,917,1046,925,1038,949,1030,972,1021,998,984,1049,1003,1054,1023,1058,1048,1058,1072,1056,925,944,947,931,972,930,997,944,971,948,945,949,1111,949,1139,937,1167,941,1191,958,1164,959,1136,955,956,1142,975,1109,997,1093,1014,1099,1033,1097,1067,1118,1107,1153,1066,1171,1032,1174,1011,1173,992,1170,972,1162,969,1139,997,1122,1014,1124,1033,1125,1090,1149,1032,1145,1013,1144,996,1142
3252,h,1,1,831,831,1277,1277,108.4,886,971,879,1022,876,1076,877,1129,883,1182,898,1228,926,1267,965,1295,1018,1305,1080,1303,1141,1291,1198,1271,1243,1239,1273,1192,1292,1136,1305,1077,1317,1016,889,900,907,864,945,852,986,854,1021,870,1086,874,1132,864,1179,867,1222,885,1246,923,1048,926,1040,950,1032,972,1023,997,985,1049,1004,1054,1024,1058,1049,1057,1074,1056,924,945,946,933,973,932,998,945,972,949,945,949,1114,951,1143,940,1171,945,1196,962,1168,962,1140,957,956,1145,974,1110,998,1093,1015,1099,1036,1097,1072,1118,1110,1156,1070,1175,1035,1179,1012,1178,992,1175,971,1167,970,1142,997,1123,1015,1125,1036,1126,1093,1152,1036,1148,1015,1147,996,1145
3253,h,1,1,831,831,1277,1277,108.43333333333334,886,971,879,1022,876,1076,877,1129,883,1182,898,1228,926,1267,965,1295,1018,1305,1080,1303,1141,1291,1198,1271,1243,1239,1273,1192,1292,1136,1305,1077,1317,1016,889,900,907,864,945,852,986,854,1021,870,1086,874,1132,864,1179,867,1222,885,1246,923,1048,926,1040,950,1032,972,1023,997,985,1049,1004,1054,1024,1058,1049,1057,1074,1056,924,945,946,933,973,932,998,945,972,949,945,949,1114,951,1143,940,1171,945,1196,962,1168,962,1140,957,956,1145,974,1110,998,1093,1015,1099,1036,1097,1072,1118,1110,1156,1070,1175,1035,1179,1012,1178,992,1175,971,1167,970,1142,997,1123,1015,1125,1036,1126,1093,1152,1036,1148,1015,1147,996,1145
3254,h,1,1,831,831,1277,1277,108.46666666666667,893,968,885,1019,882,1073,883,1126,889,1178,903,1221,930,1261,967,1290,1019,1302,1078,1300,1140,1288,1196,1267,1243,1233,1274,1185,1293,1128,1306,1068,1318,1006,898,895,916,865,950,855,987,858,1020,873,1087,873,1129,863,1174,866,1216,884,1240,919,1045,928,1038,952,1030,974,1021,999,983,1050,1002,1055,1022,1059,1048,1058,1073,1057,928,945,949,933,974,933,997,947,973,950,948,950,1112,953,1138,939,1166,944,1190,961,1163,962,1136,958,956,1143,974,1110,997,1094,1015,1100,1035,1098,1070,1119,1110,1153,1068,1174,1034,1179,1012,1178,992,1175,971,1167,969,1140,996,1123,1015,1125,1034,1126,1093,1149,1035,1150,1014,1149,995,1146
3255,h,1,1,831,831,1277,1277,108.5,897,969,888,1019,884,1072,885,1124,890,1174,902,1219,928,1258,964,1287,1014,1300,1074,1300,1138,1290,1198,1272,1247,1240,1280,1191,1300,1134,1314,1073,1327,1011,905,893,921,864,953,856,988,858,1018,873,1089,873,1131,863,1175,866,1215,882,1241,914,1046,927,1037,951,1028,973,1018,999,983,1049,1001,1055,1021,1059,1047,1058,1072,1056,935,947,954,934,977,933,999,946,977,949,954,950,1115,950,1140,939,1165,944,1189,960,1162,959,1137,955,955,1143,972,1110,995,1095,1012,1100,1032,1098,1068,1118,1108,1154,1067,1176,1032,1181,1011,1181,991,1178,969,1169,967,1141,995,1123,1012,1124,1032,1126,1093,1150,1032,1153,1012,1152,994,1150
3256,h,1,1,831,831,1277,1277,108.53333333333333,884,971,877,1023,874,1077,876,1129,884,1181,899,1225,926,1263,962,1292,1014,1305,1073,1304,1137,1292,1197,1272,1246,1239,1279,1191,1300,1132,1315,1071,1328,1007,890,890,908,859,943,849,981,853,1015,870,1086,873,1130,864,1176,866,1219,881,1248,913,1044,927,1036,950,1026,973,1016,998,982,1049,1001,1054,1020,1058,1045,1057,1070,1056,922,943,944,934,969,933,994,945,968,949,942,949,1114,951,1143,941,1171,946,1196,960,1168,962,1140,958,955,1148,971,1111,994,1094,1013,1099,1034,1097,1071,1118,1111,1157,1070,1183,1033,1189,1010,1190,989,1186,967,1176,968,1145,994,1123,1012,1125,1034,1126,1094,1152,1034,1157,1012,1156,993,1154
3257,h,1,1,831,831,1277,1277,108.56666666666666,884,971,877,1023,874,1077,876,1129,884,1181,899,1225,926,1263,962,1292,1014,1305,1073,1304,1137,1292,1197,1272,1246,1239,1279,1191,1300,1132,1315,1071,1328,1007,890,890,908,859,943,849,981,853,1015,870,1086,873,1130,864,1176,866,1219,881,1248,913,1044,927,1036,950,1026,973,1016,998,982,1049,1001,1054,1020,1058,1045,1057,1070,1056,922,943,944,934,969,933,994,945,968,949,942,949,1114,951,1143,941,1171,946,1196,960,1168,962,1140,958,955,1148,971,1111,994,1094,1013,1099,1034,1097,1071,1118,1111,1157,1070,1183,1033,1189,1010,1190,989,1186,967,1176,968,1145,994,1123,1012,1125,1034,1126,1094,1152,1034,1157,1012,1156,993,1154
3258,h,1,1,831,831,1277,1277,108.6,880,974,873,1026,871,1080,875,1132,882,1183,897,1229,925,1268,963,1297,1016,1310,1076,1308,1139,1297,1197,1276,1244,1243,1275,1193,1294,1134,1307,1074,1320,1010,886,903,903,867,939,851,979,852,1015,867,1086,871,1131,859,1179,863,1223,881,1248,918,1044,922,1037,947,1029,970,1020,997,983,1047,1002,1053,1023,1057,1048,1056,1072,1054,920,945,942,934,968,933,995,944,968,948,941,949,1112,948,1142,939,1170,945,1196,959,1167,959,1139,955,954,1149,971,1110,995,1093,1013,1098,1035,1096,1071,1117,1111,1157,1071,1183,1035,1191,1011,1191,990,1188,968,1178,968,1146,995,1120,1013,1122,1034,1123,1093,1153,1035,1160,1013,1159,994,1158
3259,h,1,1,831,831,1277,1277,108.63333333333334,890,977,884,1026,881,1079,883,1130,888,1180,900,1224,927,1263,963,1293,1015,1308,1076,1307,1140,1297,1199,1276,1246,1242,1276,1192,1294,1133,1307,1072,1320,1008,890,902,905,866,940,849,979,850,1014,865,1084,869,1128,857,1175,861,1219,882,1241,922,1042,923,1035,947,1027,970,1018,997,981,1047,1001,1053,1022,1057,1048,1056,1073,1054,921,945,943,933,968,932,993,944,967,947,942,948,1109,949,1137,938,1164,943,1189,959,1161,959,1134,954,954,1146,972,1110,995,1093,1014,1099,1034,1097,1072,1117,1112,1155,1071,1180,1033,1186,1010,1186,989,1182,968,1172,967,1143,995,1121,1013,1123,1034,1125,1095,1151,1034,1157,1013,1156,994,1153
3260,h,1,1,831,831,1277,1277,108.66666666666667,877,965,869,1018,866,1072,868,1126,876,1179,893,1225,922,1264,961,1292,1016,1305,1078,1303,1141,1291,1199,1269,1246,1234,1276,1184,1294,1125,1306,1066,1317,1004,888,896,906,863,942,851,981,853,1016,869,1085,871,1128,859,1174,861,1217,877,1241,913,1045,922,1038,947,1029,969,1021,995,981,1047,1001,1052,1022,1057,1048,1056,1073,1054,921,945,944,934,969,933,994,945,968,948,942,949,1111,949,1140,938,1168,943,1192,959,1165,959,1137,955,953,1143,971,1107,995,1091,1014,1097,1036,1095,1075,1116,1116,1153,1074,1177,1036,1183,1012,1182,990,1178,968,1168,967,1140,995,1120,1014,1122,1036,1124,1100,1149,1037,1154,1015,1152,994,1149
3261,h,1,1,831,831,1277,1277,108.7,877,965,869,1018,866,1072,868,1126,876,1179,893,1225,922,1264,961,1292,1016,1305,1078,1303,1141,1291,1199,1269,1246,1234,1276,1184,1294,1125,1306,1066,1317,1004,888,896,906,863,942,851,981,853,1016,869,1085,871,1128,859,1174,861,1217,877,1241,913,1045,922,1038,947,1029,969,1021,995,981,1047,1001,1052,1022,1057,1048,1056,1073,1054,921,945,944,934,969,933,994,945,968,948,942,949,1111,949,1140,938,1168,943,1192,959,1165,959,1137,955,953,1143,971,1107,995,1091,1014,1097,1036,1095,1075,1116,1116,1153,1074,1177,1036,1183,1012,1182,990,1178,968,1168,967,1140,995,1120,1014,1122,1036,1124,1100,1149,1037,1154,1015,1152,994,1149
3262,h,1,1,831,831,1277,1277,108.73333333333333,893,966,885,1014,881,1067,880,1117,882,1169,893,1215,921,1254,959,1283,1013,1297,1074,1296,1136,1285,1195,1266,1242,1232,1272,1183,1291,1128,1305,1068,1317,1007,892,895,909,862,945,852,983,855,1018,868,1085,870,1128,859,1174,861,1216,877,1241,913,1045,922,1038,946,1029,969,1021,995,982,1046,1002,1051,1023,1055,1048,1054,1074,1053,922,943,944,933,969,932,994,943,969,947,943,948,1114,947,1142,937,1169,942,1194,956,1166,958,1139,954,952,1141,971,1106,995,1089,1013,1095,1036,1093,1072,1114,1113,1152,1071,1172,1034,1177,1010,1177,989,1173,967,1165,965,1137,995,1119,1013,1121,1035,1122,1096,1147,1035,1147,1012,1146,993,1144
3263,h,1,1,831,831,1277,1277,108.76666666666667,890,961,883,1012,880,1064,879,1117,882,1169,894,1214,922,1254,959,1284,1012,1299,1072,1299,1134,1288,1191,1269,1238,1236,1270,1188,1290,1130,1305,1071,1320,1007,888,901,907,867,944,855,985,858,1021,873,1086,877,1130,864,1180,866,1225,883,1252,922,1047,924,1039,947,1029,970,1019,995,980,1045,1000,1051,1021,1057,1046,1056,1072,1055,922,944,944,933,971,932,998,945,970,947,943,948,1115,950,1146,939,1175,944,1201,959,1171,960,1142,955,951,1137,971,1105,994,1089,1012,1095,1033,1093,1069,1114,1112,1150,1067,1168,1031,1171,1009,1170,989,1167,967,1159,964,1134,994,1118,1012,1120,1032,1121,1095,1146,1032,1142,1011,1140,993,1138
3264,h,1,1,831,831,1277,1277,108.8,890,961,883,1012,880,1064,879,1117,882,1169,894,1214,922,1254,959,1284,1012,1299,1072,1299,1134,1288,1191,1269,1238,1236,1270,1188,1290,1130,1305,1071,1320,1007,888,901,907,867,944,855,985,858,1021,873,1086,877,1130,864,1180,866,1225,883,1252,922,1047,924,1039,947,1029,970,1019,995,980,1045,1000,1051,1021,1057,1046,1056,1072,1055,922,944,944,933,971,932,998,945,970,947,943,948,1115,950,1146,939,1175,944,1201,959,1171,960,1142,955,951,1137,971,1105,994,1089,1012,1095,1033,1093,1069,1114,1112,1150,1067,1168,1031,1171,1009,1170,989,1167,967,1159,964,1134,994,1118,1012,1120,1032,1121,1095,1146,1032,1142,1011,1140,993,1138
3265,h,1,1,858,858,1229,1229,108.83333333333333,888,970,883,1017,882,1066,884,1115,888,1161,901,1203,927,1236,964,1259,1013,1271,1069,1270,1124,1258,1173,1236,1211,1203,1235,1158,1252,1107,1266,1055,1279,1000,890,897,910,866,945,855,983,858,1017,873,1085,874,1124,863,1167,865,1204,883,1223,919,1045,924,1039,948,1032,970,1025,994,987,1044,1006,1049,1026,1054,1050,1053,1072,1051,923,941,945,928,971,928,996,944,971,947,944,948,1103,949,1130,934,1157,937,1180,954,1155,956,1128,954,955,1133,977,1104,1002,1091,1019,1096,1039,1095,1069,1112,1105,1144,1066,1158,1035,1161,1014,1160,995,1156,973,1149,968,1129,1001,1117,1019,1120,1038,1121,1088,1141,1036,1132,1017,1131,999,1128
3267,h,1,1,858,858,1229,1229,108.9,878,981,875,1031,875,1082,879,1132,886,1179,903,1218,933,1248,972,1267,1021,1276,1076,1273,1129,1258,1175,1234,1210,1200,1233,1155,1249,1104,1261,1054,1271,1000,890,905,909,872,944,860,982,863,1016,877,1083,881,1120,868,1161,867,1198,883,1218,918,1045,925,1040,949,1035,972,1029,997,991,1049,1010,1053,1029,1056,1052,1056,1073,1055,922,943,944,930,971,930,995,945,970,949,943,950,1103,948,1130,933,1157,936,1179,953,1155,956,1129,953,957,1136,980,1107,1006,1094,1024,1100,1044,1098,1072,1115,1106,1146,1069,1158,1039,1160,1018,1159,999,1156,976,1149,969,1132,1005,1119,1023,1122,1043,1123,1090,1143,1041,1131,1021,1131,1003,1128
3268,h,1,1,858,858,1229,1229,108.93333333333334,878,981,875,1031,875,1082,879,1132,886,1179,903,1218,933,1248,972,1267,1021,1276,1076,1273,1129,1258,1175,1234,1210,1200,1233,1155,1249,1104,1261,1054,1271,1000,890,905,909,872,944,860,982,863,1016,877,1083,881,1120,868,1161,867,1198,883,1218,918,1045,925,1040,949,1035,972,1029,997,991,1049,1010,1053,1029,1056,1052,1056,1073,1055,922,943,944,930,971,930,995,945,970,949,943,950,1103,948,1130,933,1157,936,1179,953,1155,956,1129,953,957,1136,980,1107,1006,1094,1024,1100,1044,1098,1072,1115,1106,1146,1069,1158,1039,1160,1018,1159,999,1156,976,1149,969,1132,1005,1119,1023,1122,1043,1123,1090,1143,1041,1131,1021,1131,1003,1128
3269,h,1,1,831,831,1277,1277,108.96666666666667,874,976,868,1028,866,1083,870,1136,880,1187,899,1230,930,1265,969,1290,1022,1302,1081,1299,1140,1286,1196,1265,1241,1231,1270,1183,1288,1126,1300,1067,1310,1006,884,900,903,866,941,853,982,855,1018,869,1083,872,1126,860,1172,863,1214,881,1238,917,1043,921,1037,946,1030,969,1022,995,984,1047,1003,1052,1023,1056,1048,1055,1072,1054,919,944,942,932,968,931,993,943,967,947,941,947,1108,948,1137,937,1165,941,1189,958,1161,958,1134,954,955,1142,976,1109,999,1093,1017,1099,1038,1097,1072,1119,1110,1155,1070,1172,1035,1176,1014,1175,993,1171,972,1163,970,1138,999,1121,1017,1124,1037,1126,1093,1150,1037,1146,1016,1145,997,1142
3270,h,1,1,831,831,1277,1277,109.0,875,968,868,1021,866,1076,870,1132,880,1182,898,1226,928,1262,966,1289,1018,1302,1078,1300,1137,1286,1193,1264,1238,1230,1269,1182,1288,1124,1301,1064,1312,1002,887,900,905,866,941,853,981,855,1017,868,1083,871,1126,861,1172,865,1213,882,1236,918,1044,924,1037,948,1029,971,1020,996,983,1048,1001,1054,1021,1058,1046,1057,1070,1055,922,944,944,932,970,931,995,944,969,948,943,949,1107,949,1134,938,1162,942,1185,958,1159,959,1131,955,955,1141,974,1109,996,1094,1013,1100,1032,1098,1065,1120,1105,1156,1064,1174,1030,1175,1009,1174,990,1170,970,1161,969,1138,995,1122,1013,1125,1031,1126,1088,1151,1031,1146,1012,1143,994,1141
3271,h,1,1,831,831,1277,1277,109.03333333333333,879,978,876,1030,877,1083,881,1136,890,1185,909,1227,940,1260,980,1283,1033,1294,1093,1291,1152,1279,1206,1258,1246,1224,1273,1176,1288,1120,1300,1062,1311,1002,882,905,901,870,938,857,979,858,1016,872,1083,873,1128,864,1175,867,1218,885,1243,922,1046,924,1040,948,1033,972,1025,999,986,1049,1005,1056,1026,1060,1051,1059,1075,1057,923,945,945,934,971,933,995,944,970,948,944,949,1110,949,1137,940,1165,945,1189,960,1162,961,1135,957,962,1140,981,1108,1003,1095,1022,1103,1044,1102,1077,1121,1116,1158,1077,1168,1042,1167,1019,1164,998,1160,977,1153,976,1136,1002,1122,1021,1126,1043,1128,1100,1153,1043,1138,1021,1135,1001,1131
3272,h,1,1,831,831,1277,1277,109.06666666666666,879,978,876,1030,877,1083,881,1136,890,1185,909,1227,940,1260,980,1283,1033,1294,1093,1291,1152,1279,1206,1258,1246,1224,1273,1176,1288,1120,1300,1062,1311,1002,882,905,901,870,938,857,979,858,1016,872,1083,873,1128,864,1175,867,1218,885,1243,922,1046,924,1040,948,1033,972,1025,999,986,1049,1005,1056,1026,1060,1051,1059,1075,1057,923,945,945,934,971,933,995,944,970,948,944,949,1110,949,1137,940,1165,945,1189,960,1162,961,1135,957,962,1140,981,1108,1003,1095,1022,1103,1044,1102,1077,1121,1116,1158,1077,1168,1042,1167,1019,1164,998,1160,977,1153,976,1136,1002,1122,1021,1126,1043,1128,1100,1153,1043,1138,1021,1135,1001,1131
3273,h,1,1,831,831,1277,1277,109.1,887,976,882,1027,882,1080,884,1132,890,1182,906,1225,935,1259,971,1283,1023,1294,1082,1294,1144,1286,1202,1269,1247,1237,1276,1189,1296,1133,1308,1074,1320,1012,887,896,905,865,940,855,978,858,1012,873,1082,875,1127,864,1175,867,1219,884,1248,918,1042,924,1035,949,1026,973,1017,999,983,1051,1001,1057,1021,1061,1046,1060,1070,1059,919,946,942,935,969,934,994,947,967,951,941,951,1111,952,1139,942,1167,948,1193,964,1164,965,1136,960,956,1146,975,1112,996,1095,1013,1101,1033,1099,1069,1122,1111,1160,1068,1173,1033,1173,1012,1171,993,1167,973,1162,970,1143,996,1123,1013,1126,1032,1128,1094,1156,1033,1143,1013,1140,996,1137
3274,h,1,1,831,831,1277,1277,109.13333333333334,879,975,874,1028,874,1081,877,1133,886,1183,903,1225,931,1262,968,1286,1018,1298,1076,1297,1137,1286,1194,1266,1241,1234,1272,1186,1292,1129,1305,1069,1318,1006,884,901,903,868,938,855,979,855,1015,871,1083,874,1128,862,1177,864,1220,882,1247,919,1041,925,1035,950,1027,974,1019,1001,982,1050,1000,1056,1020,1060,1044,1059,1069,1058,918,947,940,936,967,935,992,946,966,951,939,952,1110,951,1139,941,1167,946,1192,961,1164,963,1135,959,955,1145,973,1111,995,1094,1012,1100,1031,1098,1064,1121,1104,1158,1063,1176,1028,1177,1008,1176,988,1173,969,1165,969,1141,994,1122,1012,1125,1030,1126,1088,1153,1029,1145,1010,1144,992,1142
3275,h,1,1,831,831,1277,1277,109.16666666666667,874,975,868,1029,867,1085,873,1140,884,1190,904,1232,935,1265,972,1288,1022,1299,1079,1297,1138,1286,1194,1268,1240,1237,1271,1189,1290,1132,1302,1070,1313,1007,883,900,903,866,941,854,981,858,1015,875,1081,877,1123,865,1170,867,1213,885,1241,921,1042,924,1035,949,1028,974,1020,1000,983,1052,1001,1057,1021,1061,1045,1060,1069,1060,918,945,941,933,969,933,993,947,967,951,939,951,1107,953,1136,942,1164,947,1189,964,1161,966,1132,961,959,1144,978,1111,999,1094,1014,1101,1032,1099,1067,1123,1106,1164,1066,1176,1031,1175,1011,1173,993,1168,975,1161,974,1141,998,1124,1014,1127,1032,1129,1089,1158,1031,1143,1014,1140,997,1136
3276,h,1,1,831,831,1277,1277,109.2,874,975,868,1029,867,1085,873,1140,884,1190,904,1232,935,1265,972,1288,1022,1299,1079,1297,1138,1286,1194,1268,1240,1237,1271,1189,1290,1132,1302,1070,1313,1007,883,900,903,866,941,854,981,858,1015,875,1081,877,1123,865,1170,867,1213,885,1241,921,1042,924,1035,949,1028,974,1020,1000,983,1052,1001,1057,1021,1061,1045,1060,1069,1060,918,945,941,933,969,933,993,947,967,951,939,951,1107,953,1136,942,1164,947,1189,964,1161,966,1132,961,959,1144,978,1111,999,1094,1014,1101,1032,1099,1067,1123,1106,1164,1066,1176,1031,1175,1011,1173,993,1168,975,1161,974,1141,998,1124,1014,1127,1032,1129,1089,1158,1031,1143,1014,1140,997,1136
3277,h,1,1,831,831,1277,1277,109.23333333333333,889,974,884,1026,884,1079,887,1131,895,1182,912,1224,941,1259,976,1283,1025,1294,1082,1293,1142,1282,1197,1263,1241,1230,1271,1182,1290,1127,1302,1066,1314,1003,894,897,913,870,945,861,981,864,1012,877,1081,879,1121,867,1165,869,1207,884,1236,916,1041,925,1034,950,1027,975,1018,1002,984,1053,1002,1059,1021,1062,1046,1062,1069,1061,925,945,946,934,972,933,996,946,971,950,945,951,1108,950,1135,939,1162,944,1187,958,1160,961,1132,957,958,1144,976,1111,998,1096,1015,1101,1033,1100,1067,1121,1107,1158,1065,1176,1031,1178,1011,1176,992,1173,972,1165,971,1142,997,1123,1015,1126,1033,1127,1090,1154,1032,1147,1013,1145,996,1143
3280,h,1,1,831,831,1277,1277,109.33333333333333,880,974,877,1026,877,1077,880,1129,887,1177,903,1219,934,1252,972,1278,1024,1290,1083,1289,1144,1280,1200,1263,1245,1231,1275,1184,1294,1127,1306,1066,1319,1003,884,897,903,869,938,858,977,860,1011,874,1081,876,1125,864,1173,866,1217,881,1247,915,1041,925,1034,950,1026,974,1018,1000,984,1053,1002,1058,1021,1061,1045,1061,1069,1060,918,948,940,937,967,935,992,947,966,952,939,953,1109,951,1138,940,1167,945,1193,960,1164,963,1135,959,958,1146,977,1112,998,1095,1014,1101,1033,1099,1068,1121,1108,1160,1068,1173,1033,1173,1013,1172,994,1168,975,1162,973,1143,997,1125,1014,1127,1033,1129,1091,1156,1033,1141,1015,1138,997,1136
3281,h,1,1,831,831,1277,1277,109.36666666666666,890,969,882,1018,881,1069,883,1120,890,1168,903,1213,929,1250,965,1277,1016,1291,1076,1289,1139,1278,1198,1259,1245,1226,1278,1178,1298,1121,1311,1062,1322,1001,888,891,907,862,942,854,980,858,1013,873,1085,876,1127,865,1174,866,1217,879,1246,910,1042,928,1034,952,1026,976,1017,1001,982,1052,1000,1058,1020,1061,1044,1060,1069,1059,919,946,941,935,968,934,994,946,967,951,940,952,1110,951,1139,941,1168,946,1194,960,1165,963,1136,959,955,1145,972,1109,995,1093,1012,1100,1032,1097,1067,1118,1107,1156,1066,1175,1031,1178,1009,1177,990,1173,969,1165,969,1141,994,1124,1012,1127,1032,1128,1089,1152,1031,1144,1011,1142,993,1140
3282,h,1,1,831,831,1277,1277,109.4,884,977,878,1026,878,1077,882,1127,889,1177,904,1220,934,1255,971,1279,1021,1291,1080,1292,1144,1283,1203,1264,1250,1233,1279,1185,1298,1130,1309,1071,1319,1009,887,897,905,866,940,855,978,858,1011,874,1080,877,1121,864,1168,867,1210,885,1239,918,1038,931,1031,954,1023,977,1014,1002,981,1051,1000,1056,1020,1060,1045,1058,1070,1057,920,946,941,935,967,934,993,948,966,951,940,952,1108,953,1135,941,1163,945,1188,961,1160,963,1132,959,956,1145,972,1109,995,1091,1013,1097,1033,1094,1069,1117,1110,1154,1070,1173,1034,1178,1013,1177,993,1174,971,1164,969,1141,996,1123,1014,1125,1033,1126,1093,1150,1033,1145,1014,1144,995,1142
3283,h,1,1,831,831,1277,1277,109.43333333333334,884,977,878,1026,878,1077,882,1127,889,1177,904,1220,934,1255,971,1279,1021,1291,1080,1292,1144,1283,1203,1264,1250,1233,1279,1185,1298,1130,1309,1071,1319,1009,887,897,905,866,940,855,978,858,1011,874,1080,877,1121,864,1168,867,1210,885,1239,918,1038,931,1031,954,1023,977,1014,1002,981,1051,1000,1056,1020,1060,1045,1058,1070,1057,920,946,941,935,967,934,993,948,966,951,940,952,1108,953,1135,941,1163,945,1188,961,1160,963,1132,959,956,1145,972,1109,995,1091,1013,1097,1033,1094,1069,1117,1110,1154,1070,1173,1034,1178,1013,1177,993,1174,971,1164,969,1141,996,1123,1014,1125,1033,1126,1093,1150,1033,1145,1014,1144,995,1142
3284,h,1,1,831,831,1277,1277,109.46666666666667,881,974,877,1025,877,1078,882,1129,889,1178,903,1221,932,1255,969,1278,1020,1291,1081,1291,1144,1283,1203,1266,1250,1232,1280,1183,1300,1127,1312,1066,1322,1002,887,894,905,864,939,854,977,857,1011,871,1081,875,1125,863,1173,866,1216,882,1245,915,1039,925,1032,951,1024,975,1015,1002,982,1049,1001,1055,1021,1059,1046,1057,1072,1055,918,946,940,935,967,934,994,946,966,950,939,951,1109,951,1139,941,1168,946,1194,960,1165,962,1136,958,958,1141,974,1106,997,1089,1015,1096,1036,1093,1071,1114,1111,1151,1070,1170,1035,1175,1013,1174,992,1170,972,1162,971,1138,997,1118,1015,1120,1035,1122,1094,1147,1036,1144,1015,1143,995,1140
3285,h,1,1,831,831,1277,1277,109.5,880,977,874,1028,873,1081,876,1134,884,1184,901,1227,931,1262,969,1286,1021,1296,1079,1296,1142,1287,1201,1271,1248,1240,1278,1193,1296,1136,1307,1076,1317,1015,884,903,903,870,940,858,981,859,1016,876,1081,876,1126,863,1175,867,1218,886,1244,923,1041,925,1034,950,1026,974,1017,1000,981,1048,1001,1054,1022,1058,1048,1056,1073,1054,920,947,942,935,969,934,995,947,968,951,941,952,1109,951,1138,940,1166,945,1191,962,1163,962,1135,957,954,1141,972,1106,996,1088,1016,1093,1037,1090,1073,1112,1112,1150,1072,1166,1037,1170,1014,1170,992,1167,970,1160,968,1138,996,1118,1016,1120,1037,1120,1096,1145,1037,1140,1016,1139,995,1137
3286,h,1,1,831,831,1277,1277,109.53333333333333,871,978,866,1032,866,1086,872,1140,884,1190,904,1230,936,1262,975,1284,1025,1292,1080,1288,1140,1279,1197,1262,1244,1232,1274,1186,1292,1131,1303,1072,1313,1010,881,906,899,871,935,857,975,859,1011,873,1084,876,1127,863,1173,864,1217,882,1244,916,1041,926,1035,950,1027,974,1019,999,984,1049,1002,1054,1022,1058,1047,1056,1072,1054,920,948,942,935,969,934,994,948,968,951,941,952,1108,952,1136,939,1164,943,1189,960,1161,961,1133,957,955,1140,974,1105,997,1088,1016,1093,1035,1090,1071,1110,1110,1147,1070,1166,1035,1171,1014,1171,994,1168,972,1159,969,1136,997,1115,1016,1117,1035,1118,1094,1143,1035,1141,1016,1140,996,1139
3287,h,1,1,831,831,1277,1277,109.56666666666666,871,978,866,1032,866,1086,872,1140,884,1190,904,1230,936,1262,975,1284,1025,1292,1080,1288,1140,1279,1197,1262,1244,1232,1274,1186,1292,1131,1303,1072,1313,1010,881,906,899,871,935,857,975,859,1011,873,1084,876,1127,863,1173,864,1217,882,1244,916,1041,926,1035,950,1027,974,1019,999,984,1049,1002,1054,1022,1058,1047,1056,1072,1054,920,948,942,935,969,934,994,948,968,951,941,952,1108,952,1136,939,1164,943,1189,960,1161,961,1133,957,955,1140,974,1105,997,1088,1016,1093,1035,1090,1071,1110,1110,1147,1070,1166,1035,1171,1014,1171,994,1168,972,1159,969,1136,997,1115,1016,1117,1035,1118,1094,1143,1035,1141,1016,1140,996,1139
3288,h,1,1,831,831,1277,1277,109.6,886,970,880,1020,879,1073,882,1125,889,1175,904,1219,933,1254,971,1279,1022,1291,1079,1288,1139,1278,1196,1259,1242,1228,1273,1181,1293,1126,1305,1066,1316,1004,890,895,909,865,944,856,982,858,1016,874,1081,874,1124,862,1171,865,1213,880,1241,913,1042,924,1035,948,1026,972,1017,997,982,1048,1001,1053,1021,1057,1046,1056,1071,1055,920,946,942,934,968,933,994,946,967,949,941,950,1109,950,1138,938,1165,943,1190,959,1162,960,1135,956,956,1139,973,1105,996,1088,1014,1094,1035,1091,1070,1111,1110,1147,1070,1167,1035,1171,1013,1171,992,1168,971,1159,969,1135,995,1115,1014,1117,1034,1118,1094,1143,1035,1141,1015,1140,995,1138
3289,h,1,1,831,831,1277,1277,109.63333333333334,885,978,881,1028,880,1081,883,1133,890,1181,906,1222,936,1256,973,1279,1023,1288,1082,1286,1142,1278,1199,1261,1245,1231,1275,1185,1294,1130,1306,1071,1318,1010,888,903,905,870,939,858,977,859,1011,873,1083,875,1126,863,1173,866,1216,883,1242,920,1040,927,1033,950,1025,973,1016,998,982,1049,1001,1054,1021,1057,1046,1056,1070,1055,921,949,942,936,968,935,993,949,967,952,941,953,1109,952,1136,939,1163,943,1188,960,1161,960,1133,957,955,1141,974,1107,996,1091,1014,1096,1034,1094,1069,1113,1111,1148,1070,1165,1034,1168,1013,1168,993,1165,971,1159,968,1137,996,1117,1014,1119,1034,1120,1095,1144,1035,1140,1015,1139,996,1137
3290,h,1,1,831,831,1277,1277,109.66666666666667,871,980,866,1032,866,1087,872,1140,884,1189,903,1230,934,1265,974,1287,1024,1296,1081,1293,1142,1283,1198,1265,1244,1234,1273,1187,1291,1130,1301,1070,1311,1009,881,908,898,873,934,858,974,858,1010,873,1081,875,1125,862,1173,864,1217,884,1242,921,1039,924,1033,949,1025,973,1017,999,981,1048,1000,1053,1020,1057,1046,1055,1070,1054,918,949,940,936,966,935,991,948,965,951,939,952,1106,951,1134,939,1162,943,1186,959,1159,959,1131,956,953,1140,972,1106,995,1090,1014,1095,1034,1093,1069,1112,1110,1147,1068,1163,1034,1166,1012,1167,992,1164,970,1158,966,1137,995,1116,1014,1119,1033,1119,1093,1143,1034,1138,1014,1137,994,1136
3291,h,1,1,831,831,1277,1277,109.7,871,980,866,1032,866,1087,872,1140,884,1189,903,1230,934,1265,974,1287,1024,1296,1081,1293,1142,1283,1198,1265,1244,1234,1273,1187,1291,1130,1301,1070,1311,1009,881,908,898,873,934,858,974,858,1010,873,1081,875,1125,862,1173,864,1217,884,1242,921,1039,924,1033,949,1025,973,1017,999,981,1048,1000,1053,1020,1057,1046,1055,1070,1054,918,949,940,936,966,935,991,948,965,951,939,952,1106,951,1134,939,1162,943,1186,959,1159,959,1131,956,953,1140,972,1106,995,1090,1014,1095,1034,1093,1069,1112,1110,1147,1068,1163,1034,1166,1012,1167,992,1164,970,1158,966,1137,995,1116,1014,1119,1033,1119,1093,1143,1034,1138,1014,1137,994,1136
3292,h,1,1,831,831,1277,1277,109.73333333333333,876,980,872,1033,873,1086,877,1138,885,1189,903,1232,934,1267,972,1292,1025,1301,1083,1298,1142,1286,1197,1266,1242,1233,1272,1185,1289,1129,1300,1069,1311,1007,882,903,902,870,940,858,980,861,1016,874,1080,875,1123,863,1170,865,1213,882,1238,918,1043,924,1036,948,1028,971,1020,997,983,1049,1002,1054,1022,1058,1047,1057,1071,1056,919,947,941,935,967,934,993,946,967,950,940,951,1106,950,1135,939,1162,943,1186,959,1159,960,1132,956,955,1139,974,1105,998,1089,1016,1095,1037,1094,1071,1113,1111,1148,1071,1165,1037,1169,1014,1169,994,1165,972,1157,969,1136,997,1118,1016,1120,1036,1121,1095,1145,1037,1139,1016,1138,996,1136
3293,h,1,1,831,831,1277,1277,109.76666666666667,890,967,883,1019,882,1072,884,1124,891,1174,906,1218,934,1255,971,1280,1021,1291,1079,1289,1139,1278,1193,1258,1238,1227,1269,1179,1288,1124,1301,1064,1312,1003,898,897,918,871,950,863,986,865,1018,878,1081,879,1120,868,1164,869,1204,885,1232,915,1043,923,1036,947,1028,971,1019,997,984,1047,1002,1052,1022,1056,1046,1055,1070,1054,924,943,945,932,970,931,994,943,969,946,945,948,1109,946,1135,935,1162,939,1186,954,1159,956,1133,952,958,1137,975,1103,997,1087,1014,1093,1032,1092,1066,1113,1107,1148,1065,1164,1030,1168,1010,1167,992,1163,972,1154,971,1133,996,1116,1014,1119,1032,1121,1091,1144,1031,1138,1013,1136,995,1133
3294,h,1,1,831,831,1277,1277,109.8,890,967,883,1019,882,1072,884,1124,891,1174,906,1218,934,1255,971,1280,1021,1291,1079,1289,1139,1278,1193,1258,1238,1227,1269,1179,1288,1124,1301,1064,1312,1003,898,897,918,871,950,863,986,865,1018,878,1081,879,1120,868,1164,869,1204,885,1232,915,1043,923,1036,947,1028,971,1019,997,984,1047,1002,1052,1022,1056,1046,1055,1070,1054,924,943,945,932,970,931,994,943,969,946,945,948,1109,946,1135,935,1162,939,1186,954,1159,956,1133,952,958,1137,975,1103,997,1087,1014,1093,1032,1092,1066,1113,1107,1148,1065,1164,1030,1168,1010,1167,992,1163,972,1154,971,1133,996,1116,1014,1119,1032,1121,1091,1144,1031,1138,1013,1136,995,1133
3295,h,1,1,831,831,1277,1277,109.83333333333333,880,973,874,1024,873,1077,874,1130,883,1181,901,1224,931,1259,969,1284,1021,1295,1078,1292,1139,1280,1194,1261,1240,1229,1271,1181,1290,1124,1303,1065,1316,1002,887,898,905,865,941,855,980,858,1015,873,1083,874,1125,861,1172,862,1215,878,1242,912,1043,922,1036,945,1029,967,1020,992,982,1045,1001,1051,1022,1054,1047,1054,1071,1052,919,944,942,933,967,932,993,943,967,947,941,948,1109,947,1138,937,1165,942,1190,956,1162,957,1135,953,952,1138,970,1102,994,1086,1012,1092,1032,1090,1067,1112,1108,1148,1066,1166,1031,1169,1009,1168,989,1164,967,1157,966,1134,993,1115,1012,1118,1032,1119,1091,1144,1032,1138,1011,1137,992,1135
3296,h,1,1,831,831,1277,1277,109.86666666666666,892,964,883,1014,880,1067,881,1119,887,1169,901,1212,928,1249,964,1275,1015,1287,1074,1287,1135,1277,1191,1258,1238,1226,1270,1181,1290,1126,1303,1066,1314,1005,896,890,915,863,948,857,984,861,1015,875,1081,877,1121,863,1166,863,1207,877,1235,908,1041,923,1033,946,1025,967,1016,991,980,1043,999,1049,1018,1053,1043,1052,1067,1051,920,942,942,932,968,931,992,943,966,947,941,948,1107,947,1135,936,1162,940,1187,955,1159,957,1132,953,952,1136,969,1101,992,1084,1009,1090,1028,1088,1063,1110,1103,1148,1062,1166,1027,1169,1006,1168,987,1164,966,1155,966,1132,992,1115,1009,1117,1028,1119,1087,1143,1028,1136,1009,1135,991,1132
3297,h,1,1,831,831,1277,1277,109.9,884,975,879,1026,878,1079,882,1131,890,1179,907,1220,936,1253,973,1278,1024,1290,1081,1287,1144,1276,1202,1259,1248,1226,1279,1179,1298,1122,1310,1062,1322,999,881,902,899,869,933,852,972,852,1007,866,1079,868,1124,856,1172,859,1216,877,1243,914,1036,920,1028,943,1020,965,1010,990,979,1039,997,1045,1016,1049,1040,1048,1064,1046,917,944,939,934,965,931,990,942,964,945,939,947,1105,946,1133,937,1161,941,1187,955,1158,956,1130,951,955,1133,971,1098,992,1080,1009,1086,1028,1084,1063,1108,1104,1146,1063,1165,1028,1168,1007,1167,988,1163,969,1154,969,1130,992,1110,1009,1112,1027,1114,1087,1141,1028,1136,1009,1134,991,1131
3298,h,1,1,831,831,1277,1277,109.93333333333334,884,975,879,1026,878,1079,882,1131,890,1179,907,1220,936,1253,973,1278,1024,1290,1081,1287,1144,1276,1202,1259,1248,1226,1279,1179,1298,1122,1310,1062,1322,999,881,902,899,869,933,852,972,852,1007,866,1079,868,1124,856,1172,859,1216,877,1243,914,1036,920,1028,943,1020,965,1010,990,979,1039,997,1045,1016,1049,1040,1048,1064,1046,917,944,939,934,965,931,990,942,964,945,939,947,1105,946,1133,937,1161,941,1187,955,1158,956,1130,951,955,1133,971,1098,992,1080,1009,1086,1028,1084,1063,1108,1104,1146,1063,1165,1028,1168,1007,1167,988,1163,969,1154,969,1130,992,1110,1009,1112,1027,1114,1087,1141,1028,1136,1009,1134,991,1131
3308,h,1,1,831,831,1277,1277,110.26666666666667,886,980,881,1031,879,1082,882,1134,891,1182,908,1222,937,1253,974,1273,1025,1284,1081,1283,1142,1276,1199,1261,1243,1232,1274,1188,1294,1134,1308,1078,1322,1018,893,894,911,859,946,843,985,843,1020,858,1093,863,1139,854,1187,860,1229,881,1254,919,1049,916,1041,939,1032,961,1023,985,988,1035,1005,1041,1024,1045,1048,1045,1072,1045,928,936,951,924,977,924,1000,936,975,940,949,940,1118,944,1147,934,1174,940,1199,957,1171,957,1143,952,958,1133,976,1093,998,1076,1014,1083,1034,1082,1067,1107,1104,1152,1064,1163,1030,1162,1009,1160,990,1156,972,1149,971,1128,997,1105,1014,1108,1033,1111,1086,1146,1032,1135,1012,1132,994,1129
3309,h,1,1,831,831,1277,1277,110.3,886,980,881,1031,879,1082,882,1134,891,1182,908,1222,937,1253,974,1273,1025,1284,1081,1283,1142,1276,1199,1261,1243,1232,1274,1188,1294,1134,1308,1078,1322,1018,893,894,911,859,946,843,985,843,1020,858,1093,863,1139,854,1187,860,1229,881,1254,919,1049,916,1041,939,1032,961,1023,985,988,1035,1005,1041,1024,1045,1048,1045,1072,1045,928,936,951,924,977,924,1000,936,975,940,949,940,1118,944,1147,934,1174,940,1199,957,1171,957,1143,952,958,1133,976,1093,998,1076,1014,1083,1034,1082,1067,1107,1104,1152,1064,1163,1030,1162,1009,1160,990,1156,972,1149,971,1128,997,1105,1014,1108,1033,1111,1086,1146,1032,1135,1012,1132,994,1129
3310,h,1,1,831,831,1277,1277,110.33333333333333,897,965,890,1017,888,1070,889,1123,895,1174,910,1216,937,1250,972,1274,1021,1286,1078,1285,1140,1276,1197,1259,1243,1230,1276,1186,1297,1132,1311,1074,1327,1013,896,889,915,856,952,842,992,845,1027,861,1095,865,1141,856,1189,859,1233,877,1259,914,1055,915,1045,937,1036,959,1026,983,989,1035,1007,1041,1026,1046,1050,1046,1073,1045,931,935,954,924,980,924,1005,935,979,939,953,940,1121,942,1150,934,1178,941,1204,955,1174,956,1146,951,958,1131,977,1095,999,1077,1015,1084,1035,1082,1068,1107,1107,1147,1066,1162,1032,1162,1010,1161,992,1156,973,1151,971,1127,998,1107,1015,1110,1034,1112,1090,1142,1033,1132,1013,1130,996,1127
3320,h,1,1,831,831,1277,1277,110.66666666666667,901,967,896,1019,893,1072,893,1124,901,1173,918,1214,949,1245,987,1266,1037,1276,1094,1275,1156,1266,1212,1250,1255,1223,1285,1178,1304,1124,1318,1069,1331,1011,903,891,923,858,960,846,1000,849,1035,866,1096,869,1142,857,1190,862,1234,882,1260,919,1060,912,1053,936,1044,958,1035,983,998,1035,1016,1041,1034,1045,1058,1046,1082,1045,939,932,961,920,987,921,1011,935,985,939,959,939,1125,943,1153,931,1181,937,1206,954,1179,954,1151,950,964,1124,987,1095,1011,1081,1026,1087,1045,1086,1081,1106,1122,1141,1080,1151,1045,1150,1024,1148,1007,1145,985,1140,977,1120,1010,1108,1026,1111,1045,1113,1106,1136,1045,1123,1027,1121,1010,1118
3321,h,1,1,831,831,1277,1277,110.7,901,967,896,1019,893,1072,893,1124,901,1173,918,1214,949,1245,987,1266,1037,1276,1094,1275,1156,1266,1212,1250,1255,1223,1285,1178,1304,1124,1318,1069,1331,1011,903,891,923,858,960,846,1000,849,1035,866,1096,869,1142,857,1190,862,1234,882,1260,919,1060,912,1053,936,1044,958,1035,983,998,1035,1016,1041,1034,1045,1058,1046,1082,1045,939,932,961,920,987,921,1011,935,985,939,959,939,1125,943,1153,931,1181,937,1206,954,1179,954,1151,950,964,1124,987,1095,1011,1081,1026,1087,1045,1086,1081,1106,1122,1141,1080,1151,1045,1150,1024,1148,1007,1145,985,1140,977,1120,1010,1108,1026,1111,1045,1113,1106,1136,1045,1123,1027,1121,1010,1118
3322,h,1,1,831,831,1277,1277,110.73333333333333,904,965,896,1017,894,1071,896,1124,902,1176,918,1218,947,1253,986,1276,1036,1287,1094,1285,1156,1276,1212,1258,1257,1228,1288,1182,1308,1128,1321,1069,1334,1009,902,889,922,857,958,846,998,851,1031,868,1103,871,1146,860,1192,863,1233,883,1258,918,1060,921,1052,944,1043,966,1033,991,998,1042,1016,1049,1035,1053,1060,1053,1083,1051,938,936,960,924,986,924,1012,940,985,943,958,943,1125,947,1154,934,1182,939,1207,957,1179,958,1151,954,966,1132,987,1100,1010,1085,1025,1091,1044,1089,1079,1111,1122,1147,1078,1165,1043,1167,1023,1166,1004,1161,983,1152,981,1129,1009,1114,1025,1117,1043,1119,1104,1143,1044,1137,1025,1135,1008,1133
3323,h,1,1,831,831,1277,1277,110.76666666666667,896,965,888,1016,887,1069,889,1122,897,1172,913,1215,943,1250,981,1275,1032,1286,1090,1285,1151,1275,1207,1258,1253,1229,1284,1183,1304,1128,1317,1070,1328,1009,900,891,920,860,956,850,994,853,1029,868,1100,873,1143,862,1189,865,1230,882,1256,917,1058,925,1051,948,1043,970,1034,995,997,1046,1016,1052,1035,1056,1059,1056,1082,1055,934,943,956,931,983,930,1008,943,982,946,955,947,1123,950,1152,939,1180,944,1204,960,1176,960,1149,956,966,1136,987,1104,1010,1088,1027,1094,1046,1092,1081,1112,1120,1149,1080,1160,1045,1161,1024,1160,1005,1157,984,1151,980,1132,1009,1116,1027,1119,1046,1120,1103,1144,1046,1132,1027,1130,1009,1128
3324,h,1,1,831,831,1277,1277,110.8,896,965,888,1016,887,1069,889,1122,897,1172,913,1215,943,1250,981,1275,1032,1286,1090,1285,1151,1275,1207,1258,1253,1229,1284,1183,1304,1128,1317,1070,1328,1009,900,891,920,860,956,850,994,853,1029,868,1100,873,1143,862,1189,865,1230,882,1256,917,1058,925,1051,948,1043,970,1034,995,997,1046,1016,1052,1035,1056,1059,1056,1082,1055,934,943,956,931,983,930,1008,943,982,946,955,947,1123,950,1152,939,1180,944,1204,960,1176,960,1149,956,966,1136,987,1104,1010,1088,1027,1094,1046,1092,1081,1112,1120,1149,1080,1160,1045,1161,1024,1160,1005,1157,984,1151,980,1132,1009,1116,1027,1119,1046,1120,1103,1144,1046,1132,1027,1130,1009,1128
3325,h,1,1,831,831,1277,1277,110.83333333333333,902,970,897,1021,895,1074,896,1125,900,1175,917,1218,946,1254,983,1279,1034,1290,1093,1289,1156,1282,1213,1267,1258,1237,1289,1191,1308,1136,1321,1078,1335,1016,902,896,921,861,958,850,998,852,1033,868,1102,870,1149,863,1197,867,1239,886,1264,923,1062,922,1054,945,1046,967,1037,992,1000,1045,1018,1051,1037,1055,1061,1055,1084,1054,938,943,960,930,987,930,1011,942,985,947,960,948,1127,950,1156,940,1183,946,1208,962,1180,962,1153,958,968,1132,991,1102,1013,1087,1029,1093,1049,1092,1084,1111,1126,1147,1083,1158,1047,1156,1026,1154,1008,1150,987,1146,981,1130,1012,1113,1029,1116,1049,1118,1110,1142,1048,1130,1029,1128,1011,1125
3326,h,1,1,831,831,1277,1277,110.86666666666666,900,980,895,1030,895,1082,897,1132,904,1180,921,1221,952,1252,989,1274,1038,1284,1095,1283,1154,1277,1209,1261,1252,1232,1282,1188,1302,1134,1315,1077,1327,1016,901,898,920,863,957,850,997,852,1030,868,1098,871,1143,862,1190,868,1232,889,1256,928,1060,924,1053,948,1046,970,1038,996,999,1046,1019,1052,1039,1056,1063,1056,1087,1056,936,942,959,930,985,930,1010,945,984,948,958,948,1125,952,1153,941,1181,947,1205,964,1178,964,1151,960,971,1131,992,1100,1015,1087,1032,1093,1052,1092,1087,1113,1126,1150,1084,1158,1049,1156,1028,1154,1010,1149,989,1145,984,1128,1014,1113,1031,1116,1051,1118,1111,1144,1050,1129,1031,1126,1013,1123
3327,h,1,1,831,831,1277,1277,110.9,903,978,897,1029,895,1082,898,1132,906,1181,921,1222,949,1256,984,1280,1034,1291,1091,1291,1152,1285,1207,1270,1253,1240,1284,1196,1304,1143,1317,1084,1331,1023,913,893,930,865,962,856,997,857,1027,870,1106,873,1149,865,1194,871,1234,889,1259,923,1061,925,1052,949,1043,973,1033,998,998,1046,1016,1052,1035,1056,1059,1057,1083,1056,945,947,966,934,991,933,1013,946,989,950,965,951,1128,953,1154,943,1181,949,1205,966,1178,966,1152,962,969,1136,990,1103,1013,1088,1028,1093,1047,1093,1082,1114,1122,1153,1080,1165,1045,1164,1025,1162,1008,1158,987,1152,982,1133,1012,1116,1028,1119,1046,1121,1106,1148,1046,1135,1028,1132,1011,1129
3328,h,1,1,831,831,1277,1277,110.93333333333334,903,978,897,1029,895,1082,898,1132,906,1181,921,1222,949,1256,984,1280,1034,1291,1091,1291,1152,1285,1207,1270,1253,1240,1284,1196,1304,1143,1317,1084,1331,1023,913,893,930,865,962,856,997,857,1027,870,1106,873,1149,865,1194,871,1234,889,1259,923,1061,925,1052,949,1043,973,1033,998,998,1046,1016,1052,1035,1056,1059,1057,1083,1056,945,947,966,934,991,933,1013,946,989,950,965,951,1128,953,1154,943,1181,949,1205,966,1178,966,1152,962,969,1136,990,1103,1013,1088,1028,1093,1047,1093,1082,1114,1122,1153,1080,1165,1045,1164,1025,1162,1008,1158,987,1152,982,1133,1012,1116,1028,1119,1046,1121,1106,1148,1046,1135,1028,1132,1011,1129
3329,h,1,1,831,831,1277,1277,110.96666666666667,899,965,895,1017,894,1071,896,1124,902,1174,918,1219,946,1254,984,1278,1035,1290,1093,1289,1153,1281,1210,1265,1255,1234,1287,1188,1308,1132,1322,1072,1335,1009,903,889,922,858,958,848,996,853,1029,870,1102,874,1144,864,1191,865,1233,882,1260,918,1060,925,1052,949,1044,972,1036,997,1000,1047,1018,1054,1036,1058,1061,1058,1085,1057,934,943,958,931,986,932,1011,945,984,950,955,950,1126,953,1155,942,1184,948,1209,964,1181,966,1152,962,971,1141,991,1105,1014,1089,1029,1095,1048,1094,1083,1117,1122,1156,1081,1171,1045,1171,1025,1169,1008,1166,988,1159,986,1137,1013,1117,1029,1120,1047,1122,1105,1150,1047,1142,1028,1139,1012,1136
3331,h,1,1,831,831,1277,1277,111.03333333333333,901,979,895,1029,893,1081,896,1134,905,1184,923,1227,953,1261,989,1285,1038,1297,1095,1295,1155,1286,1209,1268,1251,1237,1281,1193,1300,1140,1313,1081,1326,1020,915,900,932,871,964,858,1000,859,1030,872,1099,875,1140,866,1186,871,1228,891,1253,927,1060,924,1052,948,1044,971,1035,996,1000,1047,1018,1054,1037,1058,1062,1058,1085,1057,948,947,968,932,993,932,1016,947,991,950,967,951,1121,953,1147,939,1174,944,1198,963,1172,963,1145,959,974,1139,993,1105,1015,1090,1030,1095,1048,1094,1083,1115,1123,1153,1082,1165,1048,1165,1029,1163,1012,1160,992,1153,987,1135,1014,1115,1030,1117,1048,1119,1106,1147,1049,1139,1031,1137,1014,1135
3332,h,1,1,831,831,1277,1277,111.06666666666666,901,979,895,1029,893,1081,896,1134,905,1184,923,1227,953,1261,989,1285,1038,1297,1095,1295,1155,1286,1209,1268,1251,1237,1281,1193,1300,1140,1313,1081,1326,1020,915,900,932,871,964,858,1000,859,1030,872,1099,875,1140,866,1186,871,1228,891,1253,927,1060,924,1052,948,1044,971,1035,996,1000,1047,1018,1054,1037,1058,1062,1058,1085,1057,948,947,968,932,993,932,1016,947,991,950,967,951,1121,953,1147,939,1174,944,1198,963,1172,963,1145,959,974,1139,993,1105,1015,1090,1030,1095,1048,1094,1083,1115,1123,1153,1082,1165,1048,1165,1029,1163,1012,1160,992,1153,987,1135,1014,1115,1030,1117,1048,1119,1106,1147,1049,1139,1031,1137,1014,1135
3333,h,1,1,831,831,1277,1277,111.1,899,981,894,1031,894,1082,897,1133,906,1182,924,1222,955,1254,991,1278,1038,1291,1093,1291,1152,1283,1207,1267,1251,1236,1282,1191,1302,1136,1315,1077,1327,1017,907,899,925,867,960,857,997,860,1028,876,1097,877,1140,866,1187,870,1229,890,1256,926,1059,927,1052,950,1044,972,1036,997,1001,1049,1019,1054,1037,1057,1061,1058,1084,1059,943,946,965,932,991,931,1013,948,989,951,963,951,1123,954,1149,940,1177,945,1202,963,1175,965,1147,962,974,1138,994,1107,1017,1092,1031,1097,1049,1097,1085,1119,1126,1155,1083,1168,1048,1168,1029,1166,1012,1161,991,1154,987,1135,1016,1118,1031,1121,1049,1123,1110,1150,1049,1141,1031,1139,1015,1135
3334,h,1,1,831,831,1277,1277,111.13333333333334,892,979,889,1031,891,1085,894,1137,904,1186,922,1226,954,1257,992,1278,1041,1290,1099,1288,1159,1277,1213,1259,1256,1227,1285,1181,1303,1126,1315,1067,1326,1005,890,905,909,870,946,855,988,857,1024,873,1096,876,1140,863,1188,867,1231,886,1258,923,1055,925,1049,949,1042,973,1035,999,999,1050,1017,1055,1037,1059,1061,1059,1084,1058,927,947,950,934,977,933,1004,947,976,951,949,952,1121,952,1150,940,1179,944,1205,961,1177,963,1148,959,971,1143,991,1109,1014,1092,1030,1098,1047,1096,1082,1118,1123,1155,1082,1170,1048,1172,1028,1171,1010,1167,988,1160,985,1140,1013,1122,1030,1124,1047,1126,1106,1151,1048,1141,1030,1139,1013,1137
3335,h,1,1,831,831,1277,1277,111.16666666666667,896,969,891,1021,891,1074,895,1127,901,1177,918,1221,947,1257,984,1282,1035,1294,1095,1293,1156,1281,1212,1261,1256,1229,1287,1181,1306,1126,1319,1066,1330,1004,891,900,910,866,948,853,989,856,1025,873,1093,877,1138,863,1186,864,1231,882,1258,919,1055,926,1048,950,1041,974,1032,1000,996,1049,1015,1055,1035,1059,1059,1058,1083,1057,930,944,952,933,980,932,1005,946,978,950,951,950,1122,952,1151,940,1179,945,1204,961,1177,963,1148,959,970,1142,989,1108,1012,1091,1027,1097,1045,1096,1079,1119,1118,1156,1078,1174,1043,1176,1024,1175,1006,1171,986,1162,984,1138,1011,1121,1027,1124,1044,1126,1101,1151,1044,1144,1026,1142,1010,1139
3336,h,1,1,831,831,1277,1277,111.2,896,969,891,1021,891,1074,895,1127,901,1177,918,1221,947,1257,984,1282,1035,1294,1095,1293,1156,1281,1212,1261,1256,1229,1287,1181,1306,1126,1319,1066,1330,1004,891,900,910,866,948,853,989,856,1025,873,1093,877,1138,863,1186,864,1231,882,1258,919,1055,926,1048,950,1041,974,1032,1000,996,1049,1015,1055,1035,1059,1059,1058,1083,1057,930,944,952,933,980,932,1005,946,978,950,951,950,1122,952,1151,940,1179,945,1204,961,1177,963,1148,959,970,1142,989,1108,1012,1091,1027,1097,1045,1096,1079,1119,1118,1156,1078,1174,1043,1176,1024,1175,1006,1171,986,1162,984,1138,1011,1121,1027,1124,1044,1126,1101,1151,1044,1144,1026,1142,1010,1139
3337,h,1,1,831,831,1277,1277,111.23333333333333,895,966,889,1018,889,1071,892,1124,900,1173,917,1216,947,1249,983,1274,1031,1290,1089,1288,1151,1278,1210,1260,1257,1228,1289,1181,1310,1125,1325,1065,1339,1000,892,892,912,862,948,852,987,855,1023,870,1094,874,1141,864,1190,868,1235,883,1268,916,1053,926,1045,949,1036,973,1027,998,996,1050,1013,1055,1030,1059,1054,1059,1077,1058,927,943,951,933,979,932,1005,946,977,950,949,951,1121,952,1151,941,1182,947,1210,962,1179,965,1149,961,968,1141,987,1108,1009,1090,1024,1096,1042,1095,1076,1120,1116,1159,1075,1177,1040,1177,1020,1175,1003,1171,983,1162,983,1137,1008,1120,1023,1122,1041,1124,1098,1154,1041,1145,1023,1142,1007,1138
3338,h,1,1,831,831,1277,1277,111.26666666666667,895,978,891,1029,892,1082,896,1134,905,1183,924,1225,954,1259,991,1284,1040,1295,1098,1292,1157,1283,1212,1264,1255,1233,1285,1186,1305,1131,1318,1072,1329,1010,896,895,916,864,953,854,992,856,1025,871,1093,872,1138,862,1186,866,1229,883,1255,918,1055,924,1048,948,1041,971,1033,996,997,1048,1016,1054,1034,1058,1057,1058,1080,1058,934,944,956,932,984,931,1007,944,982,949,955,950,1119,951,1148,940,1177,946,1201,962,1174,965,1146,959,979,1144,994,1108,1014,1090,1027,1096,1044,1096,1077,1121,1114,1161,1076,1176,1044,1176,1025,1174,1009,1169,992,1162,993,1140,1013,1120,1027,1122,1043,1125,1097,1156,1044,1145,1027,1141,1012,1137
3339,h,1,1,831,831,1277,1277,111.3,895,978,891,1029,892,1082,896,1134,905,1183,924,1225,954,1259,991,1284,1040,1295,1098,1292,1157,1283,1212,1264,1255,1233,1285,1186,1305,1131,1318,1072,1329,1010,896,895,916,864,953,854,992,856,1025,871,1093,872,1138,862,1186,866,1229,883,1255,918,1055,924,1048,948,1041,971,1033,996,997,1048,1016,1054,1034,1058,1057,1058,1080,1058,934,944,956,932,984,931,1007,944,982,949,955,950,1119,951,1148,940,1177,946,1201,962,1174,965,1146,959,979,1144,994,1108,1014,1090,1027,1096,1044,1096,1077,1121,1114,1161,1076,1176,1044,1176,1025,1174,1009,1169,992,1162,993,1140,1013,1120,1027,1122,1043,1125,1097,1156,1044,1145,1027,1141,1012,1137
3340,h,1,1,831,831,1277,1277,111.33333333333333,890,975,887,1027,889,1080,894,1132,902,1184,919,1230,947,1268,984,1292,1036,1304,1095,1302,1156,1289,1210,1267,1252,1233,1281,1184,1301,1127,1315,1068,1328,1004,887,894,910,864,949,854,989,858,1025,874,1094,879,1138,865,1187,868,1232,882,1262,917,1051,924,1044,948,1036,971,1028,995,998,1053,1015,1057,1033,1060,1055,1060,1079,1060,925,947,948,935,976,935,1003,946,975,951,947,952,1121,952,1150,943,1180,948,1206,964,1176,966,1147,961,979,1157,996,1122,1017,1103,1032,1109,1050,1106,1083,1128,1121,1168,1083,1185,1050,1188,1030,1187,1012,1184,994,1177,993,1154,1016,1130,1032,1133,1050,1135,1104,1163,1050,1157,1032,1156,1016,1153
3341,h,1,1,831,831,1277,1277,111.36666666666666,896,977,891,1030,891,1082,895,1134,905,1183,925,1224,955,1256,991,1281,1039,1294,1096,1292,1157,1282,1211,1264,1255,1232,1283,1185,1303,1130,1317,1072,1331,1010,892,897,915,865,952,855,992,858,1027,875,1090,878,1135,865,1185,868,1231,886,1262,922,1053,930,1045,952,1036,974,1026,998,998,1052,1014,1056,1031,1059,1052,1060,1075,1061,928,947,950,934,979,934,1005,949,977,954,949,954,1122,955,1149,942,1179,948,1207,964,1178,967,1148,964,978,1151,992,1113,1012,1096,1027,1101,1045,1099,1080,1123,1118,1164,1081,1181,1046,1182,1027,1181,1009,1178,991,1169,991,1147,1012,1122,1027,1125,1045,1127,1103,1158,1047,1154,1028,1152,1013,1148
3342,h,1,1,831,831,1277,1277,111.4,884,969,880,1021,880,1075,885,1127,896,1176,914,1218,944,1253,980,1279,1030,1293,1089,1290,1150,1278,1209,1259,1257,1226,1288,1178,1307,1120,1320,1060,1332,996,888,895,908,864,944,852,985,855,1020,871,1092,873,1139,862,1188,863,1234,879,1264,914,1052,925,1044,949,1035,972,1026,998,994,1050,1012,1055,1031,1058,1055,1057,1079,1057,924,943,948,933,976,932,1002,944,974,949,947,950,1121,950,1151,939,1180,944,1208,958,1178,961,1148,957,963,1139,984,1108,1008,1093,1026,1099,1046,1096,1083,1117,1123,1151,1082,1168,1045,1170,1023,1170,1003,1167,980,1159,977,1136,1007,1120,1025,1123,1046,1124,1107,1146,1046,1140,1025,1139,1006,1136
3343,h,1,1,831,831,1277,1277,111.43333333333334,884,969,880,1021,880,1075,885,1127,896,1176,914,1218,944,1253,980,1279,1030,1293,1089,1290,1150,1278,1209,1259,1257,1226,1288,1178,1307,1120,1320,1060,1332,996,888,895,908,864,944,852,985,855,1020,871,1092,873,1139,862,1188,863,1234,879,1264,914,1052,925,1044,949,1035,972,1026,998,994,1050,1012,1055,1031,1058,1055,1057,1079,1057,924,943,948,933,976,932,1002,944,974,949,947,950,1121,950,1151,939,1180,944,1208,958,1178,961,1148,957,963,1139,984,1108,1008,1093,1026,1099,1046,1096,1083,1117,1123,1151,1082,1168,1045,1170,1023,1170,1003,1167,980,1159,977,1136,1007,1120,1025,1123,1046,1124,1107,1146,1046,1140,1025,1139,1006,1136
3344,h,1,1,831,831,1277,1277,111.46666666666667,883,962,878,1012,877,1065,880,1117,887,1168,905,1212,935,1248,975,1275,1029,1289,1091,1288,1155,1276,1212,1257,1257,1223,1286,1175,1304,1118,1317,1058,1328,996,889,893,908,863,944,852,984,854,1019,867,1093,871,1137,860,1184,863,1227,877,1256,908,1052,922,1045,945,1036,968,1028,992,993,1046,1011,1051,1031,1054,1055,1054,1080,1053,927,942,950,931,978,930,1003,942,976,947,949,948,1118,947,1148,936,1176,941,1202,956,1173,959,1145,955,964,1137,985,1107,1009,1092,1025,1098,1043,1095,1078,1115,1119,1149,1077,1166,1042,1167,1022,1166,1004,1162,982,1155,979,1134,1008,1120,1025,1123,1043,1124,1102,1145,1043,1137,1024,1136,1007,1133
3345,h,1,1,831,831,1277,1277,111.5,884,965,877,1017,875,1072,878,1125,887,1177,903,1222,933,1262,973,1289,1027,1302,1088,1299,1150,1288,1207,1267,1253,1233,1282,1184,1302,1127,1314,1069,1325,1007,889,898,907,864,944,849,985,850,1021,865,1095,869,1138,857,1186,861,1227,879,1253,914,1051,924,1043,947,1034,969,1025,994,991,1045,1009,1050,1029,1054,1054,1053,1079,1052,926,943,948,931,975,930,1001,943,974,946,947,947,1120,948,1148,936,1176,941,1201,956,1173,957,1145,953,962,1139,982,1106,1006,1089,1023,1095,1042,1093,1078,1114,1120,1149,1078,1169,1042,1173,1021,1173,1001,1170,979,1161,976,1135,1005,1118,1023,1120,1041,1121,1104,1145,1042,1145,1023,1143,1005,1141
3346,h,1,1,831,831,1277,1277,111.53333333333333,880,953,874,1006,872,1062,874,1118,884,1173,903,1219,934,1257,974,1285,1030,1297,1091,1295,1154,1283,1212,1261,1256,1226,1284,1177,1302,1120,1315,1060,1327,998,891,896,909,862,947,851,987,854,1025,869,1095,872,1140,861,1188,864,1231,880,1258,915,1052,922,1045,945,1037,967,1028,991,991,1044,1010,1050,1030,1054,1055,1053,1080,1052,928,943,951,932,978,931,1004,943,977,947,950,948,1120,947,1150,938,1178,944,1204,959,1174,960,1146,955,963,1136,984,1104,1008,1089,1025,1095,1045,1093,1081,1113,1122,1149,1080,1164,1045,1166,1024,1164,1004,1161,982,1154,977,1132,1008,1117,1025,1120,1045,1121,1105,1144,1046,1137,1026,1135,1007,1132
3347,h,1,1,831,831,1277,1277,111.56666666666666,880,953,874,1006,872,1062,874,1118,884,1173,903,1219,934,1257,974,1285,1030,1297,1091,1295,1154,1283,1212,1261,1256,1226,1284,1177,1302,1120,1315,1060,1327,998,891,896,909,862,947,851,987,854,1025,869,1095,872,1140,861,1188,864,1231,880,1258,915,1052,922,1045,945,1037,967,1028,991,991,1044,1010,1050,1030,1054,1055,1053,1080,1052,928,943,951,932,978,931,1004,943,977,947,950,948,1120,947,1150,938,1178,944,1204,959,1174,960,1146,955,963,1136,984,1104,1008,1089,1025,1095,1045,1093,1081,1113,1122,1149,1080,1164,1045,1166,1024,1164,1004,1161,982,1154,977,1132,1008,1117,1025,1120,1045,1121,1105,1144,1046,1137,1026,1135,1007,1132
3348,h,1,1,831,831,1277,1277,111.6,883,966,878,1018,877,1071,880,1124,889,1175,909,1217,941,1252,982,1275,1035,1287,1095,1283,1156,1273,1213,1254,1257,1221,1286,1173,1303,1117,1314,1059,1327,1000,887,900,905,866,942,851,984,853,1021,867,1094,869,1141,859,1188,862,1231,881,1258,916,1053,921,1046,944,1039,966,1031,991,992,1043,1012,1048,1033,1052,1058,1051,1082,1049,925,943,948,933,974,932,1000,941,974,945,948,947,1120,946,1150,937,1178,943,1204,956,1175,957,1147,953,962,1131,986,1102,1009,1088,1025,1094,1046,1092,1080,1112,1122,1143,1079,1154,1044,1152,1024,1150,1005,1147,983,1143,976,1127,1008,1114,1025,1117,1045,1118,1105,1138,1045,1126,1026,1124,1008,1122
3349,h,1,1,831,831,1277,1277,111.63333333333334,880,965,877,1018,876,1071,879,1123,886,1173,904,1215,935,1249,978,1272,1033,1283,1093,1281,1155,1272,1212,1254,1255,1221,1281,1173,1296,1116,1307,1057,1318,995,888,902,906,867,943,851,985,851,1022,866,1092,868,1136,858,1183,863,1224,884,1248,921,1052,919,1046,943,1039,965,1032,990,992,1042,1012,1048,1033,1051,1058,1050,1082,1049,926,941,949,931,975,930,999,941,974,945,948,945,1115,948,1144,938,1171,943,1195,957,1167,958,1140,954,964,1127,987,1099,1009,1086,1026,1091,1047,1090,1081,1108,1121,1140,1080,1147,1045,1143,1024,1142,1005,1139,984,1137,977,1123,1008,1110,1026,1113,1046,1115,1106,1135,1046,1119,1026,1117,1007,1114
3352,h,1,1,831,831,1277,1277,111.73333333333333,880,973,876,1025,874,1077,876,1129,885,1178,904,1218,936,1249,977,1272,1031,1285,1092,1283,1154,1275,1212,1259,1256,1228,1285,1182,1303,1124,1314,1066,1326,1004,887,901,904,865,940,850,980,850,1016,864,1092,867,1137,857,1184,861,1227,880,1254,915,1049,922,1043,945,1035,967,1027,992,991,1043,1010,1048,1030,1051,1055,1050,1079,1049,923,943,947,933,973,931,999,943,972,947,946,948,1118,948,1148,938,1176,943,1202,957,1173,958,1145,954,961,1130,984,1100,1008,1086,1025,1091,1045,1089,1080,1108,1123,1140,1080,1150,1045,1148,1024,1146,1004,1143,983,1141,976,1126,1007,1111,1025,1114,1045,1115,1107,1135,1045,1122,1026,1120,1007,1118
3353,h,1,1,831,831,1277,1277,111.76666666666667,886,979,883,1030,883,1083,887,1134,896,1182,914,1224,943,1258,982,1283,1034,1294,1093,1292,1155,1281,1209,1262,1252,1230,1280,1183,1297,1129,1309,1071,1320,1009,888,904,904,869,939,853,979,852,1015,866,1089,869,1133,857,1181,862,1223,884,1246,922,1047,921,1040,945,1033,967,1026,992,988,1043,1007,1049,1028,1053,1053,1052,1078,1050,923,945,945,932,971,931,996,942,971,946,945,947,1113,947,1142,935,1169,939,1195,955,1166,955,1139,951,963,1136,981,1104,1003,1087,1021,1092,1040,1090,1075,1110,1117,1145,1076,1165,1042,1168,1021,1167,1001,1164,980,1156,976,1133,1003,1115,1021,1117,1040,1118,1101,1141,1042,1139,1023,1138,1004,1136
3354,h,1,1,831,831,1277,1277,111.8,886,979,883,1030,883,1083,887,1134,896,1182,914,1224,943,1258,982,1283,1034,1294,1093,1292,1155,1281,1209,1262,1252,1230,1280,1183,1297,1129,1309,1071,1320,1009,888,904,904,869,939,853,979,852,1015,866,1089,869,1133,857,1181,862,1223,884,1246,922,1047,921,1040,945,1033,967,1026,992,988,1043,1007,1049,1028,1053,1053,1052,1078,1050,923,945,945,932,971,931,996,942,971,946,945,947,1113,947,1142,935,1169,939,1195,955,1166,955,1139,951,963,1136,981,1104,1003,1087,1021,1092,1040,1090,1075,1110,1117,1145,1076,1165,1042,1168,1021,1167,1001,1164,980,1156,976,1133,1003,1115,1021,1117,1040,1118,1101,1141,1042,1139,1023,1138,1004,1136
3355,h,1,1,831,831,1277,1277,111.83333333333333,890,978,885,1028,885,1080,889,1131,897,1180,913,1222,940,1260,977,1287,1030,1300,1091,1296,1154,1284,1212,1263,1255,1229,1285,1179,1303,1122,1315,1063,1326,1000,891,896,907,863,941,847,980,847,1015,861,1092,864,1137,854,1184,856,1227,874,1254,909,1049,919,1042,943,1035,965,1026,991,989,1043,1009,1048,1028,1052,1054,1052,1078,1050,923,943,946,931,972,929,999,941,972,944,946,946,1117,944,1147,934,1175,939,1202,953,1172,954,1144,950,959,1142,978,1105,1001,1087,1019,1093,1040,1091,1077,1113,1119,1151,1077,1176,1040,1181,1017,1181,997,1178,975,1169,973,1138,1001,1115,1019,1116,1040,1118,1102,1147,1040,1151,1019,1150,1000,1148
3356,h,1,1,831,831,1277,1277,111.86666666666666,883,976,878,1026,878,1078,882,1130,890,1180,906,1224,935,1262,973,1289,1027,1302,1088,1298,1151,1286,1208,1264,1252,1229,1281,1179,1300,1122,1311,1062,1323,1000,889,898,905,864,940,848,979,847,1014,861,1090,864,1133,853,1178,855,1220,872,1245,906,1047,919,1040,942,1033,964,1025,989,989,1042,1007,1047,1027,1050,1052,1050,1075,1048,924,943,946,931,971,928,996,940,971,944,945,946,1114,943,1141,932,1168,936,1194,950,1166,951,1139,948,960,1141,977,1104,1001,1086,1018,1092,1039,1089,1075,1111,1115,1151,1074,1174,1038,1180,1016,1180,996,1176,974,1166,974,1138,1000,1114,1018,1116,1038,1118,1098,1147,1038,1150,1018,1149,999,1147
3357,h,1,1,831,831,1277,1277,111.9,884,966,879,1016,876,1068,879,1121,887,1171,903,1216,933,1254,974,1280,1028,1293,1089,1290,1152,1278,1208,1258,1253,1225,1282,1178,1300,1122,1312,1065,1324,1005,893,888,910,858,944,846,982,847,1016,861,1093,864,1138,856,1184,860,1225,878,1250,913,1049,921,1042,944,1033,965,1024,989,987,1041,1007,1046,1027,1050,1052,1049,1077,1048,924,940,947,929,973,928,998,941,972,944,946,944,1118,946,1146,936,1174,941,1200,956,1171,957,1143,953,957,1138,975,1102,999,1085,1019,1092,1040,1089,1077,1109,1116,1149,1077,1169,1040,1174,1017,1174,995,1170,973,1161,971,1135,999,1114,1019,1116,1040,1117,1100,1144,1041,1144,1019,1144,999,1141
3358,h,1,1,831,831,1277,1277,111.93333333333334,884,966,879,1016,876,1068,879,1121,887,1171,903,1216,933,1254,974,1280,1028,1293,1089,1290,1152,1278,1208,1258,1253,1225,1282,1178,1300,1122,1312,1065,1324,1005,893,888,910,858,944,846,982,847,1016,861,1093,864,1138,856,1184,860,1225,878,1250,913,1049,921,1042,944,1033,965,1024,989,987,1041,1007,1046,1027,1050,1052,1049,1077,1048,924,940,947,929,973,928,998,941,972,944,946,944,1118,946,1146,936,1174,941,1200,956,1171,957,1143,953,957,1138,975,1102,999,1085,1019,1092,1040,1089,1077,1109,1116,1149,1077,1169,1040,1174,1017,1174,995,1170,973,1161,971,1135,999,1114,1019,1116,1040,1117,1100,1144,1041,1144,1019,1144,999,1141
3359,h,1,1,831,831,1277,1277,111.96666666666667,890,972,886,1021,886,1072,888,1122,895,1171,910,1213,940,1248,980,1272,1031,1285,1090,1283,1153,1273,1209,1254,1252,1221,1280,1174,1297,1119,1310,1061,1322,999,887,896,906,864,942,849,981,850,1016,865,1090,868,1133,856,1179,858,1221,875,1247,909,1048,918,1042,942,1034,964,1026,989,990,1041,1010,1046,1029,1050,1054,1049,1077,1048,923,940,945,928,972,926,998,940,971,944,944,945,1115,944,1143,931,1171,935,1197,952,1168,954,1141,949,960,1133,979,1098,1002,1083,1019,1088,1038,1086,1075,1107,1116,1144,1076,1165,1039,1169,1018,1168,999,1164,976,1155,974,1129,1002,1110,1019,1112,1038,1114,1099,1141,1039,1139,1020,1137,1002,1135
3360,h,1,1,831,831,1277,1277,112.0,891,968,886,1019,885,1070,887,1120,895,1169,911,1210,940,1246,979,1270,1029,1284,1088,1283,1149,1273,1206,1254,1250,1221,1280,1173,1300,1117,1312,1057,1323,996,890,894,908,861,943,848,982,849,1017,863,1088,865,1133,855,1180,858,1222,876,1248,911,1047,920,1040,942,1032,964,1024,989,989,1039,1008,1045,1027,1049,1051,1049,1074,1048,927,941,949,930,975,929,1001,940,975,944,949,945,1113,945,1140,936,1167,940,1194,954,1165,955,1138,951,961,1129,980,1096,1001,1081,1019,1087,1039,1086,1072,1108,1113,1144,1071,1161,1037,1162,1016,1161,996,1156,976,1148,975,1125,1001,1108,1018,1111,1038,1113,1095,1139,1037,1133,1018,1131,999,1127
3361,h,1,1,831,831,1277,1277,112.03333333333333,888,971,883,1021,882,1073,886,1125,893,1174,910,1216,940,1249,977,1273,1026,1287,1086,1286,1149,1275,1206,1255,1251,1222,1280,1175,1298,1120,1310,1062,1320,1001,894,893,912,861,946,851,983,854,1015,869,1087,870,1126,857,1171,858,1211,875,1238,908,1044,922,1037,944,1028,966,1019,989,986,1041,1004,1047,1024,1051,1048,1050,1072,1049,927,945,948,932,973,932,999,944,972,949,947,950,1109,948,1136,936,1163,940,1188,955,1161,957,1134,954,958,1131,977,1097,999,1081,1016,1087,1034,1085,1070,1107,1112,1145,1070,1163,1035,1164,1014,1163,995,1159,974,1150,973,1128,999,1109,1016,1112,1034,1114,1094,1140,1035,1135,1016,1132,998,1129
3362,h,1,1,831,831,1277,1277,112.06666666666666,888,971,883,1021,882,1073,886,1125,893,1174,910,1216,940,1249,977,1273,1026,1287,1086,1286,1149,1275,1206,1255,1251,1222,1280,1175,1298,1120,1310,1062,1320,1001,894,893,912,861,946,851,983,854,1015,869,1087,870,1126,857,1171,858,1211,875,1238,908,1044,922,1037,944,1028,966,1019,989,986,1041,1004,1047,1024,1051,1048,1050,1072,1049,927,945,948,932,973,932,999,944,972,949,947,950,1109,948,1136,936,1163,940,1188,955,1161,957,1134,954,958,1131,977,1097,999,1081,1016,1087,1034,1085,1070,1107,1112,1145,1070,1163,1035,1164,1014,1163,995,1159,974,1150,973,1128,999,1109,1016,1112,1034,1114,1094,1140,1035,1135,1016,1132,998,1129
3363,h,1,1,831,831,1277,1277,112.1,893,972,887,1022,885,1074,888,1126,895,1176,912,1218,942,1251,979,1274,1028,1286,1084,1285,1145,1275,1201,1257,1246,1225,1277,1179,1297,1124,1307,1065,1318,1004,893,895,913,864,949,853,988,857,1021,872,1080,874,1123,860,1171,861,1215,880,1243,917,1046,922,1039,945,1031,967,1023,992,987,1041,1005,1048,1024,1052,1048,1052,1072,1051,926,941,948,931,974,930,999,941,973,946,947,947,1111,948,1139,937,1167,942,1193,956,1165,959,1137,955,955,1132,975,1096,999,1081,1016,1087,1036,1086,1070,1110,1108,1152,1068,1168,1033,1168,1012,1166,993,1162,972,1153,968,1128,998,1109,1015,1113,1035,1116,1091,1147,1034,1139,1015,1136,997,1132
3364,h,1,1,831,831,1277,1277,112.13333333333334,894,965,888,1017,886,1069,887,1121,893,1172,908,1216,937,1250,974,1275,1022,1286,1079,1284,1139,1274,1196,1257,1242,1226,1273,1180,1292,1126,1304,1069,1317,1009,894,894,914,864,948,853,987,856,1021,871,1085,872,1129,861,1176,864,1218,882,1245,919,1048,921,1040,945,1031,968,1023,993,986,1041,1005,1047,1023,1052,1048,1051,1072,1049,928,941,950,932,976,932,998,941,974,946,949,947,1113,947,1140,939,1167,944,1191,958,1163,959,1137,955,954,1133,975,1098,998,1083,1015,1089,1034,1087,1069,1108,1105,1148,1067,1164,1032,1166,1011,1165,992,1162,971,1154,968,1130,997,1111,1014,1113,1033,1115,1088,1143,1033,1137,1014,1136,996,1133
3367,h,1,1,831,831,1277,1277,112.23333333333333,886,968,882,1021,882,1074,886,1125,892,1176,907,1219,933,1253,969,1279,1018,1289,1074,1287,1133,1276,1190,1258,1238,1229,1271,1184,1291,1130,1305,1071,1318,1009,887,895,906,864,942,852,981,853,1015,867,1083,868,1127,860,1174,864,1214,881,1242,914,1043,924,1036,948,1027,971,1019,996,984,1047,1002,1052,1020,1057,1044,1055,1068,1053,922,944,945,933,972,932,995,945,970,949,944,950,1109,950,1136,940,1164,944,1188,959,1161,961,1134,957,952,1141,971,1103,993,1086,1011,1092,1031,1089,1064,1112,1100,1154,1061,1169,1028,1173,1007,1173,987,1169,967,1161,967,1137,992,1115,1010,1118,1030,1119,1083,1149,1030,1143,1009,1142,990,1139
3368,h,1,1,831,831,1277,1277,112.26666666666667,877,970,871,1022,867,1076,870,1129,881,1179,900,1221,930,1256,966,1282,1015,1295,1072,1292,1133,1280,1193,1261,1243,1229,1277,1182,1297,1126,1308,1066,1319,1005,883,899,901,867,937,854,977,855,1013,868,1078,872,1123,860,1171,862,1216,879,1245,915,1040,925,1032,950,1023,974,1014,999,981,1050,998,1056,1018,1060,1043,1059,1067,1057,916,947,939,936,966,935,992,946,965,951,938,952,1107,951,1137,940,1166,945,1192,959,1163,961,1134,958,946,1141,966,1107,991,1090,1010,1095,1030,1093,1066,1115,1105,1155,1064,1177,1027,1181,1005,1181,984,1177,962,1167,959,1137,990,1117,1009,1120,1029,1122,1088,1150,1028,1151,1008,1150,988,1148
3369,h,1,1,831,831,1277,1277,112.3,877,970,871,1022,867,1076,870,1129,881,1179,900,1221,930,1256,966,1282,1015,1295,1072,1292,1133,1280,1193,1261,1243,1229,1277,1182,1297,1126,1308,1066,1319,1005,883,899,901,867,937,854,977,855,1013,868,1078,872,1123,860,1171,862,1216,879,1245,915,1040,925,1032,950,1023,974,1014,999,981,1050,998,1056,1018,1060,1043,1059,1067,1057,916,947,939,936,966,935,992,946,965,951,938,952,1107,951,1137,940,1166,945,1192,959,1163,961,1134,958,946,1141,966,1107,991,1090,1010,1095,1030,1093,1066,1115,1105,1155,1064,1177,1027,1181,1005,1181,984,1177,962,1167,959,1137,990,1117,1009,1120,1029,1122,1088,1150,1028,1151,1008,1150,988,1148
3370,h,1,1,831,831,1277,1277,112.33333333333333,878,968,869,1019,865,1074,869,1129,878,1182,897,1226,927,1266,963,1295,1013,1308,1072,1305,1135,1292,1194,1272,1243,1239,1275,1190,1295,1131,1307,1070,1318,1005,886,893,904,863,939,854,977,856,1012,870,1080,873,1123,862,1170,864,1213,878,1243,911,1039,926,1032,950,1023,972,1014,998,982,1051,999,1056,1017,1060,1041,1059,1065,1057,917,948,939,936,966,934,993,946,965,951,938,953,1105,950,1135,940,1164,944,1191,959,1161,961,1132,957,950,1146,968,1107,992,1089,1009,1094,1029,1092,1064,1115,1102,1158,1063,1180,1028,1185,1007,1185,986,1181,966,1170,965,1141,991,1120,1009,1123,1028,1124,1085,1152,1029,1149,1009,1147,990,1145
3371,h,1,1,831,831,1277,1277,112.36666666666666,888,973,883,1025,883,1078,887,1131,895,1183,910,1228,935,1266,968,1293,1018,1307,1076,1306,1138,1294,1194,1274,1241,1241,1272,1192,1292,1132,1305,1070,1317,1006,885,901,903,866,940,853,979,855,1014,870,1079,872,1124,860,1173,863,1218,882,1245,920,1039,923,1032,948,1023,972,1014,999,982,1049,1000,1054,1019,1058,1043,1057,1067,1056,920,945,942,934,968,932,994,944,967,948,941,949,1109,949,1139,939,1168,944,1194,959,1165,961,1136,956,955,1147,970,1108,992,1089,1010,1096,1029,1093,1064,1118,1101,1159,1063,1182,1028,1188,1007,1187,986,1183,967,1173,970,1143,991,1120,1009,1122,1029,1123,1084,1154,1028,1155,1009,1154,990,1151
3372,h,1,1,831,831,1277,1277,112.4,888,977,884,1029,884,1083,888,1135,897,1185,913,1229,940,1266,974,1293,1022,1306,1080,1304,1141,1292,1197,1272,1242,1240,1272,1192,1291,1134,1303,1072,1315,1009,886,897,904,864,938,852,977,854,1012,867,1082,871,1125,861,1172,863,1215,881,1241,916,1040,924,1034,947,1026,969,1017,994,984,1048,1002,1054,1020,1057,1043,1057,1066,1056,920,945,942,934,967,932,993,944,967,948,941,949,1107,948,1135,938,1164,943,1189,958,1160,959,1132,955,955,1145,971,1105,994,1087,1011,1094,1030,1092,1065,1116,1103,1159,1064,1185,1029,1190,1008,1189,988,1185,968,1171,969,1142,993,1117,1011,1120,1029,1122,1086,1154,1029,1157,1010,1155,992,1152
3373,h,1,1,831,831,1277,1277,112.43333333333334,888,977,884,1029,884,1083,888,1135,897,1185,913,1229,940,1266,974,1293,1022,1306,1080,1304,1141,1292,1197,1272,1242,1240,1272,1192,1291,1134,1303,1072,1315,1009,886,897,904,864,938,852,977,854,1012,867,1082,871,1125,861,1172,863,1215,881,1241,916,1040,924,1034,947,1026,969,1017,994,984,1048,1002,1054,1020,1057,1043,1057,1066,1056,920,945,942,934,967,932,993,944,967,948,941,949,1107,948,1135,938,1164,943,1189,958,1160,959,1132,955,955,1145,971,1105,994,1087,1011,1094,1030,1092,1065,1116,1103,1159,1064,1185,1029,1190,1008,1189,988,1185,968,1171,969,1142,993,1117,1011,1120,1029,1122,1086,1154,1029,1157,1010,1155,992,1152
3374,h,1,1,831,831,1277,1277,112.46666666666667,885,979,878,1029,878,1082,882,1135,891,1185,907,1227,934,1264,969,1292,1019,1307,1079,1307,1142,1295,1199,1276,1246,1242,1280,1194,1301,1136,1314,1075,1325,1012,884,901,902,866,939,852,979,853,1014,869,1082,872,1126,860,1175,863,1220,882,1248,920,1042,924,1034,948,1025,971,1015,996,984,1047,1001,1054,1020,1057,1044,1057,1067,1056,920,945,942,933,968,932,995,944,968,949,942,950,1110,949,1140,938,1169,943,1196,959,1166,960,1137,956,957,1143,974,1105,995,1088,1011,1094,1031,1093,1066,1116,1105,1157,1065,1177,1029,1180,1008,1178,989,1174,970,1164,972,1138,994,1117,1012,1120,1030,1122,1086,1151,1029,1147,1010,1145,992,1142
3375,h,1,1,831,831,1277,1277,112.5,888,979,882,1028,880,1080,883,1131,890,1179,907,1219,936,1253,974,1277,1024,1289,1082,1289,1144,1280,1200,1263,1247,1232,1278,1186,1296,1130,1308,1071,1318,1009,885,901,903,867,939,855,979,856,1013,872,1079,873,1122,860,1169,863,1213,880,1242,915,1040,924,1034,947,1026,970,1018,995,983,1049,1002,1054,1020,1057,1044,1057,1067,1056,920,947,942,935,968,933,994,945,967,950,941,951,1107,949,1136,937,1165,942,1191,958,1162,960,1134,956,955,1138,974,1105,996,1089,1013,1095,1031,1093,1065,1115,1106,1150,1064,1165,1030,1164,1010,1163,991,1159,972,1153,969,1134,995,1117,1013,1120,1031,1121,1089,1145,1031,1133,1012,1131,994,1128
3378,h,1,1,858,858,1229,1229,112.6,889,971,884,1021,883,1073,886,1122,892,1168,908,1208,935,1237,970,1256,1016,1265,1072,1265,1129,1257,1180,1238,1221,1208,1250,1165,1268,1113,1282,1060,1296,1002,899,897,918,870,949,861,984,863,1014,877,1078,877,1116,865,1159,867,1198,883,1222,916,1039,926,1032,950,1025,972,1017,997,982,1046,1001,1051,1020,1055,1044,1054,1067,1052,925,946,946,933,971,932,994,948,970,951,944,952,1102,950,1128,935,1155,938,1179,955,1153,957,1127,955,953,1134,973,1102,996,1087,1013,1092,1032,1090,1063,1109,1102,1141,1062,1151,1031,1152,1011,1152,992,1149,971,1144,966,1129,995,1115,1013,1118,1032,1118,1086,1137,1032,1123,1013,1122,994,1120
3379,h,1,1,831,831,1277,1277,112.63333333333334,876,976,872,1029,873,1082,877,1135,885,1185,903,1228,933,1264,971,1289,1025,1300,1086,1297,1146,1283,1202,1262,1246,1228,1274,1179,1289,1121,1300,1062,1311,1000,880,905,898,868,936,855,978,857,1014,872,1075,871,1120,859,1168,861,1211,879,1237,918,1040,923,1034,947,1026,970,1018,995,980,1045,999,1051,1020,1056,1045,1055,1069,1053,918,946,940,935,965,934,991,945,965,950,940,951,1104,948,1132,938,1160,942,1185,958,1157,959,1129,955,954,1138,971,1104,993,1089,1012,1095,1033,1094,1069,1114,1110,1151,1069,1168,1034,1170,1011,1169,990,1165,969,1157,968,1134,993,1116,1012,1119,1033,1121,1093,1146,1034,1142,1013,1140,993,1137
3380,h,1,1,831,831,1277,1277,112.66666666666667,876,978,871,1029,871,1082,874,1135,881,1185,898,1229,927,1265,965,1291,1019,1304,1080,1302,1142,1291,1198,1272,1243,1238,1272,1189,1289,1132,1301,1072,1312,1009,881,905,898,869,934,854,975,855,1011,868,1078,869,1122,860,1169,863,1211,881,1236,917,1038,924,1031,948,1024,970,1016,995,979,1047,998,1052,1018,1056,1043,1056,1067,1054,915,947,938,936,963,934,988,946,962,949,937,950,1105,949,1133,939,1162,944,1186,960,1158,960,1131,956,951,1145,968,1106,991,1088,1011,1094,1033,1092,1069,1113,1106,1155,1069,1174,1033,1178,1009,1178,986,1175,966,1166,966,1141,991,1117,1011,1119,1033,1121,1089,1150,1033,1148,1011,1148,989,1145
3381,h,1,1,831,831,1277,1277,112.7,876,978,871,1029,871,1082,874,1135,881,1185,898,1229,927,1265,965,1291,1019,1304,1080,1302,1142,1291,1198,1272,1243,1238,1272,1189,1289,1132,1301,1072,1312,1009,881,905,898,869,934,854,975,855,1011,868,1078,869,1122,860,1169,863,1211,881,1236,917,1038,924,1031,948,1024,970,1016,995,979,1047,998,1052,1018,1056,1043,1056,1067,1054,915,947,938,936,963,934,988,946,962,949,937,950,1105,949,1133,939,1162,944,1186,960,1158,960,1131,956,951,1145,968,1106,991,1088,1011,1094,1033,1092,1069,1113,1106,1155,1069,1174,1033,1178,1009,1178,986,1175,966,1166,966,1141,991,1117,1011,1119,1033,1121,1089,1150,1033,1148,1011,1148,989,1145
3382,h,1,1,831,831,1277,1277,112.73333333333333,886,979,881,1031,881,1083,883,1135,889,1184,904,1226,932,1262,969,1288,1020,1301,1078,1298,1139,1286,1194,1267,1239,1234,1268,1186,1285,1129,1297,1069,1307,1007,883,906,899,869,934,853,975,854,1010,868,1078,870,1122,860,1168,863,1210,883,1233,921,1039,926,1032,950,1025,973,1016,998,978,1048,998,1054,1018,1058,1043,1057,1068,1055,918,947,939,933,965,933,990,947,964,950,938,951,1103,951,1130,938,1158,942,1182,959,1155,961,1128,957,951,1140,968,1105,990,1089,1009,1094,1030,1093,1065,1114,1104,1153,1064,1171,1029,1174,1006,1172,986,1168,966,1159,965,1136,990,1116,1009,1119,1029,1121,1087,1148,1029,1145,1008,1142,989,1139
3383,h,1,1,831,831,1277,1277,112.76666666666667,884,976,879,1026,878,1078,880,1129,885,1178,899,1220,926,1257,963,1283,1014,1296,1074,1295,1137,1284,1195,1264,1242,1230,1271,1182,1290,1125,1301,1065,1312,1002,882,904,899,870,936,857,976,859,1011,874,1073,875,1117,862,1165,864,1209,881,1236,918,1037,925,1030,949,1022,972,1014,998,977,1048,996,1054,1016,1059,1042,1058,1066,1056,915,947,938,937,963,935,990,946,964,949,937,950,1104,949,1133,939,1161,944,1187,958,1158,959,1130,955,951,1138,969,1105,991,1089,1009,1095,1029,1093,1063,1114,1103,1150,1061,1165,1027,1167,1005,1166,985,1162,966,1155,964,1134,991,1116,1009,1119,1028,1121,1085,1145,1027,1138,1007,1137,989,1134
3384,h,1,1,831,831,1277,1277,112.8,884,976,879,1026,878,1078,880,1129,885,1178,899,1220,926,1257,963,1283,1014,1296,1074,1295,1137,1284,1195,1264,1242,1230,1271,1182,1290,1125,1301,1065,1312,1002,882,904,899,870,936,857,976,859,1011,874,1073,875,1117,862,1165,864,1209,881,1236,918,1037,925,1030,949,1022,972,1014,998,977,1048,996,1054,1016,1059,1042,1058,1066,1056,915,947,938,937,963,935,990,946,964,949,937,950,1104,949,1133,939,1161,944,1187,958,1158,959,1130,955,951,1138,969,1105,991,1089,1009,1095,1029,1093,1063,1114,1103,1150,1061,1165,1027,1167,1005,1166,985,1162,966,1155,964,1134,991,1116,1009,1119,1028,1121,1085,1145,1027,1138,1007,1137,989,1134
3385,h,1,1,831,831,1277,1277,112.83333333333333,878,983,871,1032,869,1084,870,1135,878,1184,894,1224,925,1260,963,1284,1015,1296,1074,1295,1136,1284,1192,1265,1239,1233,1270,1185,1288,1128,1300,1068,1311,1006,882,908,899,871,936,858,976,859,1013,872,1073,873,1118,862,1166,864,1209,881,1235,919,1037,924,1031,948,1024,970,1016,996,977,1047,997,1053,1017,1057,1043,1057,1067,1055,916,949,937,937,962,935,988,946,962,950,937,952,1103,949,1132,938,1159,943,1184,959,1156,959,1129,955,949,1139,967,1104,989,1088,1008,1093,1029,1092,1063,1113,1103,1150,1061,1164,1027,1164,1004,1163,983,1159,964,1153,963,1135,989,1115,1008,1117,1029,1119,1086,1145,1028,1136,1007,1134,986,1132
3386,h,1,1,831,831,1277,1277,112.86666666666666,885,972,878,1022,877,1074,878,1125,884,1176,898,1219,926,1257,963,1286,1015,1299,1075,1298,1138,1285,1195,1265,1243,1231,1275,1183,1294,1126,1305,1066,1317,1005,881,901,898,867,934,855,975,858,1011,873,1076,874,1120,862,1168,864,1212,883,1238,919,1037,923,1030,947,1022,971,1013,997,976,1045,995,1052,1016,1057,1041,1055,1065,1053,916,944,939,933,965,932,991,942,964,946,938,948,1104,947,1134,938,1163,944,1189,958,1159,958,1131,954,952,1137,969,1104,990,1087,1008,1092,1027,1090,1062,1112,1102,1148,1060,1164,1026,1166,1004,1165,985,1162,966,1156,966,1134,989,1116,1008,1118,1026,1119,1085,1143,1026,1136,1007,1135,988,1132
3387,h,1,1,831,831,1277,1277,112.9,887,972,882,1023,880,1075,881,1127,886,1178,900,1220,927,1255,963,1281,1014,1295,1072,1295,1135,1286,1192,1269,1240,1237,1272,1189,1292,1132,1305,1071,1317,1007,881,905,898,869,935,856,976,859,1014,874,1073,875,1119,862,1169,864,1215,881,1243,919,1037,925,1029,948,1021,971,1012,996,977,1046,995,1052,1015,1056,1041,1055,1067,1053,915,947,937,936,964,934,991,946,963,950,937,951,1105,948,1135,938,1164,943,1190,958,1160,959,1132,955,951,1140,968,1105,991,1088,1009,1093,1028,1091,1063,1112,1105,1149,1062,1164,1028,1166,1006,1166,986,1163,966,1156,964,1135,990,1117,1009,1119,1028,1120,1088,1143,1028,1136,1008,1135,989,1133
3388,h,1,1,831,831,1277,1277,112.93333333333334,887,972,882,1023,880,1075,881,1127,886,1178,900,1220,927,1255,963,1281,1014,1295,1072,1295,1135,1286,1192,1269,1240,1237,1272,1189,1292,1132,1305,1071,1317,1007,881,905,898,869,935,856,976,859,1014,874,1073,875,1119,862,1169,864,1215,881,1243,919,1037,925,1029,948,1021,971,1012,996,977,1046,995,1052,1015,1056,1041,1055,1067,1053,915,947,937,936,964,934,991,946,963,950,937,951,1105,948,1135,938,1164,943,1190,958,1160,959,1132,955,951,1140,968,1105,991,1088,1009,1093,1028,1091,1063,1112,1105,1149,1062,1164,1028,1166,1006,1166,986,1163,966,1156,964,1135,990,1117,1009,1119,1028,1120,1088,1143,1028,1136,1008,1135,989,1133
3389,h,1,1,831,831,1277,1277,112.96666666666667,893,962,884,1012,881,1063,882,1115,887,1165,900,1209,927,1245,965,1271,1014,1283,1072,1282,1133,1271,1190,1253,1239,1222,1272,1176,1290,1120,1302,1060,1314,1000,897,889,916,864,948,858,981,862,1011,876,1077,877,1117,865,1163,865,1204,879,1233,910,1038,930,1031,953,1022,974,1013,998,978,1048,996,1053,1015,1057,1040,1057,1065,1055,923,944,944,933,969,932,993,948,967,951,942,951,1105,951,1131,937,1159,941,1184,957,1157,960,1129,957,950,1136,968,1102,991,1086,1008,1091,1026,1089,1061,1111,1102,1147,1059,1164,1024,1167,1005,1166,986,1163,966,1156,964,1133,990,1115,1007,1117,1025,1119,1085,1143,1025,1138,1007,1136,989,1134
3390,h,1,1,831,831,1277,1277,113.0,882,983,878,1033,879,1084,881,1134,887,1183,902,1224,931,1257,970,1280,1021,1291,1079,1291,1140,1281,1196,1263,1241,1232,1270,1185,1289,1130,1301,1071,1312,1009,881,907,898,873,933,858,972,858,1008,871,1075,871,1118,860,1164,864,1206,881,1234,915,1035,923,1028,946,1021,969,1013,994,978,1045,996,1050,1015,1054,1040,1053,1064,1052,915,948,936,936,961,934,987,946,961,949,936,951,1103,949,1130,937,1158,942,1183,958,1155,958,1128,954,950,1138,967,1102,990,1085,1007,1090,1026,1088,1062,1109,1104,1146,1061,1165,1026,1167,1006,1167,986,1164,965,1157,964,1134,990,1114,1008,1116,1026,1117,1088,1142,1026,1137,1007,1137,988,1135
3391,h,1,1,831,831,1277,1277,113.03333333333333,889,970,884,1020,882,1072,882,1123,886,1174,899,1218,927,1254,964,1279,1014,1291,1072,1291,1134,1282,1191,1265,1238,1232,1268,1184,1287,1127,1301,1066,1313,1002,887,896,905,865,939,855,977,856,1011,869,1077,870,1118,859,1165,862,1207,879,1234,914,1036,923,1029,947,1021,970,1012,996,975,1044,994,1050,1015,1054,1041,1053,1065,1051,917,946,938,934,963,933,988,944,963,948,938,949,1103,948,1130,937,1157,942,1182,957,1154,958,1127,954,951,1138,966,1102,989,1084,1008,1090,1028,1087,1062,1109,1101,1147,1061,1164,1027,1168,1005,1168,985,1165,965,1157,964,1134,989,1112,1007,1114,1027,1116,1085,1142,1027,1138,1007,1137,988,1135
3392,h,1,1,831,831,1277,1277,113.06666666666666,889,970,884,1020,882,1072,882,1123,886,1174,899,1218,927,1254,964,1279,1014,1291,1072,1291,1134,1282,1191,1265,1238,1232,1268,1184,1287,1127,1301,1066,1313,1002,887,896,905,865,939,855,977,856,1011,869,1077,870,1118,859,1165,862,1207,879,1234,914,1036,923,1029,947,1021,970,1012,996,975,1044,994,1050,1015,1054,1041,1053,1065,1051,917,946,938,934,963,933,988,944,963,948,938,949,1103,948,1130,937,1157,942,1182,957,1154,958,1127,954,951,1138,966,1102,989,1084,1008,1090,1028,1087,1062,1109,1101,1147,1061,1164,1027,1168,1005,1168,985,1165,965,1157,964,1134,989,1112,1007,1114,1027,1116,1085,1142,1027,1138,1007,1137,988,1135
3393,h,1,1,831,831,1277,1277,113.1,889,976,883,1026,882,1078,884,1128,890,1177,905,1219,933,1255,970,1280,1020,1291,1077,1290,1139,1279,1195,1261,1240,1230,1271,1184,1290,1131,1302,1073,1314,1012,892,901,909,868,944,857,982,861,1016,875,1075,876,1117,863,1165,864,1208,883,1233,921,1039,928,1032,950,1023,971,1013,995,978,1045,997,1051,1017,1055,1042,1054,1066,1052,924,947,945,933,971,932,996,947,970,951,945,951,1105,950,1131,937,1159,941,1183,959,1156,960,1128,956,949,1140,966,1103,989,1087,1008,1091,1028,1089,1063,1111,1104,1148,1063,1167,1028,1171,1007,1171,986,1168,965,1160,963,1136,989,1113,1008,1114,1027,1116,1087,1144,1028,1143,1008,1142,989,1140
3394,h,1,1,831,831,1277,1277,113.13333333333334,893,963,884,1013,880,1066,880,1118,886,1169,901,1214,929,1251,966,1277,1016,1289,1074,1288,1136,1278,1193,1260,1239,1227,1271,1180,1290,1124,1302,1065,1314,1003,895,896,913,867,946,857,983,861,1014,875,1077,876,1118,864,1165,866,1206,884,1231,919,1040,925,1033,947,1025,969,1016,993,979,1043,998,1049,1018,1053,1043,1053,1067,1051,922,943,943,932,968,931,992,944,967,947,943,948,1104,947,1132,936,1159,941,1183,956,1156,957,1129,953,950,1138,969,1101,992,1085,1010,1090,1031,1088,1064,1109,1104,1147,1063,1166,1029,1169,1007,1169,987,1166,966,1158,963,1134,992,1112,1010,1114,1030,1116,1088,1142,1030,1141,1009,1140,990,1138
3395,h,1,1,831,831,1277,1277,113.16666666666667,891,970,885,1019,884,1070,885,1119,890,1168,904,1211,933,1245,968,1270,1018,1284,1076,1285,1137,1277,1195,1261,1242,1229,1273,1181,1291,1125,1304,1065,1315,1003,888,900,906,868,941,857,979,860,1014,875,1075,877,1118,864,1166,866,1210,883,1240,919,1039,924,1032,946,1024,968,1016,992,978,1042,998,1048,1018,1052,1043,1052,1068,1051,916,945,938,933,965,931,993,945,965,948,938,950,1106,948,1137,937,1166,942,1193,957,1163,959,1134,955,949,1134,967,1098,990,1081,1008,1087,1028,1086,1065,1109,1106,1147,1064,1166,1027,1169,1005,1168,984,1163,964,1154,964,1130,990,1111,1008,1114,1028,1116,1089,1142,1027,1138,1007,1136,988,1133
3396,h,1,1,831,831,1277,1277,113.2,891,970,885,1019,884,1070,885,1119,890,1168,904,1211,933,1245,968,1270,1018,1284,1076,1285,1137,1277,1195,1261,1242,1229,1273,1181,1291,1125,1304,1065,1315,1003,888,900,906,868,941,857,979,860,1014,875,1075,877,1118,864,1166,866,1210,883,1240,919,1039,924,1032,946,1024,968,1016,992,978,1042,998,1048,1018,1052,1043,1052,1068,1051,916,945,938,933,965,931,993,945,965,948,938,950,1106,948,1137,937,1166,942,1193,957,1163,959,1134,955,949,1134,967,1098,990,1081,1008,1087,1028,1086,1065,1109,1106,1147,1064,1166,1027,1169,1005,1168,984,1163,964,1154,964,1130,990,1111,1008,1114,1028,1116,1089,1142,1027,1138,1007,1136,988,1133
3397,h,1,1,831,831,1277,1277,113.23333333333333,892,967,886,1017,884,1069,884,1121,889,1170,904,1213,932,1247,967,1274,1016,1287,1073,1286,1135,1275,1192,1258,1239,1226,1270,1180,1290,1125,1302,1066,1314,1005,886,900,905,866,942,856,981,860,1017,875,1075,876,1118,864,1165,866,1208,883,1235,919,1039,922,1032,945,1024,966,1015,991,978,1041,998,1047,1017,1051,1043,1051,1067,1049,920,942,941,931,966,930,992,942,966,945,940,946,1105,946,1134,936,1161,941,1186,956,1158,956,1131,952,951,1132,967,1096,990,1081,1008,1087,1029,1085,1065,1107,1105,1146,1063,1166,1026,1169,1004,1168,983,1163,963,1153,965,1128,989,1108,1008,1111,1028,1113,1088,1141,1028,1138,1007,1136,987,1133
3398,h,1,1,831,831,1277,1277,113.26666666666667,891,973,885,1025,884,1079,887,1131,893,1180,908,1221,936,1256,971,1280,1020,1292,1076,1291,1136,1283,1192,1269,1240,1239,1272,1194,1292,1138,1304,1078,1316,1016,889,901,907,869,942,857,980,859,1014,873,1080,874,1121,862,1168,866,1210,884,1238,918,1039,921,1032,944,1023,966,1013,991,979,1042,997,1047,1017,1052,1042,1051,1067,1050,922,945,943,932,970,930,996,944,969,948,943,950,1105,947,1134,936,1162,940,1188,957,1159,959,1131,954,952,1136,970,1099,993,1081,1010,1087,1028,1085,1064,1108,1107,1148,1064,1167,1028,1170,1008,1170,988,1165,967,1157,965,1131,992,1111,1010,1113,1028,1115,1090,1142,1028,1140,1010,1137,991,1135
3399,h,1,1,831,831,1277,1277,113.3,891,973,885,1025,884,1079,887,1131,893,1180,908,1221,936,1256,971,1280,1020,1292,1076,1291,1136,1283,1192,1269,1240,1239,1272,1194,1292,1138,1304,1078,1316,1016,889,901,907,869,942,857,980,859,1014,873,1080,874,1121,862,1168,866,1210,884,1238,918,1039,921,1032,944,1023,966,1013,991,979,1042,997,1047,1017,1052,1042,1051,1067,1050,922,945,943,932,970,930,996,944,969,948,943,950,1105,947,1134,936,1162,940,1188,957,1159,959,1131,954,952,1136,970,1099,993,1081,1010,1087,1028,1085,1064,1108,1107,1148,1064,1167,1028,1170,1008,1170,988,1165,967,1157,965,1131,992,1111,1010,1113,1028,1115,1090,1142,1028,1140,1010,1137,991,1135
3400,h,1,1,831,831,1277,1277,113.33333333333333,893,971,886,1023,884,1076,886,1127,893,1177,908,1218,936,1252,972,1276,1021,1287,1077,1285,1137,1276,1193,1259,1238,1229,1269,1183,1289,1129,1303,1071,1316,1010,890,898,909,864,946,853,986,857,1020,872,1080,874,1122,860,1169,863,1211,883,1238,919,1042,918,1035,941,1027,964,1019,988,981,1038,1001,1044,1020,1049,1045,1049,1069,1048,922,940,944,928,970,927,995,940,970,944,943,944,1107,945,1136,933,1163,939,1188,956,1160,956,1132,952,955,1131,973,1094,995,1077,1011,1083,1030,1082,1065,1106,1106,1147,1064,1165,1028,1167,1008,1166,989,1162,970,1154,970,1127,994,1105,1011,1108,1029,1110,1089,1141,1029,1136,1010,1134,993,1131
3401,h,1,1,831,831,1277,1277,113.36666666666666,893,968,886,1019,884,1072,886,1122,891,1171,906,1214,934,1248,970,1273,1018,1284,1073,1282,1134,1272,1191,1257,1237,1228,1268,1184,1289,1130,1301,1071,1314,1010,898,892,917,863,951,854,988,858,1020,872,1082,875,1121,861,1166,863,1207,879,1234,912,1044,918,1037,941,1029,963,1020,987,984,1038,1002,1044,1020,1048,1044,1048,1068,1047,928,939,949,927,974,926,997,939,973,942,949,943,1108,943,1135,932,1161,937,1185,952,1158,953,1132,949,956,1132,973,1096,994,1079,1010,1085,1028,1083,1061,1107,1101,1146,1059,1162,1025,1165,1006,1164,988,1160,969,1152,970,1127,993,1107,1010,1110,1027,1112,1084,1141,1026,1133,1009,1131,992,1128
3402,h,1,1,831,831,1277,1277,113.4,890,976,886,1029,885,1082,888,1132,896,1180,913,1220,942,1252,979,1274,1026,1285,1081,1282,1141,1274,1197,1258,1239,1229,1268,1186,1287,1132,1300,1075,1313,1014,889,905,904,868,938,849,977,850,1012,865,1079,867,1121,854,1169,858,1212,881,1237,920,1041,914,1034,937,1026,960,1018,985,984,1036,1002,1041,1020,1045,1044,1045,1066,1045,925,939,945,926,970,925,995,938,970,941,944,942,1105,943,1132,931,1160,936,1184,953,1157,953,1130,949,959,1128,975,1093,996,1076,1011,1083,1028,1081,1063,1106,1103,1146,1062,1161,1027,1163,1008,1161,990,1156,972,1148,973,1123,995,1104,1011,1107,1028,1109,1086,1140,1028,1133,1010,1130,994,1126
3403,h,1,1,831,831,1277,1277,113.43333333333334,890,976,886,1029,885,1082,888,1132,896,1180,913,1220,942,1252,979,1274,1026,1285,1081,1282,1141,1274,1197,1258,1239,1229,1268,1186,1287,1132,1300,1075,1313,1014,889,905,904,868,938,849,977,850,1012,865,1079,867,1121,854,1169,858,1212,881,1237,920,1041,914,1034,937,1026,960,1018,985,984,1036,1002,1041,1020,1045,1044,1045,1066,1045,925,939,945,926,970,925,995,938,970,941,944,942,1105,943,1132,931,1160,936,1184,953,1157,953,1130,949,959,1128,975,1093,996,1076,1011,1083,1028,1081,1063,1106,1103,1146,1062,1161,1027,1163,1008,1161,990,1156,972,1148,973,1123,995,1104,1011,1107,1028,1109,1086,1140,1028,1133,1010,1130,994,1126
3417,h,1,1,831,831,1277,1277,113.9,890,978,886,1028,885,1079,887,1130,894,1178,910,1217,940,1249,976,1270,1025,1283,1083,1282,1145,1273,1203,1257,1249,1226,1278,1180,1298,1126,1311,1068,1323,1008,889,899,907,868,940,855,979,856,1014,869,1086,872,1130,861,1178,863,1222,879,1251,915,1044,924,1037,946,1028,968,1018,992,984,1047,1003,1051,1022,1054,1046,1054,1070,1055,919,947,940,934,967,932,995,945,966,948,940,950,1114,950,1145,938,1174,943,1202,958,1171,960,1142,955,953,1139,972,1101,995,1083,1011,1089,1031,1087,1066,1111,1107,1151,1065,1169,1030,1172,1009,1172,990,1168,968,1159,967,1134,995,1113,1011,1116,1030,1117,1089,1146,1030,1140,1011,1138,993,1136
3418,h,1,1,831,831,1277,1277,113.93333333333334,890,978,886,1028,885,1079,887,1130,894,1178,910,1217,940,1249,976,1270,1025,1283,1083,1282,1145,1273,1203,1257,1249,1226,1278,1180,1298,1126,1311,1068,1323,1008,889,899,907,868,940,855,979,856,1014,869,1086,872,1130,861,1178,863,1222,879,1251,915,1044,924,1037,946,1028,968,1018,992,984,1047,1003,1051,1022,1054,1046,1054,1070,1055,919,947,940,934,967,932,995,945,966,948,940,950,1114,950,1145,938,1174,943,1202,958,1171,960,1142,955,953,1139,972,1101,995,1083,1011,1089,1031,1087,1066,1111,1107,1151,1065,1169,1030,1172,1009,1172,990,1168,968,1159,967,1134,995,1113,1011,1116,1030,1117,1089,1146,1030,1140,1011,1138,993,1136
3419,h,1,1,831,831,1277,1277,113.96666666666667,889,984,883,1034,881,1086,883,1138,891,1187,908,1229,938,1263,974,1287,1024,1299,1082,1298,1143,1289,1201,1272,1245,1241,1275,1196,1295,1142,1308,1083,1319,1022,892,901,909,865,944,851,983,852,1018,867,1086,869,1129,858,1177,863,1220,883,1244,922,1044,923,1037,946,1029,968,1020,992,986,1044,1004,1049,1022,1053,1046,1053,1070,1053,927,947,946,934,972,932,997,945,971,949,946,951,1110,951,1137,939,1165,944,1190,961,1162,961,1135,957,955,1139,972,1100,996,1083,1013,1089,1032,1088,1068,1112,1108,1154,1067,1173,1031,1175,1010,1174,990,1170,969,1160,969,1134,995,1111,1013,1114,1031,1116,1090,1149,1031,1147,1012,1144,994,1140
3420,h,1,1,831,831,1277,1277,114.0,896,967,888,1019,885,1072,887,1125,892,1176,906,1219,934,1255,970,1280,1020,1290,1077,1291,1139,1283,1197,1268,1244,1239,1277,1192,1296,1135,1309,1074,1323,1011,894,894,913,862,948,853,986,855,1020,869,1086,871,1131,861,1179,864,1222,881,1249,917,1046,925,1038,948,1029,970,1019,993,984,1045,1003,1050,1021,1054,1045,1054,1069,1054,925,943,946,931,973,930,998,944,972,949,945,949,1114,950,1142,938,1171,943,1197,959,1168,961,1140,957,951,1137,970,1101,993,1085,1010,1092,1030,1090,1065,1113,1105,1153,1062,1166,1027,1165,1005,1164,986,1159,965,1152,964,1132,992,1114,1010,1117,1030,1119,1088,1147,1028,1135,1008,1133,990,1129
3421,h,1,1,831,831,1277,1277,114.03333333333333,891,971,884,1022,883,1075,885,1128,891,1178,907,1218,935,1250,972,1272,1022,1285,1080,1285,1141,1277,1198,1261,1244,1231,1275,1186,1295,1130,1308,1070,1320,1007,893,888,913,856,948,848,986,852,1019,868,1085,871,1128,860,1176,864,1219,881,1247,915,1046,923,1038,946,1030,968,1021,993,985,1044,1003,1050,1022,1054,1046,1054,1070,1055,927,939,949,928,975,928,999,942,973,946,948,946,1112,950,1139,939,1168,944,1193,959,1165,962,1137,958,954,1134,975,1101,998,1084,1014,1091,1032,1090,1066,1114,1105,1151,1062,1162,1028,1161,1007,1159,990,1154,970,1148,968,1131,997,1115,1013,1118,1031,1121,1088,1146,1029,1130,1011,1127,994,1124
3422,h,1,1,831,831,1277,1277,114.06666666666666,891,971,884,1022,883,1075,885,1128,891,1178,907,1218,935,1250,972,1272,1022,1285,1080,1285,1141,1277,1198,1261,1244,1231,1275,1186,1295,1130,1308,1070,1320,1007,893,888,913,856,948,848,986,852,1019,868,1085,871,1128,860,1176,864,1219,881,1247,915,1046,923,1038,946,1030,968,1021,993,985,1044,1003,1050,1022,1054,1046,1054,1070,1055,927,939,949,928,975,928,999,942,973,946,948,946,1112,950,1139,939,1168,944,1193,959,1165,962,1137,958,954,1134,975,1101,998,1084,1014,1091,1032,1090,1066,1114,1105,1151,1062,1162,1028,1161,1007,1159,990,1154,970,1148,968,1131,997,1115,1013,1118,1031,1121,1088,1146,1029,1130,1011,1127,994,1124
3423,h,1,1,831,831,1277,1277,114.1,891,974,885,1026,884,1079,886,1129,893,1177,909,1217,936,1250,971,1275,1020,1285,1076,1284,1135,1273,1192,1257,1240,1228,1272,1184,1291,1130,1305,1072,1318,1010,888,898,907,865,943,853,982,855,1017,870,1086,874,1129,863,1175,864,1218,882,1245,918,1044,922,1037,945,1029,968,1020,993,984,1044,1003,1049,1022,1052,1046,1052,1069,1052,919,943,942,931,969,930,994,943,967,947,940,949,1109,948,1138,937,1166,942,1192,958,1163,960,1135,955,951,1134,972,1101,995,1084,1012,1089,1031,1087,1065,1110,1106,1147,1062,1161,1028,1162,1008,1161,989,1158,969,1152,965,1130,994,1113,1012,1115,1031,1117,1089,1142,1030,1129,1011,1128,993,1126
3424,h,1,1,831,831,1277,1277,114.13333333333334,893,964,886,1016,884,1069,885,1120,891,1169,905,1210,932,1243,968,1267,1017,1278,1073,1279,1135,1272,1193,1257,1241,1227,1273,1182,1294,1127,1307,1067,1320,1006,891,894,910,863,946,852,985,855,1019,869,1084,872,1128,860,1176,864,1219,883,1246,921,1044,922,1037,946,1029,968,1020,993,984,1043,1003,1048,1021,1051,1046,1052,1070,1052,922,942,944,930,971,930,995,943,969,947,943,947,1110,949,1139,937,1167,942,1193,958,1164,960,1136,956,953,1132,973,1099,995,1084,1012,1090,1031,1088,1065,1111,1105,1148,1062,1161,1027,1161,1007,1159,988,1156,968,1149,967,1128,993,1111,1011,1114,1030,1116,1088,1142,1029,1129,1010,1127,992,1125
3425,h,1,1,831,831,1277,1277,114.16666666666667,893,964,886,1016,883,1069,884,1120,890,1171,906,1215,936,1250,974,1274,1023,1287,1080,1286,1142,1274,1200,1256,1248,1225,1280,1179,1299,1124,1311,1066,1323,1004,889,897,907,864,942,853,980,855,1015,869,1086,872,1130,861,1177,864,1219,881,1246,917,1045,923,1037,946,1028,969,1019,993,985,1045,1003,1051,1021,1054,1045,1054,1068,1053,923,943,944,931,972,931,997,944,970,949,943,949,1110,949,1139,938,1168,943,1193,959,1164,961,1136,957,952,1135,972,1101,995,1084,1012,1090,1030,1088,1066,1111,1108,1148,1065,1165,1030,1166,1009,1165,990,1161,969,1153,966,1131,994,1112,1011,1115,1030,1117,1090,1144,1031,1135,1012,1133,993,1130
3426,h,1,1,831,831,1277,1277,114.2,893,964,886,1016,883,1069,884,1120,890,1171,906,1215,936,1250,974,1274,1023,1287,1080,1286,1142,1274,1200,1256,1248,1225,1280,1179,1299,1124,1311,1066,1323,1004,889,897,907,864,942,853,980,855,1015,869,1086,872,1130,861,1177,864,1219,881,1246,917,1045,923,1037,946,1028,969,1019,993,985,1045,1003,1051,1021,1054,1045,1054,1068,1053,923,943,944,931,972,931,997,944,970,949,943,949,1110,949,1139,938,1168,943,1193,959,1164,961,1136,957,952,1135,972,1101,995,1084,1012,1090,1030,1088,1066,1111,1108,1148,1065,1165,1030,1166,1009,1165,990,1161,969,1153,966,1131,994,1112,1011,1115,1030,1117,1090,1144,1031,1135,1012,1133,993,1130
3427,h,1,1,831,831,1277,1277,114.23333333333333,891,967,885,1019,883,1073,885,1125,891,1175,907,1218,936,1252,974,1275,1024,1287,1082,1285,1142,1276,1200,1260,1246,1229,1277,1183,1296,1129,1310,1071,1322,1010,889,897,909,864,944,853,984,856,1019,870,1087,872,1131,861,1179,863,1222,880,1251,915,1047,922,1039,945,1030,968,1020,992,985,1044,1003,1050,1022,1053,1047,1053,1071,1052,920,944,943,933,970,932,996,944,968,949,941,949,1114,949,1144,939,1173,944,1200,958,1170,960,1141,956,953,1137,973,1102,996,1084,1013,1090,1032,1088,1067,1112,1107,1149,1065,1164,1030,1165,1009,1164,990,1160,969,1155,966,1132,995,1113,1013,1116,1031,1117,1089,1144,1030,1134,1012,1133,994,1130
3428,h,1,1,831,831,1277,1277,114.26666666666667,891,969,886,1022,885,1075,887,1127,893,1176,909,1217,938,1249,976,1272,1027,1284,1083,1283,1143,1275,1200,1259,1245,1229,1276,1183,1295,1128,1307,1068,1320,1006,890,901,908,867,945,854,986,856,1022,871,1083,875,1128,863,1178,866,1223,885,1251,924,1047,921,1039,945,1031,968,1022,993,986,1045,1004,1050,1023,1054,1048,1054,1073,1053,921,943,944,932,971,931,997,944,970,947,943,948,1112,950,1142,939,1171,944,1198,960,1168,961,1139,956,955,1135,975,1102,998,1085,1015,1091,1034,1090,1068,1114,1109,1151,1066,1162,1032,1161,1011,1159,992,1155,972,1150,968,1131,997,1113,1015,1116,1033,1118,1091,1145,1032,1130,1014,1128,995,1125
3429,h,1,1,831,831,1277,1277,114.3,891,969,886,1022,885,1075,887,1127,893,1176,909,1217,938,1249,976,1272,1027,1284,1083,1283,1143,1275,1200,1259,1245,1229,1276,1183,1295,1128,1307,1068,1320,1006,890,901,908,867,945,854,986,856,1022,871,1083,875,1128,863,1178,866,1223,885,1251,924,1047,921,1039,945,1031,968,1022,993,986,1045,1004,1050,1023,1054,1048,1054,1073,1053,921,943,944,932,971,931,997,944,970,947,943,948,1112,950,1142,939,1171,944,1198,960,1168,961,1139,956,955,1135,975,1102,998,1085,1015,1091,1034,1090,1068,1114,1109,1151,1066,1162,1032,1161,1011,1159,992,1155,972,1150,968,1131,997,1113,1015,1116,1033,1118,1091,1145,1032,1130,1014,1128,995,1125
3430,h,1,1,831,831,1277,1277,114.33333333333333,884,963,878,1016,875,1070,878,1122,886,1171,904,1212,935,1244,972,1266,1021,1279,1077,1279,1137,1272,1196,1257,1243,1227,1276,1181,1297,1125,1310,1066,1322,1003,891,893,910,863,946,853,984,856,1018,871,1084,875,1128,861,1177,863,1221,879,1250,914,1047,921,1040,944,1031,967,1023,991,986,1042,1005,1048,1024,1052,1049,1052,1072,1051,920,943,943,933,970,932,997,944,969,948,942,949,1113,949,1144,939,1173,943,1199,958,1170,960,1140,956,955,1133,976,1100,998,1084,1015,1090,1033,1088,1067,1110,1109,1146,1066,1161,1031,1161,1011,1159,992,1156,972,1150,969,1129,997,1111,1014,1114,1033,1116,1092,1141,1032,1129,1014,1127,996,1125
3431,h,1,1,831,831,1277,1277,114.36666666666666,889,958,884,1011,884,1065,885,1117,891,1168,908,1210,938,1242,976,1266,1025,1277,1081,1276,1143,1266,1200,1250,1248,1220,1280,1176,1298,1120,1312,1061,1325,999,889,897,908,865,944,854,984,857,1019,872,1085,874,1129,862,1177,864,1220,879,1249,913,1045,921,1039,944,1031,967,1023,992,987,1043,1005,1049,1024,1052,1048,1052,1072,1051,922,942,944,932,971,931,996,943,969,948,942,949,1112,948,1141,936,1170,941,1195,956,1167,959,1138,955,956,1134,976,1102,998,1085,1014,1091,1032,1089,1065,1111,1106,1145,1063,1159,1030,1160,1011,1159,993,1156,973,1149,969,1129,997,1112,1014,1115,1032,1116,1089,1141,1031,1128,1014,1127,996,1125
3432,h,1,1,831,831,1277,1277,114.4,882,956,877,1010,875,1064,876,1119,885,1169,902,1212,933,1247,972,1274,1024,1285,1082,1283,1143,1270,1200,1251,1247,1220,1279,1174,1298,1118,1311,1057,1322,995,891,889,911,862,945,853,982,856,1016,868,1090,872,1132,861,1178,863,1219,878,1247,910,1046,924,1040,947,1032,970,1023,994,988,1044,1006,1050,1025,1054,1048,1053,1071,1052,922,943,946,932,972,931,997,944,971,949,944,950,1110,950,1140,937,1169,941,1194,956,1166,960,1137,956,953,1136,974,1101,998,1085,1015,1091,1034,1089,1067,1112,1107,1147,1064,1161,1030,1161,1010,1160,990,1157,970,1151,967,1131,997,1115,1014,1118,1033,1120,1089,1142,1031,1129,1013,1127,994,1126
3433,h,1,1,831,831,1277,1277,114.43333333333334,882,956,877,1010,875,1064,876,1119,885,1169,902,1212,933,1247,972,1274,1024,1285,1082,1283,1143,1270,1200,1251,1247,1220,1279,1174,1298,1118,1311,1057,1322,995,891,889,911,862,945,853,982,856,1016,868,1090,872,1132,861,1178,863,1219,878,1247,910,1046,924,1040,947,1032,970,1023,994,988,1044,1006,1050,1025,1054,1048,1053,1071,1052,922,943,946,932,972,931,997,944,971,949,944,950,1110,950,1140,937,1169,941,1194,956,1166,960,1137,956,953,1136,974,1101,998,1085,1015,1091,1034,1089,1067,1112,1107,1147,1064,1161,1030,1161,1010,1160,990,1157,970,1151,967,1131,997,1115,1014,1118,1033,1120,1089,1142,1031,1129,1013,1127,994,1126
3434,h,1,1,831,831,1277,1277,114.46666666666667,890,973,884,1026,883,1079,885,1130,891,1181,907,1222,935,1254,972,1277,1023,1289,1080,1288,1142,1280,1202,1265,1249,1235,1281,1189,1301,1133,1315,1074,1326,1013,889,900,907,867,944,854,984,858,1020,873,1085,877,1131,866,1181,867,1226,884,1257,920,1046,924,1038,945,1029,966,1019,990,986,1044,1004,1050,1023,1054,1047,1053,1071,1052,922,945,944,934,972,933,998,946,970,950,943,950,1115,952,1145,941,1174,947,1201,962,1171,964,1141,959,957,1142,977,1106,999,1087,1015,1092,1033,1090,1068,1114,1110,1152,1067,1162,1032,1163,1012,1162,994,1159,975,1156,970,1137,998,1116,1014,1118,1033,1120,1093,1147,1033,1131,1014,1129,997,1128
3435,h,1,1,831,831,1277,1277,114.5,888,968,881,1021,879,1075,881,1127,888,1176,905,1217,938,1248,976,1271,1027,1282,1084,1282,1144,1274,1201,1258,1246,1227,1276,1181,1295,1126,1308,1068,1321,1007,890,892,908,861,944,850,982,853,1015,869,1088,873,1131,862,1179,864,1222,881,1251,916,1047,923,1040,947,1031,969,1023,993,988,1047,1006,1051,1024,1054,1047,1054,1070,1055,923,942,946,933,973,932,998,944,971,947,945,947,1113,951,1143,942,1171,947,1197,962,1168,962,1140,958,960,1136,977,1102,998,1086,1015,1091,1035,1090,1070,1114,1110,1151,1069,1162,1034,1162,1012,1161,993,1157,974,1151,973,1132,997,1114,1015,1117,1035,1119,1093,1145,1034,1132,1015,1130,997,1127
3436,h,1,1,831,831,1277,1277,114.53333333333333,895,961,887,1014,884,1069,886,1123,892,1174,909,1218,936,1254,971,1280,1020,1291,1076,1290,1136,1279,1193,1262,1242,1230,1274,1185,1294,1130,1306,1069,1318,1007,906,894,924,866,956,859,991,862,1022,876,1087,878,1126,864,1171,865,1212,881,1239,915,1046,927,1038,949,1029,971,1019,995,987,1048,1004,1054,1022,1058,1046,1057,1070,1056,932,950,953,940,977,939,1002,950,976,955,952,955,1112,954,1140,945,1166,950,1190,963,1163,965,1136,962,955,1139,974,1105,997,1089,1014,1095,1033,1092,1067,1113,1106,1150,1065,1169,1031,1171,1011,1170,991,1166,971,1158,969,1136,996,1117,1014,1119,1033,1121,1090,1146,1033,1140,1013,1138,995,1135
3437,h,1,1,831,831,1277,1277,114.56666666666666,895,961,887,1014,884,1069,886,1123,892,1174,909,1218,936,1254,971,1280,1020,1291,1076,1290,1136,1279,1193,1262,1242,1230,1274,1185,1294,1130,1306,1069,1318,1007,906,894,924,866,956,859,991,862,1022,876,1087,878,1126,864,1171,865,1212,881,1239,915,1046,927,1038,949,1029,971,1019,995,987,1048,1004,1054,1022,1058,1046,1057,1070,1056,932,950,953,940,977,939,1002,950,976,955,952,955,1112,954,1140,945,1166,950,1190,963,1163,965,1136,962,955,1139,974,1105,997,1089,1014,1095,1033,1092,1067,1113,1106,1150,1065,1169,1031,1171,1011,1170,991,1166,971,1158,969,1136,996,1117,1014,1119,1033,1121,1090,1146,1033,1140,1013,1138,995,1135
3438,h,1,1,831,831,1277,1277,114.6,886,963,881,1016,881,1071,884,1125,891,1177,908,1220,937,1255,974,1279,1026,1289,1085,1288,1146,1277,1203,1260,1250,1228,1281,1181,1299,1124,1312,1063,1323,1001,889,895,910,864,946,854,986,856,1022,871,1085,874,1128,862,1175,865,1218,881,1246,916,1046,924,1039,947,1030,970,1022,994,987,1048,1005,1052,1023,1055,1048,1055,1072,1055,922,945,945,936,971,936,998,946,970,951,943,952,1111,952,1141,944,1169,948,1195,961,1166,964,1138,960,954,1138,974,1104,997,1088,1014,1094,1035,1092,1069,1114,1110,1149,1067,1165,1033,1165,1011,1164,992,1161,971,1155,968,1135,996,1115,1014,1118,1034,1119,1093,1145,1034,1136,1014,1135,995,1132
3439,h,1,1,831,831,1277,1277,114.63333333333334,884,968,878,1021,877,1075,879,1129,887,1180,905,1222,936,1256,974,1279,1025,1289,1082,1287,1141,1274,1196,1256,1244,1225,1275,1180,1295,1124,1307,1066,1319,1005,886,903,906,868,943,855,985,858,1021,874,1085,875,1129,863,1177,866,1220,885,1245,923,1046,926,1040,948,1032,970,1024,994,986,1047,1005,1051,1025,1055,1050,1054,1073,1054,922,945,945,936,971,936,995,946,970,951,944,951,1112,952,1141,942,1169,947,1193,961,1166,963,1138,959,956,1138,976,1105,998,1088,1016,1094,1036,1092,1069,1114,1109,1149,1067,1164,1034,1165,1012,1165,992,1161,972,1155,970,1134,998,1117,1016,1120,1035,1121,1092,1144,1035,1134,1015,1133,996,1131
3440,h,1,1,831,831,1277,1277,114.66666666666667,890,967,885,1018,884,1071,885,1122,890,1173,905,1217,935,1251,973,1275,1024,1286,1082,1284,1142,1272,1200,1253,1246,1222,1277,1176,1296,1122,1308,1063,1320,1002,887,902,905,867,942,855,983,857,1019,872,1083,876,1126,863,1174,865,1217,883,1244,920,1046,924,1039,947,1032,969,1024,993,985,1046,1005,1051,1024,1054,1048,1054,1072,1053,922,944,944,935,970,934,995,945,969,949,943,950,1112,950,1141,940,1168,946,1193,960,1165,961,1137,957,955,1137,975,1104,998,1088,1014,1094,1033,1092,1067,1113,1107,1148,1065,1163,1031,1166,1011,1165,992,1161,972,1155,969,1133,997,1116,1014,1118,1032,1119,1090,1143,1032,1137,1013,1136,995,1134
3441,h,1,1,831,831,1277,1277,114.7,890,967,885,1018,884,1071,885,1122,890,1173,905,1217,935,1251,973,1275,1024,1286,1082,1284,1142,1272,1200,1253,1246,1222,1277,1176,1296,1122,1308,1063,1320,1002,887,902,905,867,942,855,983,857,1019,872,1083,876,1126,863,1174,865,1217,883,1244,920,1046,924,1039,947,1032,969,1024,993,985,1046,1005,1051,1024,1054,1048,1054,1072,1053,922,944,944,935,970,934,995,945,969,949,943,950,1112,950,1141,940,1168,946,1193,960,1165,961,1137,957,955,1137,975,1104,998,1088,1014,1094,1033,1092,1067,1113,1107,1148,1065,1163,1031,1166,1011,1165,992,1161,972,1155,969,1133,997,1116,1014,1118,1032,1119,1090,1143,1032,1137,1013,1136,995,1134
3442,h,1,1,831,831,1277,1277,114.73333333333333,886,972,880,1025,879,1079,881,1131,888,1182,905,1225,935,1260,972,1285,1025,1295,1083,1292,1144,1279,1200,1260,1246,1228,1275,1181,1294,1126,1307,1067,1318,1004,888,901,906,865,944,851,985,852,1021,868,1087,873,1130,861,1178,863,1221,881,1246,917,1047,925,1041,947,1033,969,1025,993,985,1047,1006,1052,1026,1055,1051,1055,1075,1054,921,946,945,936,971,934,997,946,970,950,944,951,1112,951,1143,941,1171,946,1196,960,1168,962,1139,958,956,1140,975,1105,998,1088,1016,1094,1037,1092,1072,1114,1111,1149,1070,1167,1036,1172,1013,1172,992,1167,971,1159,971,1136,997,1116,1017,1119,1037,1120,1094,1145,1037,1143,1015,1142,995,1140
3443,h,1,1,831,831,1277,1277,114.76666666666667,885,965,878,1017,875,1071,877,1125,884,1178,900,1223,929,1262,967,1289,1019,1300,1078,1298,1139,1284,1197,1264,1244,1230,1276,1181,1295,1124,1308,1064,1321,1002,890,891,909,861,944,851,983,853,1016,866,1089,868,1133,859,1178,861,1220,877,1244,911,1046,926,1039,949,1031,971,1022,995,985,1048,1004,1052,1024,1055,1049,1055,1074,1054,922,944,945,935,971,934,995,945,970,949,943,949,1112,949,1141,940,1169,945,1193,958,1166,960,1138,956,957,1144,972,1107,996,1090,1015,1095,1036,1093,1071,1115,1111,1152,1071,1176,1036,1183,1012,1183,991,1180,969,1170,970,1141,996,1120,1015,1122,1036,1123,1094,1148,1036,1151,1015,1150,995,1148
3444,h,1,1,831,831,1277,1277,114.8,885,965,878,1017,875,1071,877,1125,884,1178,900,1223,929,1262,967,1289,1019,1300,1078,1298,1139,1284,1197,1264,1244,1230,1276,1181,1295,1124,1308,1064,1321,1002,890,891,909,861,944,851,983,853,1016,866,1089,868,1133,859,1178,861,1220,877,1244,911,1046,926,1039,949,1031,971,1022,995,985,1048,1004,1052,1024,1055,1049,1055,1074,1054,922,944,945,935,971,934,995,945,970,949,943,949,1112,949,1141,940,1169,945,1193,958,1166,960,1138,956,957,1144,972,1107,996,1090,1015,1095,1036,1093,1071,1115,1111,1152,1071,1176,1036,1183,1012,1183,991,1180,969,1170,970,1141,996,1120,1015,1122,1036,1123,1094,1148,1036,1151,1015,1150,995,1148
3445,h,1,1,831,831,1277,1277,114.83333333333333,888,966,884,1019,885,1073,887,1125,893,1177,908,1223,938,1260,977,1286,1030,1298,1090,1295,1149,1282,1205,1262,1250,1228,1279,1178,1296,1120,1309,1060,1321,996,888,895,906,864,941,850,980,851,1015,863,1087,867,1132,858,1179,861,1222,879,1248,913,1047,924,1040,947,1033,969,1025,994,987,1047,1007,1052,1027,1055,1051,1054,1076,1053,922,943,945,935,971,934,997,944,971,949,944,950,1112,949,1142,940,1171,945,1197,957,1168,961,1139,957,956,1144,974,1108,998,1091,1017,1097,1039,1095,1075,1116,1115,1153,1075,1178,1038,1184,1014,1184,993,1180,971,1170,970,1141,998,1119,1017,1122,1038,1122,1097,1149,1039,1153,1017,1152,997,1149
3446,h,1,1,831,831,1277,1277,114.86666666666666,891,968,883,1018,882,1071,884,1122,890,1173,904,1218,933,1255,970,1281,1023,1295,1084,1294,1146,1284,1203,1265,1248,1231,1279,1182,1298,1125,1311,1066,1324,1004,892,891,912,860,948,850,987,853,1022,870,1087,874,1130,862,1177,863,1219,878,1247,911,1046,924,1039,947,1031,969,1022,993,987,1048,1005,1053,1024,1056,1049,1056,1074,1054,922,946,945,935,971,934,997,945,970,949,944,950,1113,949,1143,941,1171,946,1197,958,1168,960,1140,956,956,1143,975,1109,998,1093,1017,1099,1038,1097,1076,1117,1117,1152,1075,1175,1038,1180,1014,1180,993,1176,971,1167,970,1140,998,1121,1016,1123,1038,1124,1101,1149,1038,1150,1016,1150,997,1147
3447,h,1,1,831,831,1277,1277,114.9,890,968,883,1018,882,1071,885,1123,890,1176,904,1222,931,1262,969,1289,1022,1302,1083,1300,1146,1287,1204,1266,1248,1230,1278,1180,1296,1124,1310,1064,1322,1003,891,892,910,861,946,852,986,855,1022,870,1089,874,1133,863,1181,864,1224,879,1250,914,1049,927,1041,949,1033,971,1024,996,986,1047,1005,1054,1026,1058,1051,1057,1075,1055,923,943,946,933,972,932,999,944,971,948,945,949,1115,949,1144,940,1173,945,1199,958,1170,961,1142,956,954,1141,974,1108,999,1092,1018,1098,1039,1097,1077,1117,1117,1152,1075,1175,1038,1180,1014,1180,992,1176,970,1167,968,1139,998,1120,1017,1122,1038,1124,1100,1149,1038,1151,1016,1151,996,1148
3448,h,1,1,831,831,1277,1277,114.93333333333334,890,968,883,1018,882,1071,885,1123,890,1176,904,1222,931,1262,969,1289,1022,1302,1083,1300,1146,1287,1204,1266,1248,1230,1278,1180,1296,1124,1310,1064,1322,1003,891,892,910,861,946,852,986,855,1022,870,1089,874,1133,863,1181,864,1224,879,1250,914,1049,927,1041,949,1033,971,1024,996,986,1047,1005,1054,1026,1058,1051,1057,1075,1055,923,943,946,933,972,932,999,944,971,948,945,949,1115,949,1144,940,1173,945,1199,958,1170,961,1142,956,954,1141,974,1108,999,1092,1018,1098,1039,1097,1077,1117,1117,1152,1075,1175,1038,1180,1014,1180,992,1176,970,1167,968,1139,998,1120,1017,1122,1038,1124,1100,1149,1038,1151,1016,1151,996,1148
3449,h,1,1,831,831,1277,1277,114.96666666666667,889,977,883,1028,882,1082,885,1135,893,1187,910,1231,938,1269,974,1295,1025,1307,1084,1304,1145,1294,1202,1273,1246,1238,1275,1188,1294,1131,1307,1073,1320,1010,890,900,908,866,945,852,986,854,1022,871,1084,873,1129,860,1179,862,1224,881,1250,919,1046,923,1039,947,1031,970,1022,997,983,1050,1003,1056,1024,1060,1050,1059,1075,1057,921,945,943,936,970,934,997,944,970,947,943,949,1113,949,1145,941,1173,947,1198,960,1169,960,1141,955,953,1146,972,1111,997,1094,1016,1099,1037,1097,1076,1118,1118,1154,1076,1179,1038,1186,1014,1187,992,1183,969,1173,968,1143,996,1122,1016,1124,1037,1125,1101,1150,1038,1156,1016,1156,996,1154
3450,h,1,1,831,831,1277,1277,115.0,881,975,874,1027,871,1081,874,1136,881,1189,898,1236,927,1275,965,1305,1017,1318,1076,1316,1138,1302,1196,1281,1243,1247,1275,1197,1295,1138,1310,1077,1322,1014,888,897,908,865,945,854,985,858,1020,874,1087,878,1130,865,1178,867,1222,884,1248,920,1046,929,1039,952,1030,975,1021,999,986,1053,1004,1058,1023,1062,1048,1062,1072,1060,923,947,946,936,973,935,998,948,971,952,945,952,1112,953,1142,942,1170,947,1195,963,1166,964,1138,959,957,1153,972,1115,997,1097,1016,1103,1037,1101,1074,1123,1113,1163,1073,1190,1036,1198,1013,1198,992,1194,970,1182,971,1150,996,1126,1015,1128,1036,1130,1097,1159,1037,1168,1015,1167,995,1164
3451,h,1,1,831,831,1277,1277,115.03333333333333,882,975,876,1026,874,1080,878,1133,887,1186,903,1231,931,1269,967,1298,1019,1311,1079,1309,1141,1296,1197,1275,1242,1241,1273,1192,1292,1135,1305,1076,1317,1014,889,899,909,865,947,854,987,856,1023,872,1087,876,1130,864,1177,867,1220,884,1245,921,1048,927,1042,951,1034,974,1026,999,988,1053,1007,1058,1026,1062,1051,1062,1075,1060,922,947,946,937,972,936,998,948,971,953,944,953,1114,954,1144,945,1172,949,1197,965,1169,966,1141,962,957,1152,974,1115,998,1098,1018,1104,1040,1102,1077,1124,1116,1163,1076,1187,1039,1194,1015,1194,993,1189,971,1178,971,1148,998,1126,1018,1128,1039,1129,1099,1159,1040,1164,1018,1163,997,1160
3452,h,1,1,831,831,1277,1277,115.06666666666666,882,975,876,1026,874,1080,878,1133,887,1186,903,1231,931,1269,967,1298,1019,1311,1079,1309,1141,1296,1197,1275,1242,1241,1273,1192,1292,1135,1305,1076,1317,1014,889,899,909,865,947,854,987,856,1023,872,1087,876,1130,864,1177,867,1220,884,1245,921,1048,927,1042,951,1034,974,1026,999,988,1053,1007,1058,1026,1062,1051,1062,1075,1060,922,947,946,937,972,936,998,948,971,953,944,953,1114,954,1144,945,1172,949,1197,965,1169,966,1141,962,957,1152,974,1115,998,1098,1018,1104,1040,1102,1077,1124,1116,1163,1076,1187,1039,1194,1015,1194,993,1189,971,1178,971,1148,998,1126,1018,1128,1039,1129,1099,1159,1040,1164,1018,1163,997,1160
3453,h,1,1,831,831,1277,1277,115.1,875,984,869,1037,869,1091,873,1143,884,1193,902,1233,933,1267,969,1292,1020,1306,1078,1305,1141,1294,1199,1275,1246,1243,1277,1194,1296,1136,1307,1075,1317,1011,887,905,904,872,940,857,979,858,1014,872,1087,876,1130,864,1177,867,1219,885,1245,922,1044,928,1038,953,1030,977,1023,1004,988,1053,1006,1059,1025,1064,1049,1062,1072,1061,920,953,942,941,968,939,994,951,967,957,941,958,1110,956,1139,945,1168,950,1193,965,1164,967,1136,963,959,1150,978,1114,999,1098,1017,1104,1036,1101,1070,1123,1108,1160,1068,1177,1034,1179,1013,1178,993,1175,975,1168,972,1145,998,1125,1016,1127,1036,1129,1091,1155,1035,1148,1016,1147,997,1145
3454,h,1,1,858,858,1229,1229,115.13333333333334,893,980,887,1029,887,1078,889,1125,894,1171,908,1212,936,1242,970,1263,1017,1274,1073,1274,1127,1263,1176,1243,1216,1212,1244,1167,1262,1117,1278,1064,1292,1007,897,900,919,873,953,865,990,868,1022,881,1085,884,1125,872,1168,872,1208,887,1232,921,1049,934,1043,958,1035,982,1028,1007,991,1054,1009,1060,1028,1064,1052,1064,1075,1063,925,951,948,939,975,939,1000,954,974,959,946,959,1110,958,1138,944,1167,948,1190,964,1165,969,1136,966,959,1141,979,1111,1003,1097,1020,1103,1039,1102,1070,1122,1105,1154,1067,1168,1035,1171,1015,1169,996,1165,975,1157,972,1137,1002,1125,1019,1128,1038,1130,1088,1150,1037,1138,1018,1136,1001,1134
3455,h,1,1,831,831,1277,1277,115.16666666666667,891,967,887,1017,886,1070,887,1122,894,1174,910,1218,939,1255,975,1282,1026,1295,1084,1294,1144,1283,1200,1264,1246,1231,1276,1184,1296,1129,1309,1071,1321,1009,890,899,910,870,947,860,986,864,1021,878,1088,881,1133,870,1181,872,1224,886,1255,920,1047,931,1040,956,1032,981,1024,1007,988,1055,1006,1062,1026,1067,1051,1065,1075,1063,923,951,945,942,972,941,998,951,971,957,944,958,1115,957,1145,949,1174,954,1201,967,1172,970,1142,966,962,1149,979,1113,1001,1098,1019,1104,1039,1101,1073,1122,1109,1163,1071,1179,1037,1181,1015,1180,995,1177,976,1170,976,1145,1000,1123,1019,1126,1038,1127,1092,1158,1038,1151,1017,1150,999,1147
3456,h,1,1,831,831,1277,1277,115.2,891,967,887,1017,886,1070,887,1122,894,1174,910,1218,939,1255,975,1282,1026,1295,1084,1294,1144,1283,1200,1264,1246,1231,1276,1184,1296,1129,1309,1071,1321,1009,890,899,910,870,947,860,986,864,1021,878,1088,881,1133,870,1181,872,1224,886,1255,920,1047,931,1040,956,1032,981,1024,1007,988,1055,1006,1062,1026,1067,1051,1065,1075,1063,923,951,945,942,972,941,998,951,971,957,944,958,1115,957,1145,949,1174,954,1201,967,1172,970,1142,966,962,1149,979,1113,1001,1098,1019,1104,1039,1101,1073,1122,1109,1163,1071,1179,1037,1181,1015,1180,995,1177,976,1170,976,1145,1000,1123,1019,1126,1038,1127,1092,1158,1038,1151,1017,1150,999,1147
3457,h,1,1,831,831,1277,1277,115.23333333333333,890,986,887,1038,887,1090,891,1140,899,1190,916,1233,945,1269,980,1296,1030,1307,1087,1305,1147,1293,1202,1273,1246,1240,1275,1194,1294,1138,1306,1080,1318,1018,889,909,906,873,943,859,984,860,1018,876,1085,878,1130,867,1179,871,1222,890,1248,927,1048,929,1041,954,1034,979,1026,1007,989,1056,1008,1062,1027,1067,1052,1065,1075,1064,926,949,949,939,975,938,1000,949,974,954,948,955,1113,956,1141,948,1169,953,1194,968,1166,970,1139,965,967,1149,982,1112,1002,1097,1018,1103,1039,1101,1073,1124,1110,1167,1071,1180,1037,1180,1014,1179,996,1174,979,1167,981,1146,1001,1124,1018,1128,1038,1129,1093,1161,1038,1151,1017,1149,999,1145
3458,h,1,1,831,831,1277,1277,115.26666666666667,886,989,881,1040,882,1092,887,1142,897,1191,916,1232,945,1264,980,1286,1030,1297,1087,1296,1145,1287,1200,1270,1244,1239,1275,1194,1295,1138,1307,1080,1317,1018,889,902,909,870,945,858,985,859,1019,873,1085,876,1128,864,1176,868,1219,886,1246,923,1046,930,1041,956,1034,980,1027,1007,990,1056,1008,1062,1028,1066,1052,1065,1075,1063,923,950,946,940,973,939,999,950,972,956,945,956,1113,957,1142,947,1170,952,1194,968,1167,970,1139,966,967,1151,981,1113,1002,1096,1019,1103,1040,1101,1074,1124,1110,1165,1072,1179,1038,1180,1015,1179,995,1174,978,1168,980,1147,1001,1125,1019,1128,1039,1130,1093,1159,1039,1150,1018,1148,999,1144
3459,h,1,1,831,831,1277,1277,115.3,886,989,881,1040,882,1092,887,1142,897,1191,916,1232,945,1264,980,1286,1030,1297,1087,1296,1145,1287,1200,1270,1244,1239,1275,1194,1295,1138,1307,1080,1317,1018,889,902,909,870,945,858,985,859,1019,873,1085,876,1128,864,1176,868,1219,886,1246,923,1046,930,1041,956,1034,980,1027,1007,990,1056,1008,1062,1028,1066,1052,1065,1075,1063,923,950,946,940,973,939,999,950,972,956,945,956,1113,957,1142,947,1170,952,1194,968,1167,970,1139,966,967,1151,981,1113,1002,1096,1019,1103,1040,1101,1074,1124,1110,1165,1072,1179,1038,1180,1015,1179,995,1174,978,1168,980,1147,1001,1125,1019,1128,1039,1130,1093,1159,1039,1150,1018,1148,999,1144
3460,h,1,1,831,831,1277,1277,115.33333333333333,886,973,882,1025,883,1079,887,1131,895,1181,913,1225,943,1261,978,1287,1028,1299,1085,1296,1145,1284,1200,1265,1245,1233,1276,1186,1295,1130,1307,1071,1320,1009,890,899,910,867,946,856,986,857,1020,873,1085,876,1130,866,1178,870,1221,888,1248,925,1046,931,1039,956,1032,980,1024,1006,988,1056,1006,1061,1025,1066,1049,1065,1073,1064,923,948,946,937,974,936,999,949,971,955,944,955,1112,956,1141,946,1170,951,1195,966,1167,971,1138,966,964,1151,978,1112,999,1096,1017,1103,1037,1101,1070,1123,1106,1165,1069,1181,1035,1183,1014,1181,994,1177,976,1168,978,1147,998,1123,1016,1126,1036,1127,1089,1159,1037,1153,1017,1151,998,1147
3464,h,1,1,831,831,1277,1277,115.46666666666667,887,971,880,1021,880,1074,883,1127,892,1178,910,1222,940,1259,977,1285,1027,1299,1085,1297,1148,1285,1203,1265,1247,1230,1277,1181,1296,1124,1308,1063,1319,1000,891,895,911,864,948,855,987,859,1022,875,1084,877,1127,863,1176,865,1220,881,1248,917,1047,927,1041,951,1033,974,1024,999,989,1052,1007,1058,1026,1062,1050,1062,1074,1060,924,946,946,935,973,934,999,946,972,951,945,952,1113,951,1143,942,1172,947,1197,962,1168,964,1139,960,960,1143,978,1109,1000,1092,1017,1098,1036,1097,1072,1119,1111,1157,1072,1177,1037,1181,1016,1179,996,1175,976,1164,974,1140,1000,1121,1017,1124,1036,1126,1094,1152,1037,1148,1018,1146,1000,1142
3465,h,1,1,831,831,1277,1277,115.5,893,968,887,1018,886,1071,888,1122,894,1175,909,1219,936,1258,971,1287,1023,1302,1084,1300,1148,1288,1207,1267,1254,1233,1286,1182,1305,1124,1318,1063,1331,999,893,891,912,862,946,852,983,855,1015,870,1090,874,1133,863,1181,865,1225,881,1254,914,1047,925,1040,949,1031,972,1022,998,988,1048,1006,1055,1025,1059,1049,1058,1073,1057,924,942,947,933,974,932,1000,944,973,949,946,949,1116,950,1146,940,1176,946,1203,960,1172,963,1142,958,958,1145,976,1109,999,1093,1016,1098,1037,1097,1073,1119,1113,1158,1073,1183,1036,1188,1014,1188,994,1183,973,1172,973,1142,998,1121,1016,1124,1036,1125,1095,1154,1037,1155,1016,1153,997,1150
3466,h,1,1,831,831,1277,1277,115.53333333333333,881,976,875,1028,874,1082,878,1134,887,1187,902,1231,932,1269,971,1297,1025,1310,1086,1307,1150,1294,1207,1273,1252,1237,1281,1187,1300,1129,1313,1069,1326,1006,890,900,907,867,942,853,981,853,1016,868,1090,871,1134,860,1182,863,1224,879,1252,911,1048,923,1040,947,1032,970,1024,996,988,1048,1007,1054,1026,1057,1051,1056,1075,1055,922,948,943,936,969,934,997,945,969,950,943,951,1116,949,1146,940,1174,945,1201,960,1171,961,1143,957,958,1150,975,1111,998,1092,1017,1097,1038,1095,1074,1117,1113,1159,1074,1185,1038,1191,1015,1191,994,1187,972,1177,972,1147,998,1120,1017,1122,1038,1123,1095,1154,1039,1158,1017,1157,997,1155
3467,h,1,1,831,831,1277,1277,115.56666666666666,881,976,875,1028,874,1082,878,1134,887,1187,902,1231,932,1269,971,1297,1025,1310,1086,1307,1150,1294,1207,1273,1252,1237,1281,1187,1300,1129,1313,1069,1326,1006,890,900,907,867,942,853,981,853,1016,868,1090,871,1134,860,1182,863,1224,879,1252,911,1048,923,1040,947,1032,970,1024,996,988,1048,1007,1054,1026,1057,1051,1056,1075,1055,922,948,943,936,969,934,997,945,969,950,943,951,1116,949,1146,940,1174,945,1201,960,1171,961,1143,957,958,1150,975,1111,998,1092,1017,1097,1038,1095,1074,1117,1113,1159,1074,1185,1038,1191,1015,1191,994,1187,972,1177,972,1147,998,1120,1017,1122,1038,1123,1095,1154,1039,1158,1017,1157,997,1155
3468,h,1,1,831,831,1277,1277,115.6,886,983,880,1033,878,1086,882,1137,891,1189,907,1233,936,1271,974,1297,1026,1309,1085,1306,1147,1294,1204,1273,1249,1240,1278,1191,1297,1135,1310,1075,1323,1013,890,905,906,870,941,854,980,854,1015,869,1089,873,1133,860,1181,863,1224,883,1248,920,1047,925,1039,949,1032,971,1023,996,988,1049,1007,1054,1027,1057,1052,1056,1075,1056,924,948,945,935,971,933,997,946,970,949,945,951,1114,949,1143,938,1171,943,1196,959,1168,959,1140,955,958,1148,976,1110,999,1092,1018,1097,1039,1095,1075,1117,1115,1155,1075,1180,1040,1187,1017,1187,995,1183,973,1173,972,1144,999,1121,1018,1122,1039,1123,1099,1151,1040,1155,1019,1154,998,1152
3469,h,1,1,831,831,1277,1277,115.63333333333334,877,974,873,1027,872,1082,877,1135,886,1186,903,1230,933,1268,972,1293,1026,1306,1085,1303,1147,1291,1203,1270,1247,1238,1278,1190,1297,1133,1309,1073,1320,1011,888,900,906,865,943,852,984,854,1020,869,1089,872,1132,859,1179,862,1221,880,1246,916,1048,923,1042,947,1034,970,1026,995,989,1047,1008,1053,1027,1057,1052,1056,1076,1055,922,946,945,935,970,933,995,944,969,947,944,949,1115,949,1145,939,1172,944,1197,960,1169,959,1141,955,956,1144,976,1108,1000,1091,1019,1097,1041,1095,1077,1116,1116,1153,1076,1177,1040,1182,1017,1182,995,1178,973,1169,971,1140,999,1118,1019,1121,1040,1122,1099,1149,1041,1152,1019,1151,999,1149
3470,h,1,1,831,831,1277,1277,115.66666666666667,889,971,883,1021,882,1074,882,1126,888,1176,903,1219,932,1255,971,1281,1024,1295,1083,1293,1145,1282,1202,1262,1249,1229,1279,1182,1299,1125,1312,1065,1323,1003,890,896,909,864,944,853,982,856,1016,870,1088,873,1131,862,1178,864,1220,879,1247,913,1047,924,1041,948,1034,971,1026,996,988,1047,1007,1052,1026,1056,1051,1055,1074,1055,923,944,945,934,971,933,995,945,970,949,944,950,1115,950,1144,940,1172,945,1198,960,1169,961,1141,957,956,1139,976,1106,1000,1090,1018,1096,1039,1094,1075,1115,1115,1150,1074,1170,1038,1175,1015,1174,995,1170,973,1162,971,1135,999,1117,1017,1120,1038,1121,1098,1146,1038,1145,1017,1144,998,1141
3471,h,1,1,831,831,1277,1277,115.7,889,971,883,1021,882,1074,882,1126,888,1176,903,1219,932,1255,971,1281,1024,1295,1083,1293,1145,1282,1202,1262,1249,1229,1279,1182,1299,1125,1312,1065,1323,1003,890,896,909,864,944,853,982,856,1016,870,1088,873,1131,862,1178,864,1220,879,1247,913,1047,924,1041,948,1034,971,1026,996,988,1047,1007,1052,1026,1056,1051,1055,1074,1055,923,944,945,934,971,933,995,945,970,949,944,950,1115,950,1144,940,1172,945,1198,960,1169,961,1141,957,956,1139,976,1106,1000,1090,1018,1096,1039,1094,1075,1115,1115,1150,1074,1170,1038,1175,1015,1174,995,1170,973,1162,971,1135,999,1117,1017,1120,1038,1121,1098,1146,1038,1145,1017,1144,998,1141
3472,h,1,1,831,831,1277,1277,115.73333333333333,890,971,884,1021,884,1073,886,1126,891,1178,904,1221,933,1258,971,1282,1024,1294,1084,1293,1145,1283,1203,1265,1249,1233,1280,1185,1300,1128,1312,1067,1324,1005,887,900,905,867,941,853,981,856,1017,871,1085,873,1130,861,1180,864,1224,880,1251,916,1047,924,1040,947,1031,970,1022,994,986,1046,1004,1052,1024,1056,1050,1055,1074,1054,921,947,943,937,969,935,997,945,969,949,943,951,1116,950,1146,941,1174,946,1201,960,1171,961,1142,957,955,1138,975,1105,998,1089,1016,1095,1036,1093,1071,1114,1113,1149,1070,1167,1035,1169,1013,1169,993,1165,971,1158,969,1134,997,1118,1015,1120,1035,1121,1096,1145,1035,1139,1015,1138,996,1135
3473,h,1,1,831,831,1277,1277,115.76666666666667,879,971,873,1024,872,1078,874,1131,883,1182,901,1225,932,1260,971,1284,1025,1297,1083,1296,1144,1285,1202,1267,1247,1234,1277,1186,1295,1127,1307,1068,1318,1005,885,902,904,868,940,853,981,854,1017,870,1089,873,1133,860,1181,863,1224,879,1250,915,1048,924,1042,947,1034,969,1026,994,987,1046,1007,1051,1027,1055,1053,1055,1077,1053,922,947,945,936,970,934,998,945,971,949,945,951,1115,948,1145,939,1173,944,1200,959,1170,960,1141,955,956,1137,976,1103,1000,1088,1018,1094,1039,1092,1073,1114,1114,1149,1073,1167,1037,1170,1015,1169,994,1165,973,1157,970,1133,999,1115,1017,1118,1038,1119,1097,1145,1038,1140,1017,1139,998,1136
3474,h,1,1,831,831,1277,1277,115.8,879,971,873,1024,872,1078,874,1131,883,1182,901,1225,932,1260,971,1284,1025,1297,1083,1296,1144,1285,1202,1267,1247,1234,1277,1186,1295,1127,1307,1068,1318,1005,885,902,904,868,940,853,981,854,1017,870,1089,873,1133,860,1181,863,1224,879,1250,915,1048,924,1042,947,1034,969,1026,994,987,1046,1007,1051,1027,1055,1053,1055,1077,1053,922,947,945,936,970,934,998,945,971,949,945,951,1115,948,1145,939,1173,944,1200,959,1170,960,1141,955,956,1137,976,1103,1000,1088,1018,1094,1039,1092,1073,1114,1114,1149,1073,1167,1037,1170,1015,1169,994,1165,973,1157,970,1133,999,1115,1017,1118,1038,1119,1097,1145,1038,1140,1017,1139,998,1136
3475,h,1,1,831,831,1277,1277,115.83333333333333,885,970,880,1021,880,1074,883,1126,889,1176,904,1220,934,1256,972,1282,1025,1294,1084,1292,1147,1281,1205,1263,1252,1231,1283,1182,1302,1126,1314,1065,1326,1003,886,899,905,865,941,853,981,855,1018,871,1083,873,1128,861,1176,863,1220,877,1250,911,1044,925,1037,948,1029,971,1021,995,984,1046,1003,1052,1023,1056,1048,1055,1073,1053,919,946,941,936,968,934,996,945,968,949,941,950,1114,949,1144,940,1173,945,1200,959,1170,960,1141,956,955,1137,973,1104,997,1088,1014,1094,1035,1091,1070,1112,1112,1147,1070,1165,1035,1167,1013,1167,993,1163,971,1156,968,1133,996,1116,1014,1118,1034,1119,1095,1143,1035,1138,1015,1137,996,1134
3476,h,1,1,831,831,1277,1277,115.86666666666666,882,968,875,1019,873,1072,874,1124,881,1176,897,1220,927,1258,966,1284,1019,1297,1079,1295,1141,1284,1197,1265,1243,1232,1275,1185,1294,1127,1306,1067,1318,1004,884,902,903,868,940,854,981,856,1018,871,1083,871,1129,860,1177,864,1221,881,1249,917,1044,923,1037,946,1030,969,1021,993,985,1046,1004,1051,1023,1055,1048,1054,1072,1053,919,946,941,935,968,933,996,945,968,949,941,950,1112,949,1144,939,1173,945,1199,960,1169,960,1140,956,954,1137,973,1103,996,1087,1015,1093,1036,1091,1071,1112,1113,1149,1071,1166,1035,1168,1013,1167,991,1163,970,1156,968,1134,995,1116,1015,1118,1035,1119,1097,1144,1036,1138,1015,1136,995,1133
3477,h,1,1,831,831,1277,1277,115.9,880,975,873,1026,870,1080,871,1131,881,1180,898,1222,927,1258,967,1283,1020,1294,1078,1293,1139,1284,1196,1267,1242,1237,1274,1190,1293,1133,1305,1073,1316,1012,887,902,905,867,942,852,983,852,1019,867,1083,871,1128,859,1178,862,1221,881,1248,919,1044,921,1037,944,1029,967,1020,993,980,1043,1000,1049,1021,1053,1047,1052,1073,1051,920,944,942,934,968,933,994,942,967,946,941,947,1113,947,1143,939,1171,944,1196,958,1167,958,1139,954,950,1137,971,1102,995,1086,1014,1092,1035,1090,1070,1110,1111,1146,1069,1160,1035,1162,1012,1162,991,1159,969,1153,964,1133,994,1114,1014,1117,1034,1117,1095,1141,1035,1133,1014,1132,994,1130
3478,h,1,1,831,831,1277,1277,115.93333333333334,880,975,873,1026,870,1080,871,1131,881,1180,898,1222,927,1258,967,1283,1020,1294,1078,1293,1139,1284,1196,1267,1242,1237,1274,1190,1293,1133,1305,1073,1316,1012,887,902,905,867,942,852,983,852,1019,867,1083,871,1128,859,1178,862,1221,881,1248,919,1044,921,1037,944,1029,967,1020,993,980,1043,1000,1049,1021,1053,1047,1052,1073,1051,920,944,942,934,968,933,994,942,967,946,941,947,1113,947,1143,939,1171,944,1196,958,1167,958,1139,954,950,1137,971,1102,995,1086,1014,1092,1035,1090,1070,1110,1111,1146,1069,1160,1035,1162,1012,1162,991,1159,969,1153,964,1133,994,1114,1014,1117,1034,1117,1095,1141,1035,1133,1014,1132,994,1130
3479,h,1,1,831,831,1277,1277,115.96666666666667,891,964,884,1015,881,1067,881,1119,886,1170,901,1213,929,1249,968,1274,1022,1286,1082,1284,1143,1274,1200,1256,1246,1226,1277,1179,1295,1124,1308,1066,1320,1006,889,897,906,864,942,852,981,854,1017,869,1086,871,1131,860,1179,863,1222,880,1248,915,1045,923,1038,945,1030,967,1021,992,983,1043,1003,1048,1023,1052,1048,1051,1072,1050,922,942,944,933,969,931,995,942,969,946,943,948,1113,946,1142,938,1170,943,1196,957,1167,958,1139,954,952,1135,972,1101,996,1086,1013,1092,1033,1089,1068,1109,1109,1144,1067,1157,1033,1159,1011,1158,991,1155,970,1150,965,1130,995,1114,1013,1116,1033,1117,1092,1139,1033,1130,1013,1129,994,1128
3480,h,1,1,831,831,1277,1277,116.0,889,963,882,1015,881,1068,882,1121,887,1172,902,1216,931,1251,968,1276,1020,1286,1077,1285,1137,1275,1194,1258,1241,1228,1272,1182,1291,1126,1305,1067,1319,1006,884,899,904,866,941,854,982,857,1018,872,1084,873,1128,860,1176,862,1220,879,1248,916,1044,923,1037,945,1029,967,1020,991,983,1043,1002,1049,1021,1053,1046,1052,1071,1051,918,942,941,932,969,930,996,943,968,947,941,948,1110,946,1141,936,1170,942,1196,956,1167,958,1138,954,951,1135,971,1101,995,1085,1013,1091,1033,1089,1068,1110,1109,1146,1065,1159,1030,1161,1009,1160,988,1157,967,1151,965,1131,994,1112,1012,1115,1032,1116,1091,1141,1031,1132,1011,1131,992,1129
3481,h,1,1,831,831,1277,1277,116.03333333333333,880,966,874,1018,872,1072,874,1125,883,1176,901,1217,931,1253,969,1277,1022,1288,1081,1286,1142,1274,1198,1255,1243,1224,1274,1178,1293,1122,1305,1063,1318,1001,884,898,904,864,941,852,982,854,1017,870,1084,873,1126,860,1174,862,1218,879,1245,916,1044,921,1037,944,1030,966,1022,989,983,1042,1002,1048,1022,1052,1047,1051,1070,1050,918,942,941,932,968,930,994,943,967,946,940,947,1111,947,1141,936,1169,942,1195,956,1166,957,1138,953,951,1134,971,1099,995,1082,1013,1088,1034,1087,1069,1109,1109,1146,1067,1161,1032,1162,1010,1162,990,1158,968,1151,966,1130,994,1111,1013,1113,1033,1115,1092,1141,1033,1133,1012,1132,993,1129
3482,h,1,1,831,831,1277,1277,116.06666666666666,880,966,874,1018,872,1072,874,1125,883,1176,901,1217,931,1253,969,1277,1022,1288,1081,1286,1142,1274,1198,1255,1243,1224,1274,1178,1293,1122,1305,1063,1318,1001,884,898,904,864,941,852,982,854,1017,870,1084,873,1126,860,1174,862,1218,879,1245,916,1044,921,1037,944,1030,966,1022,989,983,1042,1002,1048,1022,1052,1047,1051,1070,1050,918,942,941,932,968,930,994,943,967,946,940,947,1111,947,1141,936,1169,942,1195,956,1166,957,1138,953,951,1134,971,1099,995,1082,1013,1088,1034,1087,1069,1109,1109,1146,1067,1161,1032,1162,1010,1162,990,1158,968,1151,966,1130,994,1111,1013,1113,1033,1115,1092,1141,1033,1133,1012,1132,993,1129
3483,h,1,1,831,831,1277,1277,116.1,892,968,884,1018,881,1071,880,1122,884,1172,898,1215,925,1251,964,1274,1014,1285,1072,1285,1133,1277,1190,1261,1237,1232,1268,1186,1289,1132,1303,1073,1316,1009,887,898,904,863,941,851,981,852,1017,866,1081,868,1125,858,1172,861,1215,879,1242,916,1041,917,1034,941,1026,963,1017,988,981,1042,1000,1046,1019,1049,1044,1049,1069,1049,918,939,941,930,967,929,993,941,966,944,940,945,1107,946,1136,935,1164,940,1190,955,1161,956,1134,952,951,1134,970,1099,993,1083,1012,1089,1032,1087,1067,1109,1108,1146,1064,1159,1029,1161,1007,1160,986,1156,966,1151,964,1130,992,1111,1011,1114,1031,1115,1091,1141,1030,1133,1010,1131,990,1129
3484,h,1,1,831,831,1277,1277,116.13333333333334,886,970,880,1021,880,1074,881,1126,888,1174,903,1217,933,1250,972,1272,1023,1281,1080,1278,1141,1267,1198,1250,1243,1219,1273,1174,1291,1119,1303,1061,1315,1000,884,902,902,867,939,854,979,856,1015,871,1076,874,1119,861,1166,862,1209,879,1236,915,1039,920,1032,943,1025,964,1016,989,981,1043,1000,1046,1019,1049,1043,1049,1067,1048,919,942,940,931,966,929,991,943,965,947,940,948,1106,946,1133,934,1161,938,1186,953,1158,956,1131,953,951,1135,970,1100,993,1083,1011,1090,1030,1087,1064,1108,1105,1144,1062,1158,1028,1159,1007,1159,988,1156,968,1150,965,1131,993,1112,1011,1114,1029,1115,1088,1140,1028,1131,1009,1130,991,1127
3485,h,1,1,831,831,1277,1277,116.16666666666667,891,963,884,1014,882,1068,882,1120,888,1171,902,1215,931,1249,969,1272,1021,1282,1079,1279,1141,1268,1199,1250,1244,1219,1275,1172,1294,1117,1306,1060,1319,999,888,893,907,862,942,852,980,855,1014,870,1083,870,1127,859,1173,861,1215,876,1242,908,1042,921,1035,943,1027,964,1018,987,982,1043,1001,1047,1020,1050,1044,1051,1068,1050,918,943,940,932,966,931,993,943,965,948,939,949,1109,946,1139,936,1166,940,1192,955,1163,957,1136,953,951,1134,971,1100,995,1083,1012,1089,1031,1087,1064,1108,1105,1145,1063,1158,1028,1159,1007,1159,988,1156,968,1150,964,1130,994,1112,1011,1114,1030,1115,1089,1139,1029,1131,1010,1129,992,1127
3486,h,1,1,831,831,1277,1277,116.2,891,963,884,1014,882,1068,882,1120,888,1171,902,1215,931,1249,969,1272,1021,1282,1079,1279,1141,1268,1199,1250,1244,1219,1275,1172,1294,1117,1306,1060,1319,999,888,893,907,862,942,852,980,855,1014,870,1083,870,1127,859,1173,861,1215,876,1242,908,1042,921,1035,943,1027,964,1018,987,982,1043,1001,1047,1020,1050,1044,1051,1068,1050,918,943,940,932,966,931,993,943,965,948,939,949,1109,946,1139,936,1166,940,1192,955,1163,957,1136,953,951,1134,971,1100,995,1083,1012,1089,1031,1087,1064,1108,1105,1145,1063,1158,1028,1159,1007,1159,988,1156,968,1150,964,1130,994,1112,1011,1114,1030,1115,1089,1139,1029,1131,1010,1129,992,1127
3487,h,1,1,831,831,1277,1277,116.23333333333333,888,966,883,1018,881,1070,881,1120,887,1169,902,1210,931,1241,968,1264,1017,1275,1074,1275,1136,1268,1196,1254,1243,1224,1275,1178,1293,1123,1306,1064,1318,1001,886,899,905,865,940,851,979,853,1015,867,1080,870,1124,860,1171,862,1214,879,1242,914,1040,921,1033,944,1024,966,1015,990,981,1042,1000,1046,1018,1050,1043,1049,1068,1049,919,945,940,934,965,932,991,944,965,948,940,949,1109,948,1137,937,1164,942,1190,957,1161,958,1134,954,950,1136,969,1101,993,1084,1010,1091,1030,1088,1065,1109,1104,1146,1063,1160,1027,1163,1007,1162,987,1159,966,1153,963,1132,992,1112,1010,1115,1029,1116,1088,1141,1028,1133,1009,1132,991,1130
3488,h,1,1,831,831,1277,1277,116.26666666666667,873,971,868,1024,868,1078,872,1130,881,1179,898,1221,926,1254,964,1277,1016,1290,1075,1287,1136,1275,1194,1257,1242,1226,1274,1180,1293,1125,1305,1066,1317,1005,885,898,904,864,941,851,981,852,1016,868,1083,870,1124,858,1170,859,1212,876,1239,910,1042,922,1036,944,1028,966,1020,990,982,1043,1001,1048,1020,1052,1045,1051,1069,1050,918,944,940,932,966,931,992,943,966,947,940,948,1109,947,1137,936,1165,940,1189,956,1161,957,1134,953,951,1141,970,1102,994,1084,1012,1090,1033,1088,1067,1110,1104,1149,1065,1171,1031,1175,1009,1175,988,1172,966,1163,965,1137,993,1113,1012,1115,1032,1117,1087,1145,1032,1145,1011,1144,991,1142
3489,h,1,1,831,831,1277,1277,116.3,873,971,868,1024,868,1078,872,1130,881,1179,898,1221,926,1254,964,1277,1016,1290,1075,1287,1136,1275,1194,1257,1242,1226,1274,1180,1293,1125,1305,1066,1317,1005,885,898,904,864,941,851,981,852,1016,868,1083,870,1124,858,1170,859,1212,876,1239,910,1042,922,1036,944,1028,966,1020,990,982,1043,1001,1048,1020,1052,1045,1051,1069,1050,918,944,940,932,966,931,992,943,966,947,940,948,1109,947,1137,936,1165,940,1189,956,1161,957,1134,953,951,1141,970,1102,994,1084,1012,1090,1033,1088,1067,1110,1104,1149,1065,1171,1031,1175,1009,1175,988,1172,966,1163,965,1137,993,1113,1012,1115,1032,1117,1087,1145,1032,1145,1011,1144,991,1142
3490,h,1,1,831,831,1277,1277,116.33333333333333,881,970,875,1020,873,1073,875,1125,882,1176,897,1223,925,1262,963,1290,1015,1304,1074,1301,1135,1289,1192,1268,1239,1235,1270,1187,1290,1130,1303,1070,1314,1006,886,897,905,865,941,854,981,857,1016,871,1078,874,1120,862,1166,864,1208,880,1235,915,1041,921,1034,945,1026,967,1018,991,981,1043,1000,1047,1019,1051,1044,1050,1068,1049,920,943,942,930,967,929,992,942,966,946,941,947,1108,946,1135,935,1163,939,1187,956,1160,957,1133,953,952,1144,968,1102,993,1084,1011,1090,1032,1088,1068,1111,1103,1155,1065,1179,1030,1186,1007,1187,986,1183,964,1171,966,1140,992,1114,1011,1116,1031,1118,1086,1149,1031,1154,1010,1154,990,1151
3491,h,1,1,831,831,1277,1277,116.36666666666666,887,966,879,1015,876,1067,876,1119,883,1169,896,1215,923,1252,961,1279,1013,1293,1072,1291,1135,1279,1193,1261,1240,1228,1272,1181,1291,1123,1304,1063,1316,1000,884,902,901,867,937,853,977,854,1013,869,1079,869,1122,857,1170,860,1214,878,1241,914,1040,921,1033,943,1025,965,1016,989,980,1042,999,1047,1018,1050,1043,1050,1068,1049,919,943,940,931,966,930,991,942,965,946,940,947,1108,946,1137,934,1164,939,1189,954,1161,956,1134,952,951,1139,968,1102,991,1084,1008,1090,1028,1088,1063,1112,1102,1152,1060,1172,1025,1176,1004,1175,984,1170,964,1160,966,1134,990,1114,1008,1116,1027,1118,1085,1147,1026,1143,1007,1141,988,1139
3492,h,1,1,831,831,1277,1277,116.4,890,972,883,1020,881,1069,884,1119,891,1168,904,1211,931,1248,967,1275,1017,1289,1075,1288,1137,1279,1193,1260,1239,1228,1269,1182,1289,1125,1302,1066,1314,1004,885,899,903,867,938,855,978,857,1013,871,1074,876,1116,861,1165,863,1209,880,1239,914,1037,920,1030,943,1021,965,1012,989,980,1043,999,1047,1017,1051,1041,1050,1065,1049,917,944,939,932,965,930,991,942,964,946,939,948,1105,946,1134,935,1162,939,1188,955,1159,956,1131,952,956,1140,972,1102,993,1083,1009,1089,1026,1087,1063,1111,1103,1153,1062,1171,1026,1173,1007,1172,989,1167,970,1160,971,1136,993,1113,1009,1115,1027,1117,1086,1149,1027,1139,1009,1137,992,1134
3493,h,1,1,831,831,1277,1277,116.43333333333334,890,972,883,1020,881,1069,884,1119,891,1168,904,1211,931,1248,967,1275,1017,1289,1075,1288,1137,1279,1193,1260,1239,1228,1269,1182,1289,1125,1302,1066,1314,1004,885,899,903,867,938,855,978,857,1013,871,1074,876,1116,861,1165,863,1209,880,1239,914,1037,920,1030,943,1021,965,1012,989,980,1043,999,1047,1017,1051,1041,1050,1065,1049,917,944,939,932,965,930,991,942,964,946,939,948,1105,946,1134,935,1162,939,1188,955,1159,956,1131,952,956,1140,972,1102,993,1083,1009,1089,1026,1087,1063,1111,1103,1153,1062,1171,1026,1173,1007,1172,989,1167,970,1160,971,1136,993,1113,1009,1115,1027,1117,1086,1149,1027,1139,1009,1137,992,1134
3502,h,1,1,831,831,1277,1277,116.73333333333333,891,966,884,1017,883,1071,885,1125,891,1178,907,1224,935,1262,971,1289,1021,1303,1079,1300,1140,1287,1198,1266,1245,1233,1277,1185,1296,1128,1309,1067,1320,1004,885,896,905,864,942,854,981,858,1016,873,1081,875,1123,862,1170,863,1214,880,1242,915,1041,925,1034,948,1026,971,1016,996,984,1049,1001,1055,1019,1059,1042,1058,1065,1057,920,944,942,933,969,932,995,945,968,949,941,950,1108,950,1136,938,1164,943,1189,959,1161,961,1133,957,954,1144,970,1107,993,1089,1009,1095,1027,1093,1061,1118,1100,1157,1060,1178,1026,1183,1006,1182,988,1177,968,1167,967,1140,992,1120,1009,1122,1027,1124,1082,1152,1027,1149,1009,1147,992,1144
3503,h,1,1,831,831,1277,1277,116.76666666666667,874,974,867,1026,865,1081,868,1136,877,1189,896,1233,927,1269,965,1293,1019,1306,1078,1303,1139,1291,1196,1270,1242,1237,1273,1187,1293,1130,1305,1070,1317,1008,883,899,903,866,940,853,981,855,1018,870,1080,870,1125,859,1172,861,1215,877,1241,913,1043,920,1036,944,1028,966,1020,991,983,1047,1001,1052,1021,1055,1045,1055,1069,1054,920,945,942,933,968,931,994,943,968,948,942,949,1108,947,1137,936,1165,941,1189,957,1162,958,1134,954,954,1144,971,1106,994,1089,1011,1094,1031,1093,1066,1116,1105,1156,1065,1179,1030,1185,1008,1184,989,1180,968,1169,969,1140,994,1118,1011,1120,1031,1122,1087,1151,1031,1153,1011,1151,993,1148
3504,h,1,1,831,831,1277,1277,116.8,874,974,867,1026,865,1081,868,1136,877,1189,896,1233,927,1269,965,1293,1019,1306,1078,1303,1139,1291,1196,1270,1242,1237,1273,1187,1293,1130,1305,1070,1317,1008,883,899,903,866,940,853,981,855,1018,870,1080,870,1125,859,1172,861,1215,877,1241,913,1043,920,1036,944,1028,966,1020,991,983,1047,1001,1052,1021,1055,1045,1055,1069,1054,920,945,942,933,968,931,994,943,968,948,942,949,1108,947,1137,936,1165,941,1189,957,1162,958,1134,954,954,1144,971,1106,994,1089,1011,1094,1031,1093,1066,1116,1105,1156,1065,1179,1030,1185,1008,1184,989,1180,968,1169,969,1140,994,1118,1011,1120,1031,1122,1087,1151,1031,1153,1011,1151,993,1148
3505,h,1,1,831,831,1277,1277,116.83333333333333,891,969,883,1018,880,1070,882,1122,887,1175,900,1222,926,1262,963,1292,1015,1306,1076,1304,1139,1290,1195,1268,1241,1234,1273,1186,1292,1129,1305,1070,1316,1007,889,896,907,863,943,853,981,855,1016,870,1082,872,1124,859,1170,862,1212,881,1237,918,1042,925,1034,948,1026,969,1017,994,982,1048,1001,1053,1020,1056,1044,1056,1069,1055,922,943,943,932,969,931,994,944,968,948,942,948,1108,949,1135,938,1162,942,1187,958,1159,959,1132,955,953,1148,968,1108,992,1090,1010,1095,1031,1093,1067,1115,1105,1156,1067,1183,1032,1190,1009,1191,988,1186,965,1175,966,1144,992,1120,1010,1122,1031,1123,1089,1153,1032,1158,1011,1157,991,1155
3506,h,1,1,831,831,1277,1277,116.86666666666666,881,964,873,1016,870,1071,871,1126,879,1179,896,1225,925,1265,963,1294,1017,1309,1077,1305,1138,1291,1196,1269,1242,1235,1273,1185,1292,1128,1305,1067,1317,1004,890,894,907,862,943,850,982,851,1018,865,1085,867,1129,857,1175,861,1217,878,1242,914,1044,922,1037,945,1029,968,1020,993,982,1045,1001,1051,1021,1055,1046,1054,1071,1053,922,943,943,933,969,932,994,942,968,946,943,947,1110,948,1138,939,1165,944,1190,958,1162,958,1135,954,953,1147,969,1107,994,1089,1012,1095,1034,1093,1070,1116,1108,1156,1070,1186,1034,1194,1010,1194,989,1190,966,1177,966,1143,993,1118,1012,1120,1033,1121,1090,1152,1035,1162,1013,1161,993,1158
3507,h,1,1,831,831,1277,1277,116.9,881,972,874,1023,872,1076,875,1128,883,1179,898,1223,925,1262,963,1291,1013,1305,1071,1304,1133,1292,1191,1271,1239,1237,1271,1189,1292,1131,1306,1070,1318,1006,886,894,905,863,940,852,979,853,1014,868,1084,871,1127,860,1174,862,1217,878,1245,912,1042,927,1034,949,1025,970,1016,993,981,1048,1000,1052,1019,1056,1043,1055,1068,1054,916,945,939,934,967,933,993,946,965,951,938,951,1111,950,1140,939,1169,944,1194,959,1166,960,1137,957,953,1149,968,1108,993,1090,1012,1096,1033,1093,1069,1115,1107,1158,1069,1187,1033,1196,1009,1196,988,1192,966,1179,967,1145,993,1120,1012,1122,1032,1123,1090,1154,1033,1161,1012,1161,992,1158
3508,h,1,1,831,831,1277,1277,116.93333333333334,881,972,874,1023,872,1076,875,1128,883,1179,898,1223,925,1262,963,1291,1013,1305,1071,1304,1133,1292,1191,1271,1239,1237,1271,1189,1292,1131,1306,1070,1318,1006,886,894,905,863,940,852,979,853,1014,868,1084,871,1127,860,1174,862,1217,878,1245,912,1042,927,1034,949,1025,970,1016,993,981,1048,1000,1052,1019,1056,1043,1055,1068,1054,916,945,939,934,967,933,993,946,965,951,938,951,1111,950,1140,939,1169,944,1194,959,1166,960,1137,957,953,1149,968,1108,993,1090,1012,1096,1033,1093,1069,1115,1107,1158,1069,1187,1033,1196,1009,1196,988,1192,966,1179,967,1145,993,1120,1012,1122,1032,1123,1090,1154,1033,1161,1012,1161,992,1158
3509,h,1,1,831,831,1277,1277,116.96666666666667,875,971,868,1022,865,1077,868,1132,877,1185,894,1228,924,1267,960,1295,1014,1308,1073,1305,1136,1295,1195,1274,1243,1241,1274,1191,1293,1133,1306,1073,1319,1010,885,899,903,864,940,850,981,852,1018,867,1081,870,1126,859,1175,863,1219,882,1244,920,1042,924,1034,947,1025,969,1015,994,978,1048,998,1052,1018,1056,1044,1055,1070,1055,918,945,940,934,966,933,993,945,966,948,939,949,1108,950,1137,941,1165,946,1190,961,1161,961,1134,956,950,1146,967,1108,992,1091,1011,1097,1032,1094,1069,1116,1109,1155,1068,1181,1032,1188,1009,1188,987,1185,964,1173,964,1142,992,1120,1011,1122,1032,1123,1092,1151,1032,1157,1011,1157,991,1155
3510,h,1,1,831,831,1277,1277,117.0,871,975,867,1028,867,1083,872,1137,882,1188,901,1231,930,1266,968,1291,1019,1303,1078,1301,1140,1287,1197,1266,1243,1232,1274,1184,1293,1127,1305,1067,1317,1005,885,894,905,862,942,850,982,851,1017,867,1086,870,1128,859,1175,862,1217,879,1241,914,1044,925,1038,947,1030,969,1022,994,983,1046,1003,1051,1022,1055,1047,1054,1071,1053,919,943,942,932,968,931,992,944,966,947,941,947,1109,949,1137,938,1164,943,1188,959,1161,959,1134,955,951,1144,970,1106,996,1090,1014,1096,1035,1094,1071,1115,1108,1153,1069,1179,1033,1185,1010,1185,989,1181,967,1171,965,1140,994,1118,1014,1120,1034,1121,1090,1149,1034,1155,1013,1154,993,1151
3511,h,1,1,831,831,1277,1277,117.03333333333333,891,964,885,1014,882,1067,883,1119,887,1171,901,1218,928,1257,965,1286,1017,1300,1077,1298,1141,1285,1199,1263,1247,1230,1278,1181,1297,1123,1310,1062,1323,999,889,892,907,860,942,850,980,853,1014,870,1084,872,1127,860,1174,862,1217,877,1244,912,1042,926,1034,949,1026,971,1016,997,982,1047,1000,1052,1019,1056,1044,1055,1068,1054,919,944,941,933,968,932,993,945,967,949,940,950,1110,949,1138,938,1166,942,1192,957,1163,959,1136,956,950,1145,967,1107,992,1090,1010,1096,1031,1094,1068,1116,1107,1154,1067,1181,1030,1188,1007,1188,986,1185,964,1174,964,1141,991,1120,1010,1122,1030,1123,1090,1150,1030,1157,1009,1156,990,1154
3512,h,1,1,831,831,1277,1277,117.06666666666666,891,964,885,1014,882,1067,883,1119,887,1171,901,1218,928,1257,965,1286,1017,1300,1077,1298,1141,1285,1199,1263,1247,1230,1278,1181,1297,1123,1310,1062,1323,999,889,892,907,860,942,850,980,853,1014,870,1084,872,1127,860,1174,862,1217,877,1244,912,1042,926,1034,949,1026,971,1016,997,982,1047,1000,1052,1019,1056,1044,1055,1068,1054,919,944,941,933,968,932,993,945,967,949,940,950,1110,949,1138,938,1166,942,1192,957,1163,959,1136,956,950,1145,967,1107,992,1090,1010,1096,1031,1094,1068,1116,1107,1154,1067,1181,1030,1188,1007,1188,986,1185,964,1174,964,1141,991,1120,1010,1122,1030,1123,1090,1150,1030,1157,1009,1156,990,1154
3513,h,1,1,831,831,1277,1277,117.1,881,969,872,1020,868,1074,870,1127,878,1178,894,1223,924,1262,963,1289,1015,1303,1075,1302,1136,1290,1194,1271,1242,1238,1273,1189,1293,1130,1306,1069,1318,1006,890,892,908,861,943,849,981,851,1015,866,1086,869,1130,858,1176,860,1219,876,1243,910,1044,922,1036,945,1028,967,1019,991,983,1044,1001,1050,1020,1054,1045,1053,1069,1052,919,945,941,934,967,933,993,944,966,947,940,948,1111,947,1141,938,1169,943,1194,957,1165,957,1138,953,952,1146,968,1107,992,1089,1011,1095,1032,1093,1070,1116,1108,1155,1069,1184,1031,1191,1008,1191,987,1186,965,1176,965,1143,992,1119,1011,1120,1031,1122,1092,1151,1032,1159,1011,1158,991,1155
3514,h,1,1,831,831,1277,1277,117.13333333333334,880,973,873,1023,869,1077,869,1129,875,1182,892,1228,922,1268,962,1295,1016,1308,1077,1305,1139,1293,1198,1271,1244,1237,1274,1187,1293,1130,1307,1071,1321,1009,886,898,904,862,940,848,980,849,1016,863,1087,866,1132,857,1178,860,1220,879,1244,915,1045,923,1037,946,1029,967,1020,992,984,1045,1003,1050,1022,1054,1047,1053,1070,1052,920,942,942,932,967,931,992,943,967,946,941,946,1113,947,1141,938,1168,943,1193,958,1165,957,1138,953,950,1145,967,1106,993,1089,1013,1095,1037,1093,1074,1115,1111,1154,1072,1180,1034,1187,1009,1187,986,1183,963,1172,963,1141,993,1118,1013,1120,1036,1121,1095,1150,1035,1158,1011,1156,990,1155
3515,h,1,1,831,831,1277,1277,117.16666666666667,890,977,884,1026,882,1077,883,1128,888,1177,902,1221,930,1257,967,1284,1019,1296,1079,1295,1141,1285,1199,1267,1245,1236,1275,1189,1294,1132,1308,1072,1321,1009,887,900,903,864,939,851,979,852,1015,866,1083,869,1128,861,1175,865,1217,884,1242,921,1043,921,1036,945,1028,968,1019,993,982,1046,1001,1052,1020,1056,1045,1055,1070,1054,921,944,943,934,968,932,993,944,968,948,942,949,1111,950,1141,941,1168,947,1194,961,1165,961,1137,957,952,1143,970,1106,994,1089,1012,1095,1033,1094,1069,1116,1110,1154,1067,1173,1031,1177,1008,1176,987,1172,967,1164,967,1139,993,1119,1011,1122,1032,1123,1092,1149,1032,1146,1010,1144,991,1141
3516,h,1,1,831,831,1277,1277,117.2,890,977,884,1026,882,1077,883,1128,888,1177,902,1221,930,1257,967,1284,1019,1296,1079,1295,1141,1285,1199,1267,1245,1236,1275,1189,1294,1132,1308,1072,1321,1009,887,900,903,864,939,851,979,852,1015,866,1083,869,1128,861,1175,865,1217,884,1242,921,1043,921,1036,945,1028,968,1019,993,982,1046,1001,1052,1020,1056,1045,1055,1070,1054,921,944,943,934,968,932,993,944,968,948,942,949,1111,950,1141,941,1168,947,1194,961,1165,961,1137,957,952,1143,970,1106,994,1089,1012,1095,1033,1094,1069,1116,1110,1154,1067,1173,1031,1177,1008,1176,987,1172,967,1164,967,1139,993,1119,1011,1122,1032,1123,1092,1149,1032,1146,1010,1144,991,1141
3517,h,1,1,831,831,1277,1277,117.23333333333333,889,970,882,1018,879,1068,878,1117,881,1167,893,1210,921,1248,959,1276,1012,1291,1072,1293,1136,1283,1195,1266,1243,1234,1275,1187,1294,1130,1307,1071,1320,1010,888,898,906,865,942,854,982,856,1017,871,1082,872,1129,862,1178,864,1221,882,1247,920,1044,926,1037,949,1028,971,1018,995,981,1046,1000,1052,1020,1056,1045,1056,1069,1055,920,945,943,935,969,934,995,946,968,949,942,950,1112,951,1142,941,1171,947,1197,962,1168,963,1138,959,952,1137,970,1104,993,1090,1011,1097,1033,1095,1068,1116,1110,1152,1065,1168,1029,1169,1006,1167,986,1163,966,1157,965,1134,992,1118,1011,1121,1032,1123,1093,1147,1030,1140,1009,1138,990,1135
3518,h,1,1,831,831,1277,1277,117.26666666666667,877,973,873,1024,872,1077,874,1129,882,1180,900,1223,931,1258,970,1284,1024,1295,1083,1293,1146,1282,1202,1263,1247,1230,1275,1181,1291,1124,1303,1065,1315,1004,886,903,903,870,939,857,978,858,1014,870,1082,872,1126,862,1174,866,1216,884,1242,920,1042,925,1035,949,1027,971,1019,996,981,1047,1000,1053,1021,1058,1046,1057,1071,1055,919,948,941,937,966,935,992,946,965,950,940,951,1109,950,1137,940,1165,945,1191,959,1162,960,1135,956,952,1140,971,1106,994,1090,1012,1096,1032,1095,1067,1116,1109,1150,1066,1166,1030,1166,1009,1165,988,1162,968,1156,965,1136,993,1117,1012,1120,1032,1122,1092,1145,1031,1138,1011,1136,992,1134
3519,h,1,1,831,831,1277,1277,117.3,889,975,882,1025,881,1078,882,1129,888,1179,902,1222,931,1257,969,1282,1021,1293,1080,1292,1141,1281,1197,1263,1242,1230,1272,1182,1291,1127,1304,1068,1316,1007,885,905,902,868,939,856,980,858,1017,872,1081,874,1125,863,1173,866,1215,884,1241,921,1042,927,1035,951,1027,974,1019,999,982,1050,1001,1057,1020,1061,1045,1060,1069,1058,920,949,942,937,968,936,993,949,967,953,941,954,1111,953,1139,942,1167,948,1191,964,1164,964,1136,960,953,1141,972,1107,995,1092,1013,1099,1035,1097,1069,1117,1109,1151,1066,1166,1031,1167,1008,1166,988,1163,968,1158,966,1137,994,1120,1013,1122,1034,1124,1093,1147,1033,1138,1011,1137,991,1135
3520,h,1,1,831,831,1277,1277,117.33333333333333,889,975,882,1025,881,1078,882,1129,888,1179,902,1222,931,1257,969,1282,1021,1293,1080,1292,1141,1281,1197,1263,1242,1230,1272,1182,1291,1127,1304,1068,1316,1007,885,905,902,868,939,856,980,858,1017,872,1081,874,1125,863,1173,866,1215,884,1241,921,1042,927,1035,951,1027,974,1019,999,982,1050,1001,1057,1020,1061,1045,1060,1069,1058,920,949,942,937,968,936,993,949,967,953,941,954,1111,953,1139,942,1167,948,1191,964,1164,964,1136,960,953,1141,972,1107,995,1092,1013,1099,1035,1097,1069,1117,1109,1151,1066,1166,1031,1167,1008,1166,988,1163,968,1158,966,1137,994,1120,1013,1122,1034,1124,1093,1147,1033,1138,1011,1137,991,1135
3521,h,1,1,831,831,1277,1277,117.36666666666666,881,975,874,1027,873,1080,876,1132,885,1180,901,1222,928,1258,964,1284,1016,1296,1075,1295,1134,1284,1191,1265,1239,1233,1271,1186,1290,1129,1303,1070,1316,1009,884,903,903,870,939,858,979,860,1015,874,1083,876,1127,866,1174,868,1216,883,1243,918,1044,931,1037,954,1029,976,1021,1001,983,1055,1003,1060,1022,1064,1047,1063,1072,1062,918,951,941,939,967,938,993,951,967,955,940,956,1111,956,1140,944,1169,948,1194,964,1166,966,1138,962,952,1143,973,1111,996,1096,1014,1102,1035,1100,1070,1119,1111,1151,1068,1167,1033,1170,1010,1169,990,1166,970,1161,966,1140,995,1123,1014,1126,1035,1127,1094,1148,1034,1141,1013,1140,994,1138
3522,h,1,1,858,858,1229,1229,117.4,888,981,883,1030,881,1081,883,1129,890,1175,904,1216,932,1247,969,1267,1018,1276,1074,1275,1131,1262,1182,1241,1223,1209,1250,1164,1267,1113,1281,1061,1294,1005,886,906,907,875,943,866,981,868,1016,882,1077,883,1119,870,1164,872,1205,889,1229,925,1041,932,1034,955,1027,977,1019,1001,983,1053,1002,1058,1022,1062,1045,1062,1068,1060,918,951,941,938,968,938,993,953,967,957,939,957,1102,956,1130,941,1158,945,1183,960,1157,963,1129,961,951,1142,972,1112,996,1098,1013,1104,1032,1101,1065,1120,1105,1150,1064,1166,1031,1169,1010,1169,991,1166,969,1159,965,1138,996,1124,1013,1126,1032,1127,1088,1147,1031,1140,1012,1140,994,1137
3523,h,1,1,858,858,1229,1229,117.43333333333334,888,981,883,1030,881,1081,883,1129,890,1175,904,1216,932,1247,969,1267,1018,1276,1074,1275,1131,1262,1182,1241,1223,1209,1250,1164,1267,1113,1281,1061,1294,1005,886,906,907,875,943,866,981,868,1016,882,1077,883,1119,870,1164,872,1205,889,1229,925,1041,932,1034,955,1027,977,1019,1001,983,1053,1002,1058,1022,1062,1045,1062,1068,1060,918,951,941,938,968,938,993,953,967,957,939,957,1102,956,1130,941,1158,945,1183,960,1157,963,1129,961,951,1142,972,1112,996,1098,1013,1104,1032,1101,1065,1120,1105,1150,1064,1166,1031,1169,1010,1169,991,1166,969,1159,965,1138,996,1124,1013,1126,1032,1127,1088,1147,1031,1140,1012,1140,994,1137
3524,h,1,1,831,831,1277,1277,117.46666666666667,880,982,874,1032,872,1085,874,1136,884,1185,902,1225,933,1258,970,1282,1021,1293,1079,1290,1138,1279,1193,1262,1239,1231,1269,1185,1287,1131,1299,1072,1310,1011,883,909,902,873,940,860,981,862,1017,878,1077,880,1119,866,1166,868,1209,885,1235,922,1041,929,1034,953,1027,976,1019,1001,981,1053,1001,1058,1021,1062,1046,1061,1071,1060,918,953,940,940,965,939,990,952,965,957,938,958,1107,956,1135,944,1163,948,1187,964,1161,966,1133,963,951,1142,973,1113,996,1098,1014,1104,1035,1102,1069,1120,1112,1151,1069,1167,1033,1168,1012,1168,991,1165,970,1160,965,1139,995,1123,1014,1126,1034,1127,1096,1147,1034,1142,1014,1141,995,1139
3525,h,1,1,858,858,1229,1229,117.5,889,977,883,1026,881,1077,884,1126,888,1175,902,1218,928,1252,964,1276,1013,1287,1070,1285,1127,1273,1179,1251,1222,1219,1251,1174,1270,1121,1284,1067,1297,1010,891,904,910,874,944,865,981,868,1014,882,1078,883,1119,871,1164,871,1205,888,1229,923,1039,933,1032,956,1024,979,1016,1004,983,1054,1001,1059,1019,1063,1044,1062,1067,1060,921,951,942,937,969,937,994,953,968,957,940,958,1102,956,1129,941,1157,944,1181,961,1156,964,1128,962,953,1145,972,1114,996,1098,1014,1104,1033,1102,1067,1120,1107,1153,1066,1171,1031,1175,1011,1175,992,1172,970,1165,966,1142,996,1125,1014,1128,1032,1129,1091,1149,1033,1148,1014,1147,995,1145
3526,h,1,1,831,831,1277,1277,117.53333333333333,885,979,879,1029,878,1081,879,1134,885,1185,899,1229,928,1267,964,1293,1015,1306,1074,1304,1135,1293,1192,1273,1239,1238,1269,1190,1288,1133,1302,1072,1314,1009,889,898,907,866,942,855,980,859,1014,874,1082,876,1124,865,1169,865,1211,880,1237,914,1041,930,1035,953,1027,975,1019,999,982,1053,1001,1059,1021,1063,1046,1062,1070,1060,918,949,942,939,968,938,993,951,966,955,940,955,1107,956,1136,945,1165,949,1189,964,1162,966,1134,963,953,1150,970,1113,994,1097,1013,1103,1034,1101,1071,1122,1112,1159,1069,1183,1032,1188,1008,1188,987,1184,965,1175,966,1147,993,1125,1012,1128,1034,1129,1095,1155,1032,1159,1010,1157,991,1155
3527,h,1,1,831,831,1277,1277,117.56666666666666,885,979,879,1029,878,1081,879,1134,885,1185,899,1229,928,1267,964,1293,1015,1306,1074,1304,1135,1293,1192,1273,1239,1238,1269,1190,1288,1133,1302,1072,1314,1009,889,898,907,866,942,855,980,859,1014,874,1082,876,1124,865,1169,865,1211,880,1237,914,1041,930,1035,953,1027,975,1019,999,982,1053,1001,1059,1021,1063,1046,1062,1070,1060,918,949,942,939,968,938,993,951,966,955,940,955,1107,956,1136,945,1165,949,1189,964,1162,966,1134,963,953,1150,970,1113,994,1097,1013,1103,1034,1101,1071,1122,1112,1159,1069,1183,1032,1188,1008,1188,987,1184,965,1175,966,1147,993,1125,1012,1128,1034,1129,1095,1155,1032,1159,1010,1157,991,1155
3528,h,1,1,831,831,1277,1277,117.6,875,979,867,1030,864,1085,868,1138,878,1190,897,1234,927,1273,966,1298,1019,1309,1078,1305,1137,1291,1194,1270,1240,1235,1271,1186,1289,1129,1301,1069,1312,1009,883,902,902,869,939,858,978,860,1015,874,1080,876,1122,866,1167,867,1209,881,1236,914,1040,929,1034,952,1026,975,1018,1000,983,1054,1002,1059,1021,1063,1045,1062,1070,1060,917,952,940,941,966,939,990,951,965,955,939,955,1108,954,1136,944,1164,949,1187,963,1160,964,1133,960,953,1152,971,1115,996,1098,1014,1104,1035,1101,1072,1121,1111,1158,1070,1183,1032,1190,1010,1190,989,1187,967,1178,966,1149,995,1127,1014,1129,1034,1129,1094,1154,1033,1160,1013,1159,993,1157
3529,h,1,1,858,858,1229,1229,117.63333333333334,888,981,883,1031,884,1082,886,1130,891,1178,905,1221,932,1255,970,1280,1021,1290,1078,1287,1134,1270,1182,1244,1221,1209,1248,1163,1265,1110,1278,1057,1290,1001,894,901,914,873,947,864,983,866,1015,880,1080,880,1119,869,1161,870,1200,886,1222,920,1040,931,1034,954,1027,976,1020,1001,984,1053,1003,1058,1023,1062,1047,1060,1070,1059,922,950,943,937,969,936,993,951,968,956,942,956,1104,954,1130,939,1157,942,1180,958,1156,961,1129,959,955,1149,973,1115,999,1100,1018,1106,1038,1103,1072,1121,1109,1154,1072,1178,1038,1186,1016,1186,994,1182,971,1172,968,1146,998,1128,1018,1131,1038,1131,1093,1151,1038,1155,1017,1155,997,1152
3530,h,1,1,831,831,1277,1277,117.66666666666667,892,972,885,1021,882,1074,885,1126,891,1177,905,1222,931,1259,968,1287,1020,1299,1081,1298,1142,1286,1198,1263,1243,1229,1275,1181,1293,1124,1304,1065,1314,1003,896,891,916,866,947,861,982,865,1012,879,1082,882,1122,870,1167,870,1208,884,1236,914,1041,932,1034,955,1026,978,1017,1004,983,1054,1002,1059,1021,1063,1046,1062,1070,1060,921,949,942,938,968,938,992,949,967,954,942,954,1110,953,1137,943,1165,949,1189,963,1162,964,1135,960,953,1146,972,1112,996,1097,1015,1103,1035,1101,1070,1120,1111,1153,1069,1176,1034,1181,1011,1181,991,1177,969,1169,966,1143,996,1126,1014,1128,1034,1129,1095,1149,1034,1151,1014,1150,994,1148
3531,h,1,1,831,831,1277,1277,117.7,892,972,885,1021,882,1074,885,1126,891,1177,905,1222,931,1259,968,1287,1020,1299,1081,1298,1142,1286,1198,1263,1243,1229,1275,1181,1293,1124,1304,1065,1314,1003,896,891,916,866,947,861,982,865,1012,879,1082,882,1122,870,1167,870,1208,884,1236,914,1041,932,1034,955,1026,978,1017,1004,983,1054,1002,1059,1021,1063,1046,1062,1070,1060,921,949,942,938,968,938,992,949,967,954,942,954,1110,953,1137,943,1165,949,1189,963,1162,964,1135,960,953,1146,972,1112,996,1097,1015,1103,1035,1101,1070,1120,1111,1153,1069,1176,1034,1181,1011,1181,991,1177,969,1169,966,1143,996,1126,1014,1128,1034,1129,1095,1149,1034,1151,1014,1150,994,1148
3532,h,1,1,831,831,1277,1277,117.73333333333333,884,979,878,1029,878,1083,881,1134,888,1184,904,1226,933,1260,970,1285,1021,1298,1080,1295,1140,1282,1196,1262,1243,1229,1274,1181,1293,1123,1304,1063,1314,1001,882,902,902,869,940,859,980,863,1016,878,1076,880,1121,867,1169,867,1213,884,1240,920,1041,930,1034,953,1027,975,1019,1000,981,1053,1001,1059,1022,1062,1047,1061,1073,1059,916,951,939,940,964,939,990,950,964,955,938,956,1108,953,1136,943,1165,947,1190,961,1162,963,1134,960,954,1147,974,1114,997,1098,1015,1104,1034,1101,1071,1120,1112,1151,1070,1173,1034,1179,1012,1179,993,1176,971,1168,967,1144,997,1126,1015,1128,1034,1128,1096,1148,1034,1149,1014,1149,996,1147
3533,h,1,1,831,831,1277,1277,117.76666666666667,879,980,875,1030,876,1082,879,1132,887,1180,903,1222,933,1256,971,1282,1022,1295,1082,1293,1142,1280,1199,1259,1244,1224,1274,1176,1293,1119,1305,1060,1314,998,881,905,898,871,935,859,975,862,1011,877,1076,880,1119,867,1166,868,1210,884,1237,918,1037,930,1032,953,1025,975,1017,1000,982,1053,1001,1058,1021,1061,1046,1060,1070,1058,917,952,939,939,965,938,989,951,964,955,938,957,1107,954,1134,942,1162,947,1187,962,1160,964,1132,961,953,1146,972,1114,997,1098,1015,1104,1036,1101,1073,1120,1115,1152,1072,1174,1034,1179,1012,1179,991,1176,969,1168,966,1143,996,1124,1015,1127,1035,1127,1099,1149,1035,1149,1014,1148,994,1146
3534,h,1,1,831,831,1277,1277,117.8,888,976,881,1025,880,1077,882,1129,889,1179,905,1224,934,1261,971,1289,1022,1299,1081,1296,1141,1281,1198,1260,1244,1226,1275,1178,1293,1122,1305,1063,1316,1003,892,901,910,870,944,860,982,863,1015,878,1080,880,1122,867,1169,868,1212,884,1238,919,1040,932,1033,954,1025,976,1016,1000,981,1052,1000,1058,1020,1062,1045,1061,1070,1058,921,952,942,941,967,939,992,951,967,956,941,957,1108,954,1135,943,1163,947,1188,962,1160,964,1133,960,954,1146,973,1113,997,1097,1014,1103,1033,1100,1070,1119,1113,1151,1069,1171,1032,1176,1012,1176,992,1173,971,1167,967,1142,996,1125,1014,1127,1033,1128,1096,1148,1033,1147,1013,1147,995,1145
3535,h,1,1,831,831,1277,1277,117.83333333333333,888,976,881,1025,880,1077,882,1129,889,1179,905,1224,934,1261,971,1289,1022,1299,1081,1296,1141,1281,1198,1260,1244,1226,1275,1178,1293,1122,1305,1063,1316,1003,892,901,910,870,944,860,982,863,1015,878,1080,880,1122,867,1169,868,1212,884,1238,919,1040,932,1033,954,1025,976,1016,1000,981,1052,1000,1058,1020,1062,1045,1061,1070,1058,921,952,942,941,967,939,992,951,967,956,941,957,1108,954,1135,943,1163,947,1188,962,1160,964,1133,960,954,1146,973,1113,997,1097,1014,1103,1033,1100,1070,1119,1113,1151,1069,1171,1032,1176,1012,1176,992,1173,971,1167,967,1142,996,1125,1014,1127,1033,1128,1096,1148,1033,1147,1013,1147,995,1145
3536,h,1,1,831,831,1277,1277,117.86666666666666,888,975,881,1025,879,1078,881,1130,888,1180,903,1222,931,1260,969,1285,1020,1297,1080,1295,1142,1284,1198,1264,1245,1231,1276,1182,1294,1126,1307,1066,1318,1005,892,902,909,872,944,862,981,864,1015,878,1080,878,1124,867,1170,869,1213,884,1239,919,1041,929,1033,952,1025,975,1016,1000,979,1052,999,1057,1020,1061,1046,1060,1072,1058,920,950,942,940,967,938,991,949,966,953,941,954,1110,951,1137,942,1164,946,1190,959,1161,960,1134,957,953,1143,973,1111,996,1096,1014,1101,1034,1099,1071,1117,1115,1148,1070,1168,1034,1173,1012,1173,991,1170,970,1164,966,1139,995,1123,1014,1125,1034,1125,1099,1145,1034,1144,1013,1144,994,1143
3537,h,1,1,831,831,1277,1277,117.9,879,967,874,1018,872,1070,874,1122,882,1173,899,1216,929,1252,970,1278,1023,1289,1081,1288,1141,1276,1198,1258,1245,1226,1275,1179,1295,1122,1307,1063,1320,1001,889,898,907,868,942,860,979,862,1013,876,1084,877,1127,867,1173,869,1215,885,1242,917,1043,930,1036,953,1028,975,1020,1000,983,1050,1003,1055,1023,1059,1048,1058,1072,1057,918,949,941,939,966,939,991,948,965,953,940,954,1112,952,1140,944,1168,949,1194,962,1164,963,1137,959,954,1141,974,1109,998,1094,1016,1099,1036,1096,1072,1115,1115,1148,1072,1165,1036,1169,1014,1168,994,1166,972,1160,968,1137,997,1120,1016,1122,1036,1122,1099,1144,1036,1141,1015,1140,997,1139
3538,h,1,1,831,831,1277,1277,117.93333333333334,879,967,874,1018,872,1070,874,1122,882,1173,899,1216,929,1252,970,1278,1023,1289,1081,1288,1141,1276,1198,1258,1245,1226,1275,1179,1295,1122,1307,1063,1320,1001,889,898,907,868,942,860,979,862,1013,876,1084,877,1127,867,1173,869,1215,885,1242,917,1043,930,1036,953,1028,975,1020,1000,983,1050,1003,1055,1023,1059,1048,1058,1072,1057,918,949,941,939,966,939,991,948,965,953,940,954,1112,952,1140,944,1168,949,1194,962,1164,963,1137,959,954,1141,974,1109,998,1094,1016,1099,1036,1096,1072,1115,1115,1148,1072,1165,1036,1169,1014,1168,994,1166,972,1160,968,1137,997,1120,1016,1122,1036,1122,1099,1144,1036,1141,1015,1140,997,1139
3539,h,1,1,831,831,1277,1277,117.96666666666667,886,978,879,1027,878,1078,879,1130,885,1180,901,1222,930,1258,969,1282,1022,1293,1081,1290,1143,1278,1200,1259,1245,1226,1273,1179,1291,1124,1303,1066,1314,1006,884,906,902,872,940,860,980,863,1017,878,1080,878,1123,865,1171,868,1213,886,1239,921,1042,926,1036,949,1028,972,1019,998,982,1049,1001,1055,1021,1059,1047,1058,1072,1055,919,949,941,938,967,937,992,948,966,952,941,953,1108,951,1137,941,1164,946,1189,960,1161,961,1133,957,952,1139,972,1109,997,1093,1015,1099,1036,1096,1072,1115,1115,1146,1071,1164,1035,1168,1013,1167,993,1165,970,1159,965,1137,996,1118,1015,1120,1035,1121,1099,1143,1036,1141,1015,1141,996,1139
3540,h,1,1,831,831,1277,1277,118.0,880,972,874,1022,871,1073,871,1124,879,1173,896,1214,927,1247,968,1269,1020,1280,1078,1278,1138,1268,1197,1252,1244,1223,1274,1177,1291,1122,1303,1065,1315,1005,888,900,905,869,940,857,978,857,1012,871,1086,872,1129,863,1174,865,1214,879,1241,912,1042,926,1035,949,1027,971,1019,996,983,1047,1002,1052,1022,1056,1047,1054,1072,1053,918,950,941,939,967,937,991,948,966,953,940,954,1111,951,1140,941,1168,946,1193,959,1165,961,1137,958,951,1137,973,1106,998,1091,1016,1096,1037,1093,1074,1111,1117,1142,1074,1161,1036,1165,1014,1165,994,1162,971,1157,965,1134,997,1115,1016,1118,1036,1118,1102,1139,1037,1137,1016,1136,997,1135
3541,h,1,1,831,831,1277,1277,118.03333333333333,884,972,880,1023,879,1075,881,1126,887,1175,902,1218,932,1252,971,1275,1024,1286,1084,1284,1147,1272,1205,1254,1250,1222,1279,1174,1297,1117,1309,1059,1321,999,886,903,904,869,941,859,980,861,1016,875,1083,876,1126,864,1173,865,1216,880,1244,913,1044,925,1037,949,1029,971,1020,996,984,1047,1003,1052,1023,1056,1049,1055,1073,1053,919,949,941,937,967,936,992,948,966,952,940,953,1113,950,1141,939,1169,944,1195,958,1167,960,1139,956,956,1141,975,1108,999,1091,1017,1096,1037,1094,1074,1113,1116,1145,1073,1165,1037,1170,1014,1170,995,1167,973,1161,969,1137,998,1117,1017,1119,1037,1119,1101,1142,1037,1142,1016,1143,997,1141
3542,h,1,1,831,831,1277,1277,118.06666666666666,884,972,880,1023,879,1075,881,1126,887,1175,902,1218,932,1252,971,1275,1024,1286,1084,1284,1147,1272,1205,1254,1250,1222,1279,1174,1297,1117,1309,1059,1321,999,886,903,904,869,941,859,980,861,1016,875,1083,876,1126,864,1173,865,1216,880,1244,913,1044,925,1037,949,1029,971,1020,996,984,1047,1003,1052,1023,1056,1049,1055,1073,1053,919,949,941,937,967,936,992,948,966,952,940,953,1113,950,1141,939,1169,944,1195,958,1167,960,1139,956,956,1141,975,1108,999,1091,1017,1096,1037,1094,1074,1113,1116,1145,1073,1165,1037,1170,1014,1170,995,1167,973,1161,969,1137,998,1117,1017,1119,1037,1119,1101,1142,1037,1142,1016,1143,997,1141
3543,h,1,1,831,831,1277,1277,118.1,883,965,877,1015,875,1067,876,1119,881,1172,894,1218,922,1258,961,1287,1015,1301,1076,1300,1139,1288,1199,1268,1246,1234,1277,1183,1296,1123,1308,1061,1319,997,889,897,905,864,939,849,977,849,1012,862,1087,865,1131,855,1178,858,1219,874,1244,908,1044,921,1038,944,1030,966,1022,991,984,1043,1003,1048,1024,1052,1049,1050,1074,1049,920,946,942,937,967,935,993,943,967,948,942,950,1112,946,1141,938,1168,943,1193,955,1165,957,1138,953,956,1144,973,1106,997,1088,1016,1095,1038,1092,1074,1113,1113,1152,1073,1176,1036,1182,1012,1182,992,1179,970,1170,971,1141,997,1118,1016,1119,1037,1120,1096,1148,1037,1151,1015,1149,995,1148
3544,h,1,1,831,831,1277,1277,118.13333333333334,879,968,870,1019,867,1075,869,1130,878,1183,896,1228,927,1267,967,1294,1022,1306,1083,1303,1144,1289,1202,1267,1248,1232,1278,1182,1295,1123,1307,1062,1317,999,889,899,906,865,940,851,978,851,1014,862,1088,865,1132,857,1177,860,1218,876,1242,910,1046,921,1040,944,1033,967,1025,992,986,1044,1005,1049,1025,1052,1051,1052,1075,1051,922,945,945,935,970,934,993,944,969,949,944,950,1114,946,1142,938,1169,943,1193,956,1166,957,1139,954,957,1146,974,1106,1000,1089,1020,1094,1043,1092,1079,1114,1116,1156,1078,1181,1041,1189,1016,1189,993,1186,970,1174,971,1143,999,1117,1019,1119,1043,1120,1099,1152,1043,1157,1019,1156,997,1153
3545,h,1,1,831,831,1277,1277,118.16666666666667,890,970,881,1019,877,1072,879,1123,886,1174,902,1221,930,1261,970,1289,1023,1302,1085,1300,1147,1289,1206,1269,1252,1235,1281,1186,1298,1127,1309,1066,1319,1004,903,899,916,867,947,853,983,852,1015,867,1088,868,1129,857,1174,861,1213,881,1235,916,1045,924,1038,946,1030,968,1020,991,984,1044,1004,1049,1024,1052,1050,1051,1075,1050,934,947,953,935,976,933,1000,945,977,947,954,949,1113,947,1139,936,1164,941,1187,957,1161,956,1136,952,960,1143,976,1104,1000,1087,1019,1092,1041,1091,1079,1111,1116,1152,1079,1175,1042,1182,1018,1183,996,1179,974,1168,974,1140,999,1115,1019,1117,1041,1119,1101,1148,1042,1152,1020,1151,999,1149
3546,h,1,1,831,831,1277,1277,118.2,890,970,881,1019,877,1072,879,1123,886,1174,902,1221,930,1261,970,1289,1023,1302,1085,1300,1147,1289,1206,1269,1252,1235,1281,1186,1298,1127,1309,1066,1319,1004,903,899,916,867,947,853,983,852,1015,867,1088,868,1129,857,1174,861,1213,881,1235,916,1045,924,1038,946,1030,968,1020,991,984,1044,1004,1049,1024,1052,1050,1051,1075,1050,934,947,953,935,976,933,1000,945,977,947,954,949,1113,947,1139,936,1164,941,1187,957,1161,956,1136,952,960,1143,976,1104,1000,1087,1019,1092,1041,1091,1079,1111,1116,1152,1079,1175,1042,1182,1018,1183,996,1179,974,1168,974,1140,999,1115,1019,1117,1041,1119,1101,1148,1042,1152,1020,1151,999,1149
3547,h,1,1,831,831,1277,1277,118.23333333333333,879,973,873,1023,870,1077,873,1131,882,1182,899,1226,930,1262,971,1286,1025,1298,1086,1295,1148,1285,1207,1266,1251,1232,1280,1184,1297,1126,1308,1067,1319,1007,889,901,906,866,942,852,982,853,1017,867,1086,869,1130,858,1176,860,1218,877,1242,911,1046,922,1039,946,1032,968,1023,992,984,1045,1005,1050,1026,1053,1052,1051,1078,1049,922,947,944,936,969,934,994,944,969,948,944,949,1115,947,1142,937,1169,942,1194,956,1166,956,1139,952,956,1141,976,1104,1001,1087,1019,1093,1040,1090,1077,1111,1117,1149,1076,1172,1040,1177,1017,1177,996,1174,974,1165,970,1138,1000,1116,1019,1118,1039,1118,1100,1146,1041,1147,1020,1147,1000,1145
3548,h,1,1,831,831,1277,1277,118.26666666666667,876,977,869,1026,868,1079,871,1131,881,1181,899,1224,931,1260,971,1285,1024,1296,1083,1293,1145,1283,1204,1264,1249,1229,1277,1179,1294,1122,1305,1062,1315,1001,886,906,902,872,937,855,976,853,1013,864,1087,867,1129,857,1175,862,1215,882,1238,917,1044,921,1038,944,1031,966,1023,991,984,1043,1004,1048,1025,1051,1051,1050,1076,1048,920,946,943,935,968,933,993,944,968,946,943,948,1111,946,1140,936,1166,940,1190,956,1163,954,1137,950,954,1137,975,1102,1001,1085,1020,1091,1042,1088,1079,1109,1119,1146,1078,1167,1041,1172,1017,1172,995,1169,972,1160,967,1134,1000,1114,1019,1117,1042,1117,1103,1143,1042,1144,1019,1143,999,1141
3549,h,1,1,831,831,1277,1277,118.3,894,966,886,1015,883,1067,884,1119,888,1169,902,1214,931,1251,969,1278,1023,1290,1085,1288,1148,1278,1207,1259,1253,1225,1283,1176,1301,1119,1312,1061,1323,1000,894,895,911,862,945,851,983,851,1016,867,1088,869,1130,857,1176,860,1218,877,1244,912,1046,924,1038,946,1030,967,1021,991,984,1043,1004,1047,1024,1051,1050,1049,1075,1048,929,943,950,932,974,931,997,943,973,947,949,948,1115,946,1142,935,1169,940,1193,955,1166,956,1139,953,957,1137,976,1102,1000,1086,1018,1092,1039,1089,1074,1109,1114,1145,1073,1166,1038,1169,1016,1169,996,1166,974,1160,971,1134,1000,1115,1018,1117,1038,1117,1097,1142,1038,1141,1018,1140,999,1138
3550,h,1,1,831,831,1277,1277,118.33333333333333,894,966,886,1015,883,1067,884,1119,888,1169,902,1214,931,1251,969,1278,1023,1290,1085,1288,1148,1278,1207,1259,1253,1225,1283,1176,1301,1119,1312,1061,1323,1000,894,895,911,862,945,851,983,851,1016,867,1088,869,1130,857,1176,860,1218,877,1244,912,1046,924,1038,946,1030,967,1021,991,984,1043,1004,1047,1024,1051,1050,1049,1075,1048,929,943,950,932,974,931,997,943,973,947,949,948,1115,946,1142,935,1169,940,1193,955,1166,956,1139,953,957,1137,976,1102,1000,1086,1018,1092,1039,1089,1074,1109,1114,1145,1073,1166,1038,1169,1016,1169,996,1166,974,1160,971,1134,1000,1115,1018,1117,1038,1117,1097,1142,1038,1141,1018,1140,999,1138
3551,h,1,1,831,831,1277,1277,118.36666666666666,875,980,870,1031,868,1085,872,1138,881,1187,900,1229,933,1261,974,1280,1029,1289,1088,1287,1149,1278,1206,1259,1249,1225,1277,1177,1293,1120,1303,1062,1313,1002,887,908,903,871,937,853,978,851,1014,863,1085,866,1128,854,1174,858,1216,878,1240,914,1044,919,1039,943,1033,966,1026,992,986,1042,1006,1048,1027,1051,1053,1049,1078,1047,921,946,943,935,969,933,994,944,969,948,943,949,1110,946,1139,936,1166,940,1190,954,1163,955,1136,952,956,1136,977,1102,1002,1086,1022,1091,1045,1088,1081,1108,1122,1144,1081,1161,1044,1166,1020,1166,998,1163,975,1157,970,1133,1002,1112,1022,1115,1044,1115,1105,1140,1045,1139,1022,1138,1001,1136
3552,h,1,1,831,831,1277,1277,118.4,889,972,881,1022,879,1075,881,1126,889,1176,905,1218,934,1252,973,1275,1024,1286,1083,1285,1144,1275,1202,1257,1247,1225,1277,1177,1295,1120,1305,1061,1315,1000,890,901,905,866,939,851,979,851,1014,865,1084,866,1128,857,1175,860,1218,877,1242,914,1045,922,1039,946,1031,968,1023,992,983,1043,1004,1049,1024,1053,1050,1052,1075,1050,923,943,946,933,971,931,997,943,971,947,945,948,1111,947,1139,937,1167,941,1192,956,1164,957,1137,953,955,1136,975,1102,998,1087,1016,1093,1036,1091,1072,1110,1114,1144,1071,1161,1035,1165,1013,1164,993,1161,972,1155,968,1131,998,1113,1016,1116,1035,1116,1098,1140,1036,1137,1015,1136,997,1134
3553,h,1,1,831,831,1277,1277,118.43333333333334,889,972,881,1022,879,1075,881,1126,889,1176,905,1218,934,1252,973,1275,1024,1286,1083,1285,1144,1275,1202,1257,1247,1225,1277,1177,1295,1120,1305,1061,1315,1000,890,901,905,866,939,851,979,851,1014,865,1084,866,1128,857,1175,860,1218,877,1242,914,1045,922,1039,946,1031,968,1023,992,983,1043,1004,1049,1024,1053,1050,1052,1075,1050,923,943,946,933,971,931,997,943,971,947,945,948,1111,947,1139,937,1167,941,1192,956,1164,957,1137,953,955,1136,975,1102,998,1087,1016,1093,1036,1091,1072,1110,1114,1144,1071,1161,1035,1165,1013,1164,993,1161,972,1155,968,1131,998,1113,1016,1116,1035,1116,1098,1140,1036,1137,1015,1136,997,1134
3554,h,1,1,831,831,1277,1277,118.46666666666667,882,982,877,1032,876,1083,879,1134,886,1183,903,1223,933,1256,972,1277,1027,1287,1088,1287,1149,1279,1205,1261,1248,1228,1277,1180,1295,1123,1305,1063,1315,1001,886,905,902,869,938,853,978,852,1014,866,1084,868,1128,857,1176,860,1219,879,1245,915,1044,922,1038,946,1031,968,1023,993,984,1045,1004,1050,1025,1053,1051,1053,1076,1052,919,949,941,936,967,934,994,945,968,949,941,951,1111,949,1141,938,1169,942,1194,958,1166,958,1138,954,957,1136,977,1103,1000,1087,1018,1093,1038,1091,1074,1112,1116,1147,1073,1161,1037,1163,1015,1162,995,1158,975,1153,970,1132,1000,1114,1018,1117,1038,1118,1100,1142,1037,1135,1017,1134,998,1131
3555,h,1,1,831,831,1277,1277,118.5,878,980,874,1031,874,1084,877,1135,886,1184,904,1225,935,1258,975,1279,1029,1289,1088,1286,1148,1277,1205,1260,1249,1227,1277,1179,1294,1122,1304,1063,1314,1002,884,905,902,870,937,855,977,854,1013,868,1086,869,1129,859,1176,862,1217,879,1243,913,1044,922,1038,945,1031,968,1023,992,985,1045,1005,1050,1024,1053,1049,1052,1074,1052,920,947,942,935,967,934,993,944,967,948,942,950,1111,947,1139,937,1166,941,1190,956,1163,957,1136,953,957,1134,978,1101,1001,1086,1019,1092,1039,1090,1075,1109,1116,1144,1074,1157,1039,1159,1016,1158,996,1155,975,1150,971,1130,1000,1113,1018,1115,1039,1116,1100,1140,1039,1132,1018,1131,999,1128
3556,h,1,1,831,831,1277,1277,118.53333333333333,881,979,874,1028,872,1080,873,1133,881,1183,898,1224,929,1258,968,1281,1022,1291,1081,1290,1143,1280,1200,1261,1245,1228,1274,1179,1292,1122,1302,1063,1312,1002,885,904,902,869,938,854,978,855,1014,870,1083,872,1127,860,1175,863,1217,880,1240,918,1043,922,1037,945,1030,966,1022,990,982,1043,1003,1049,1023,1053,1049,1052,1074,1049,916,947,939,937,965,934,992,944,965,949,939,951,1109,947,1139,938,1167,943,1192,958,1164,958,1136,954,952,1135,973,1101,996,1085,1015,1091,1036,1089,1071,1108,1113,1142,1070,1152,1035,1153,1013,1153,992,1150,972,1147,966,1130,996,1113,1015,1115,1036,1116,1096,1137,1036,1125,1015,1124,995,1122
3557,h,1,1,831,831,1277,1277,118.56666666666666,881,979,874,1028,872,1080,873,1133,881,1183,898,1224,929,1258,968,1281,1022,1291,1081,1290,1143,1280,1200,1261,1245,1228,1274,1179,1292,1122,1302,1063,1312,1002,885,904,902,869,938,854,978,855,1014,870,1083,872,1127,860,1175,863,1217,880,1240,918,1043,922,1037,945,1030,966,1022,990,982,1043,1003,1049,1023,1053,1049,1052,1074,1049,916,947,939,937,965,934,992,944,965,949,939,951,1109,947,1139,938,1167,943,1192,958,1164,958,1136,954,952,1135,973,1101,996,1085,1015,1091,1036,1089,1071,1108,1113,1142,1070,1152,1035,1153,1013,1153,992,1150,972,1147,966,1130,996,1113,1015,1115,1036,1116,1096,1137,1036,1125,1015,1124,995,1122
3558,h,1,1,831,831,1277,1277,118.6,877,974,871,1025,869,1078,871,1130,879,1180,898,1222,931,1255,972,1276,1026,1286,1086,1284,1146,1274,1202,1256,1246,1224,1275,1177,1291,1120,1301,1062,1311,1002,885,901,902,866,937,853,977,853,1013,866,1084,866,1128,857,1174,859,1215,875,1240,910,1043,921,1037,945,1030,967,1022,991,983,1042,1003,1048,1024,1052,1048,1051,1072,1049,919,946,941,936,966,934,991,944,966,949,941,950,1110,946,1138,937,1165,941,1190,955,1162,956,1135,952,954,1134,975,1100,999,1085,1017,1090,1037,1088,1071,1108,1113,1142,1071,1152,1036,1153,1015,1153,995,1151,973,1147,968,1129,999,1112,1017,1114,1037,1115,1097,1137,1037,1126,1017,1125,998,1124
3559,h,1,1,831,831,1277,1277,118.63333333333334,886,964,880,1015,879,1070,882,1122,887,1174,902,1217,932,1251,971,1274,1023,1285,1082,1282,1143,1272,1201,1255,1247,1223,1277,1176,1295,1120,1307,1060,1319,997,883,898,902,865,938,854,977,856,1013,870,1080,870,1124,859,1171,860,1214,874,1243,908,1040,922,1033,944,1025,966,1016,990,980,1041,999,1046,1019,1050,1044,1049,1069,1047,916,944,939,935,965,932,991,943,964,948,938,949,1109,945,1139,936,1166,941,1192,953,1163,956,1136,952,951,1135,972,1101,994,1085,1011,1090,1030,1088,1065,1108,1108,1140,1065,1157,1030,1160,1009,1160,990,1157,969,1152,964,1130,994,1112,1011,1113,1030,1114,1092,1136,1030,1130,1011,1130,994,1128
3560,h,1,1,831,831,1277,1277,118.66666666666667,877,974,872,1026,870,1080,873,1133,880,1184,897,1225,928,1260,968,1283,1022,1293,1083,1290,1145,1280,1204,1262,1249,1230,1278,1182,1295,1126,1307,1067,1318,1006,881,903,899,867,935,853,976,853,1013,867,1078,868,1124,856,1173,859,1218,877,1246,914,1041,919,1035,942,1027,964,1018,988,981,1041,1000,1046,1021,1050,1045,1049,1070,1047,915,946,937,936,963,933,991,943,963,948,937,949,1110,946,1141,936,1169,941,1196,954,1166,955,1138,951,951,1137,971,1101,993,1084,1012,1089,1033,1087,1067,1107,1109,1144,1067,1160,1033,1163,1010,1163,989,1161,968,1156,965,1132,993,1110,1012,1113,1033,1113,1091,1139,1033,1136,1012,1136,992,1134
3561,h,1,1,831,831,1277,1277,118.7,877,974,872,1026,870,1080,873,1133,880,1184,897,1225,928,1260,968,1283,1022,1293,1083,1290,1145,1280,1204,1262,1249,1230,1278,1182,1295,1126,1307,1067,1318,1006,881,903,899,867,935,853,976,853,1013,867,1078,868,1124,856,1173,859,1218,877,1246,914,1041,919,1035,942,1027,964,1018,988,981,1041,1000,1046,1021,1050,1045,1049,1070,1047,915,946,937,936,963,933,991,943,963,948,937,949,1110,946,1141,936,1169,941,1196,954,1166,955,1138,951,951,1137,971,1101,993,1084,1012,1089,1033,1087,1067,1107,1109,1144,1067,1160,1033,1163,1010,1163,989,1161,968,1156,965,1132,993,1110,1012,1113,1033,1113,1091,1139,1033,1136,1012,1136,992,1134
3562,h,1,1,831,831,1277,1277,118.73333333333333,884,968,878,1018,878,1073,880,1124,887,1174,902,1217,931,1251,968,1275,1018,1286,1076,1285,1138,1275,1195,1256,1242,1224,1273,1177,1292,1121,1304,1060,1316,997,881,896,900,862,936,851,976,854,1013,868,1079,869,1123,857,1170,858,1214,872,1243,907,1039,920,1032,943,1023,965,1014,990,979,1042,998,1047,1018,1051,1043,1050,1069,1048,915,944,937,934,964,932,990,942,963,947,937,948,1109,945,1138,935,1166,940,1193,953,1164,956,1135,951,954,1136,972,1101,994,1084,1011,1090,1031,1088,1065,1109,1106,1144,1064,1163,1030,1167,1009,1167,989,1163,970,1157,969,1131,994,1113,1011,1115,1030,1116,1089,1140,1030,1136,1011,1135,992,1133
3563,h,1,1,831,831,1277,1277,118.76666666666667,870,959,863,1011,860,1066,864,1121,873,1172,890,1217,921,1255,961,1282,1014,1293,1075,1288,1138,1275,1197,1253,1243,1219,1272,1170,1288,1112,1299,1051,1309,989,878,896,897,863,933,850,974,850,1011,864,1076,866,1121,854,1168,856,1210,873,1236,910,1038,918,1032,941,1025,963,1017,988,978,1040,998,1045,1019,1049,1045,1048,1070,1046,914,942,937,932,963,930,989,940,963,944,937,946,1103,943,1133,933,1160,937,1184,950,1157,952,1129,948,949,1136,968,1100,992,1082,1011,1088,1030,1085,1063,1107,1104,1143,1062,1160,1029,1165,1008,1165,987,1163,965,1156,963,1132,991,1112,1010,1114,1029,1114,1086,1139,1030,1134,1010,1134,990,1132
3564,h,1,1,831,831,1277,1277,118.8,884,967,878,1018,878,1072,880,1122,886,1172,902,1215,931,1249,968,1273,1018,1284,1076,1284,1136,1274,1192,1256,1238,1223,1270,1177,1289,1122,1300,1062,1309,1000,883,897,901,864,935,853,974,854,1008,867,1075,868,1117,856,1164,858,1206,874,1233,910,1037,919,1031,942,1023,964,1015,989,979,1041,998,1046,1017,1050,1042,1049,1066,1047,915,941,937,931,963,929,988,940,962,945,936,946,1104,942,1132,933,1159,937,1184,951,1156,953,1129,949,948,1133,968,1099,990,1082,1008,1088,1027,1086,1061,1108,1102,1144,1060,1161,1026,1163,1005,1163,985,1159,965,1151,963,1128,990,1110,1008,1112,1027,1114,1085,1140,1027,1131,1007,1129,989,1127
3565,h,1,1,831,831,1277,1277,118.83333333333333,884,967,878,1018,878,1072,880,1122,886,1172,902,1215,931,1249,968,1273,1018,1284,1076,1284,1136,1274,1192,1256,1238,1223,1270,1177,1289,1122,1300,1062,1309,1000,883,897,901,864,935,853,974,854,1008,867,1075,868,1117,856,1164,858,1206,874,1233,910,1037,919,1031,942,1023,964,1015,989,979,1041,998,1046,1017,1050,1042,1049,1066,1047,915,941,937,931,963,929,988,940,962,945,936,946,1104,942,1132,933,1159,937,1184,951,1156,953,1129,949,948,1133,968,1099,990,1082,1008,1088,1027,1086,1061,1108,1102,1144,1060,1161,1026,1163,1005,1163,985,1159,965,1151,963,1128,990,1110,1008,1112,1027,1114,1085,1140,1027,1131,1007,1129,989,1127
3566,h,1,1,831,831,1277,1277,118.86666666666666,869,988,864,1039,864,1091,868,1142,880,1191,899,1232,930,1263,968,1285,1019,1296,1077,1294,1137,1285,1192,1266,1236,1234,1265,1188,1285,1133,1296,1075,1308,1014,878,901,897,866,934,852,975,854,1011,869,1073,869,1118,855,1166,858,1210,876,1237,914,1037,916,1031,941,1024,963,1016,988,979,1040,998,1045,1018,1049,1042,1048,1066,1047,915,944,937,933,963,930,989,939,963,945,937,946,1103,942,1132,934,1160,939,1185,954,1156,954,1129,949,957,1142,971,1098,992,1079,1009,1085,1029,1082,1064,1107,1101,1152,1063,1163,1028,1164,1007,1163,988,1160,969,1154,973,1137,991,1109,1009,1111,1028,1113,1084,1147,1029,1134,1009,1132,991,1130
3567,h,1,1,831,831,1277,1277,118.9,884,977,879,1027,879,1079,882,1130,890,1179,906,1221,935,1254,970,1278,1018,1289,1073,1289,1134,1281,1190,1263,1235,1231,1265,1185,1283,1130,1296,1070,1308,1009,893,897,910,868,942,857,978,859,1009,871,1077,869,1117,859,1162,861,1202,878,1229,911,1036,918,1029,942,1021,965,1012,990,978,1039,996,1045,1014,1049,1039,1048,1063,1047,926,941,946,930,970,928,992,940,969,944,945,945,1103,942,1128,932,1154,936,1178,951,1152,953,1125,949,957,1135,970,1096,990,1080,1007,1085,1027,1083,1060,1105,1099,1147,1060,1161,1026,1161,1006,1160,986,1156,969,1151,971,1131,989,1105,1008,1108,1026,1110,1083,1141,1027,1134,1007,1132,989,1130
3568,h,1,1,831,831,1277,1277,118.93333333333334,884,977,879,1027,879,1079,882,1130,890,1179,906,1221,935,1254,970,1278,1018,1289,1073,1289,1134,1281,1190,1263,1235,1231,1265,1185,1283,1130,1296,1070,1308,1009,893,897,910,868,942,857,978,859,1009,871,1077,869,1117,859,1162,861,1202,878,1229,911,1036,918,1029,942,1021,965,1012,990,978,1039,996,1045,1014,1049,1039,1048,1063,1047,926,941,946,930,970,928,992,940,969,944,945,945,1103,942,1128,932,1154,936,1178,951,1152,953,1125,949,957,1135,970,1096,990,1080,1007,1085,1027,1083,1060,1105,1099,1147,1060,1161,1026,1161,1006,1160,986,1156,969,1151,971,1131,989,1105,1008,1108,1026,1110,1083,1141,1027,1134,1007,1132,989,1130
3569,h,1,1,831,831,1277,1277,118.96666666666667,878,994,876,1043,878,1093,882,1142,890,1188,908,1226,938,1255,975,1275,1025,1286,1082,1284,1141,1275,1195,1257,1237,1226,1266,1181,1283,1127,1295,1068,1307,1006,878,902,894,867,930,853,969,854,1003,868,1077,868,1118,856,1165,859,1207,877,1234,914,1035,921,1029,944,1022,967,1014,991,978,1041,997,1047,1016,1050,1041,1049,1065,1049,914,944,936,931,962,930,988,944,962,948,935,949,1101,946,1128,933,1157,937,1183,954,1155,956,1126,953,956,1136,972,1096,994,1080,1011,1085,1030,1084,1065,1106,1105,1149,1064,1164,1030,1164,1010,1163,990,1159,971,1153,970,1132,994,1106,1012,1109,1030,1111,1088,1143,1030,1136,1011,1134,993,1130
3570,h,1,1,831,831,1277,1277,119.0,883,983,879,1032,878,1083,881,1133,890,1182,907,1224,937,1256,973,1281,1020,1292,1078,1291,1137,1281,1191,1262,1234,1228,1264,1182,1282,1125,1293,1066,1305,1003,902,898,917,871,945,859,978,860,1007,872,1076,871,1114,861,1157,862,1197,879,1223,912,1034,919,1027,943,1019,966,1010,991,981,1040,997,1045,1015,1049,1039,1047,1062,1045,930,946,948,933,971,930,992,942,970,946,948,947,1100,943,1123,932,1149,936,1172,952,1146,953,1121,949,963,1140,973,1097,991,1080,1010,1084,1029,1083,1063,1104,1101,1146,1064,1159,1030,1162,1010,1161,990,1158,973,1153,975,1135,992,1107,1010,1109,1029,1110,1086,1140,1030,1134,1011,1132,992,1130
3571,h,1,1,831,831,1277,1277,119.03333333333333,876,991,873,1042,876,1094,881,1144,891,1191,910,1232,940,1262,977,1284,1026,1293,1081,1289,1140,1279,1193,1260,1235,1228,1263,1181,1281,1125,1292,1066,1303,1004,877,906,892,870,926,855,966,853,1000,868,1070,868,1110,856,1156,858,1198,877,1225,911,1029,919,1024,943,1018,966,1011,992,978,1043,995,1048,1014,1051,1038,1049,1062,1047,912,946,933,933,959,931,984,943,959,948,933,950,1095,944,1122,932,1150,936,1174,951,1147,953,1120,950,960,1143,974,1102,994,1083,1011,1087,1030,1085,1064,1106,1102,1146,1065,1165,1031,1169,1011,1169,992,1166,974,1160,972,1138,994,1109,1011,1111,1029,1112,1087,1141,1031,1141,1012,1140,994,1138
3572,h,1,1,831,831,1277,1277,119.06666666666666,876,991,873,1042,876,1094,881,1144,891,1191,910,1232,940,1262,977,1284,1026,1293,1081,1289,1140,1279,1193,1260,1235,1228,1263,1181,1281,1125,1292,1066,1303,1004,877,906,892,870,926,855,966,853,1000,868,1070,868,1110,856,1156,858,1198,877,1225,911,1029,919,1024,943,1018,966,1011,992,978,1043,995,1048,1014,1051,1038,1049,1062,1047,912,946,933,933,959,931,984,943,959,948,933,950,1095,944,1122,932,1150,936,1174,951,1147,953,1120,950,960,1143,974,1102,994,1083,1011,1087,1030,1085,1064,1106,1102,1146,1065,1165,1031,1169,1011,1169,992,1166,974,1160,972,1138,994,1109,1011,1111,1029,1112,1087,1141,1031,1141,1012,1140,994,1138
3573,h,1,1,831,831,1277,1277,119.1,878,975,873,1026,874,1079,876,1130,884,1179,901,1218,931,1249,969,1271,1020,1283,1077,1281,1137,1271,1193,1255,1237,1224,1267,1178,1284,1122,1296,1062,1307,1000,876,901,893,867,930,854,969,857,1005,871,1072,871,1116,859,1164,860,1209,875,1238,910,1035,920,1028,944,1020,966,1011,990,975,1041,994,1047,1014,1051,1039,1050,1064,1049,912,942,935,932,962,930,990,942,962,947,934,948,1101,945,1132,934,1161,939,1189,953,1159,957,1129,953,950,1132,969,1098,990,1083,1007,1088,1025,1087,1060,1109,1103,1147,1059,1160,1024,1159,1004,1157,985,1154,966,1148,964,1128,990,1110,1007,1113,1025,1115,1086,1141,1025,1130,1006,1127,989,1125
3574,h,1,1,831,831,1277,1277,119.13333333333334,878,980,871,1030,869,1082,872,1135,881,1184,898,1226,928,1260,966,1285,1017,1296,1076,1294,1136,1282,1191,1263,1236,1230,1266,1183,1284,1129,1296,1069,1308,1007,887,899,903,867,935,855,971,856,1003,869,1074,867,1116,857,1161,859,1202,875,1228,910,1032,919,1026,943,1018,966,1009,991,972,1042,991,1047,1012,1051,1038,1049,1063,1048,918,945,939,933,963,931,988,943,963,948,938,949,1099,944,1127,933,1154,937,1178,953,1151,954,1124,950,945,1138,962,1099,986,1082,1005,1087,1026,1085,1061,1105,1099,1145,1060,1164,1026,1167,1003,1167,982,1165,961,1157,959,1133,985,1111,1005,1112,1026,1113,1082,1140,1026,1137,1005,1136,984,1135
3575,h,1,1,831,831,1277,1277,119.16666666666667,864,978,860,1031,861,1085,867,1139,878,1189,898,1231,930,1264,969,1286,1020,1295,1077,1293,1136,1282,1191,1263,1235,1229,1264,1182,1282,1125,1294,1065,1304,1003,871,905,888,869,924,854,965,855,1002,868,1071,869,1115,857,1164,859,1207,876,1234,911,1031,918,1026,942,1019,966,1012,992,974,1042,993,1048,1014,1052,1039,1050,1063,1048,906,946,929,935,956,932,982,943,955,948,929,949,1099,944,1130,935,1158,940,1184,954,1155,955,1126,951,946,1140,966,1101,988,1083,1008,1088,1028,1086,1063,1107,1102,1146,1063,1165,1030,1169,1008,1170,986,1166,964,1159,961,1135,988,1111,1008,1112,1028,1113,1085,1141,1029,1138,1008,1138,988,1136
3576,h,1,1,831,831,1277,1277,119.2,864,978,860,1031,861,1085,867,1139,878,1189,898,1231,930,1264,969,1286,1020,1295,1077,1293,1136,1282,1191,1263,1235,1229,1264,1182,1282,1125,1294,1065,1304,1003,871,905,888,869,924,854,965,855,1002,868,1071,869,1115,857,1164,859,1207,876,1234,911,1031,918,1026,942,1019,966,1012,992,974,1042,993,1048,1014,1052,1039,1050,1063,1048,906,946,929,935,956,932,982,943,955,948,929,949,1099,944,1130,935,1158,940,1184,954,1155,955,1126,951,946,1140,966,1101,988,1083,1008,1088,1028,1086,1063,1107,1102,1146,1063,1165,1030,1169,1008,1170,986,1166,964,1159,961,1135,988,1111,1008,1112,1028,1113,1085,1141,1029,1138,1008,1138,988,1136
3577,h,1,1,831,831,1277,1277,119.23333333333333,879,987,875,1037,875,1089,878,1139,886,1185,904,1225,933,1257,969,1281,1019,1290,1077,1289,1137,1278,1193,1259,1236,1226,1264,1179,1282,1124,1293,1064,1304,1003,885,902,902,870,935,859,971,859,1005,871,1072,870,1114,860,1159,862,1199,879,1224,912,1032,919,1026,944,1018,968,1009,994,975,1043,994,1049,1014,1052,1039,1051,1063,1049,918,945,939,934,963,932,988,943,963,947,939,949,1100,944,1126,933,1153,937,1177,951,1151,953,1124,950,948,1137,967,1101,988,1084,1007,1088,1026,1087,1060,1107,1100,1145,1061,1160,1027,1163,1006,1163,986,1160,965,1154,962,1132,988,1111,1007,1113,1027,1114,1083,1140,1027,1135,1007,1134,988,1132
3578,h,1,1,831,831,1277,1277,119.26666666666667,868,979,863,1030,862,1084,866,1137,877,1186,897,1228,928,1261,968,1285,1021,1294,1079,1290,1139,1278,1194,1257,1238,1224,1266,1177,1282,1121,1292,1063,1302,1001,874,909,890,870,927,853,968,852,1005,865,1071,867,1116,855,1164,858,1206,876,1231,914,1032,919,1026,944,1019,967,1012,994,974,1043,993,1049,1013,1053,1039,1052,1064,1050,912,946,935,936,959,934,985,943,959,947,935,949,1098,945,1127,937,1153,942,1178,955,1150,956,1124,951,948,1134,967,1099,989,1084,1008,1089,1029,1086,1063,1107,1103,1144,1063,1160,1029,1162,1006,1162,985,1159,965,1152,963,1130,989,1110,1008,1112,1028,1113,1085,1139,1029,1133,1008,1132,988,1129
3579,h,1,1,831,831,1277,1277,119.3,881,978,876,1030,875,1083,879,1134,887,1182,904,1222,931,1254,966,1276,1016,1287,1074,1284,1135,1274,1192,1257,1238,1225,1268,1179,1286,1124,1298,1063,1310,1001,890,899,906,871,936,859,970,860,1001,872,1076,872,1116,863,1159,864,1199,879,1228,909,1032,924,1025,947,1016,969,1007,993,975,1045,993,1049,1012,1053,1038,1051,1062,1049,923,949,942,936,966,934,990,945,966,950,942,952,1099,946,1125,935,1151,939,1176,954,1149,956,1122,952,950,1134,967,1100,988,1085,1007,1089,1025,1086,1060,1104,1101,1140,1061,1154,1026,1157,1006,1158,986,1155,966,1149,964,1129,988,1111,1007,1113,1025,1114,1084,1135,1026,1127,1007,1126,988,1125
3580,h,1,1,831,831,1277,1277,119.33333333333333,881,978,876,1030,875,1083,879,1134,887,1182,904,1222,931,1254,966,1276,1016,1287,1074,1284,1135,1274,1192,1257,1238,1225,1268,1179,1286,1124,1298,1063,1310,1001,890,899,906,871,936,859,970,860,1001,872,1076,872,1116,863,1159,864,1199,879,1228,909,1032,924,1025,947,1016,969,1007,993,975,1045,993,1049,1012,1053,1038,1051,1062,1049,923,949,942,936,966,934,990,945,966,950,942,952,1099,946,1125,935,1151,939,1176,954,1149,956,1122,952,950,1134,967,1100,988,1085,1007,1089,1025,1086,1060,1104,1101,1140,1061,1154,1026,1157,1006,1158,986,1155,966,1149,964,1129,988,1111,1007,1113,1025,1114,1084,1135,1026,1127,1007,1126,988,1125
3581,h,1,1,831,831,1277,1277,119.36666666666666,882,981,876,1031,875,1083,878,1134,886,1183,904,1222,934,1255,972,1278,1023,1288,1082,1286,1142,1275,1197,1256,1239,1223,1267,1175,1284,1119,1295,1060,1305,999,878,900,895,866,930,854,969,855,1004,869,1070,871,1113,859,1160,860,1203,876,1230,913,1031,920,1025,945,1018,968,1011,993,974,1044,994,1049,1014,1053,1040,1051,1065,1050,914,945,936,935,961,933,986,944,960,948,935,949,1098,947,1127,937,1154,941,1179,956,1151,958,1124,954,951,1134,970,1098,992,1083,1009,1088,1030,1085,1066,1105,1106,1142,1067,1157,1031,1159,1009,1159,989,1156,968,1150,966,1129,991,1109,1009,1111,1029,1112,1089,1137,1031,1130,1010,1128,991,1126
3582,h,1,1,831,831,1277,1277,119.4,877,983,871,1034,870,1087,873,1138,883,1186,901,1226,931,1257,969,1278,1019,1288,1077,1286,1135,1277,1189,1260,1233,1227,1264,1181,1281,1125,1292,1065,1303,1003,887,902,902,871,934,859,968,860,999,873,1075,874,1115,863,1160,864,1201,880,1228,912,1032,925,1025,949,1017,972,1010,997,975,1046,993,1052,1013,1055,1039,1053,1064,1051,920,949,940,937,965,936,990,947,965,951,940,953,1099,949,1125,939,1152,942,1177,957,1149,959,1123,955,947,1132,968,1099,990,1084,1009,1089,1029,1086,1064,1104,1103,1142,1064,1155,1029,1158,1007,1157,986,1154,966,1148,962,1127,990,1110,1009,1112,1029,1113,1087,1136,1029,1128,1009,1126,989,1124
3583,h,1,1,831,831,1277,1277,119.43333333333334,877,983,871,1034,870,1087,873,1138,883,1186,901,1226,931,1257,969,1278,1019,1288,1077,1286,1135,1277,1189,1260,1233,1227,1264,1181,1281,1125,1292,1065,1303,1003,887,902,902,871,934,859,968,860,999,873,1075,874,1115,863,1160,864,1201,880,1228,912,1032,925,1025,949,1017,972,1010,997,975,1046,993,1052,1013,1055,1039,1053,1064,1051,920,949,940,937,965,936,990,947,965,951,940,953,1099,949,1125,939,1152,942,1177,957,1149,959,1123,955,947,1132,968,1099,990,1084,1009,1089,1029,1086,1064,1104,1103,1142,1064,1155,1029,1158,1007,1157,986,1154,966,1148,962,1127,990,1110,1009,1112,1029,1113,1087,1136,1029,1128,1009,1126,989,1124
3584,h,1,1,831,831,1277,1277,119.46666666666667,880,976,875,1026,874,1076,876,1127,882,1174,899,1215,928,1247,966,1271,1017,1283,1076,1281,1136,1271,1193,1253,1238,1221,1267,1174,1283,1118,1293,1059,1302,998,886,902,903,872,935,862,972,863,1004,875,1075,873,1115,864,1160,866,1199,883,1226,916,1033,927,1027,950,1020,972,1012,997,975,1048,995,1053,1016,1057,1042,1054,1067,1052,917,948,939,938,963,937,988,948,962,951,938,952,1100,949,1126,939,1152,942,1176,956,1149,958,1123,954,945,1134,967,1102,992,1086,1012,1091,1033,1088,1068,1105,1107,1141,1068,1155,1033,1158,1010,1158,988,1155,966,1149,959,1129,991,1112,1012,1114,1033,1114,1091,1135,1033,1129,1012,1128,991,1126
3585,h,1,1,831,831,1277,1277,119.5,888,977,880,1026,877,1077,880,1127,887,1176,902,1218,930,1252,966,1278,1017,1290,1077,1289,1138,1279,1195,1260,1241,1227,1272,1180,1289,1123,1299,1062,1307,1000,899,900,915,873,944,864,977,864,1006,876,1072,874,1112,865,1157,867,1197,883,1224,914,1033,928,1026,951,1017,973,1009,998,975,1047,994,1052,1015,1057,1041,1054,1066,1051,927,952,945,939,968,937,991,949,968,952,946,953,1102,950,1127,938,1153,942,1178,957,1150,957,1125,954,950,1136,969,1100,992,1085,1013,1090,1034,1086,1068,1102,1106,1141,1068,1157,1033,1160,1011,1161,988,1158,967,1151,965,1131,992,1113,1013,1114,1034,1114,1090,1136,1034,1130,1012,1130,991,1128
3586,h,1,1,831,831,1277,1277,119.53333333333333,882,975,876,1026,876,1080,879,1130,886,1180,902,1223,931,1258,968,1281,1018,1291,1076,1289,1135,1278,1191,1258,1236,1224,1266,1177,1282,1120,1294,1061,1304,1001,886,902,905,872,937,861,972,863,1004,875,1076,874,1116,865,1160,866,1200,881,1226,914,1034,931,1028,954,1020,975,1012,1000,975,1050,995,1056,1016,1060,1042,1057,1068,1054,919,952,940,940,964,938,988,951,964,955,939,956,1101,952,1127,939,1154,943,1179,957,1152,960,1125,957,948,1140,966,1103,991,1085,1011,1090,1032,1086,1068,1105,1106,1144,1068,1161,1033,1167,1010,1168,988,1165,965,1158,961,1135,990,1114,1011,1115,1032,1115,1090,1140,1033,1139,1012,1140,990,1138
3587,h,1,1,831,831,1277,1277,119.56666666666666,882,975,876,1026,876,1080,879,1130,886,1180,902,1223,931,1258,968,1281,1018,1291,1076,1289,1135,1278,1191,1258,1236,1224,1266,1177,1282,1120,1294,1061,1304,1001,886,902,905,872,937,861,972,863,1004,875,1076,874,1116,865,1160,866,1200,881,1226,914,1034,931,1028,954,1020,975,1012,1000,975,1050,995,1056,1016,1060,1042,1057,1068,1054,919,952,940,940,964,938,988,951,964,955,939,956,1101,952,1127,939,1154,943,1179,957,1152,960,1125,957,948,1140,966,1103,991,1085,1011,1090,1032,1086,1068,1105,1106,1144,1068,1161,1033,1167,1010,1168,988,1165,965,1158,961,1135,990,1114,1011,1115,1032,1115,1090,1140,1033,1139,1012,1140,990,1138
3588,h,1,1,831,831,1277,1277,119.6,883,972,877,1022,876,1075,878,1125,884,1175,901,1220,929,1256,966,1281,1018,1292,1077,1289,1139,1275,1195,1254,1239,1220,1268,1173,1283,1116,1294,1057,1306,996,890,901,907,873,937,863,971,864,1002,875,1078,875,1118,864,1162,866,1201,880,1228,911,1032,929,1025,953,1017,975,1009,1000,974,1048,993,1053,1014,1057,1041,1054,1067,1051,921,953,941,941,964,940,988,950,964,954,941,955,1102,951,1127,940,1153,943,1177,957,1150,958,1125,956,946,1140,964,1102,989,1086,1010,1090,1033,1086,1069,1104,1107,1143,1069,1166,1033,1174,1009,1175,986,1172,962,1163,961,1136,989,1112,1011,1114,1032,1113,1091,1139,1033,1145,1010,1146,988,1144
3589,h,1,1,831,831,1277,1277,119.63333333333334,883,966,877,1015,875,1067,874,1118,880,1169,895,1214,923,1253,961,1281,1015,1293,1075,1292,1137,1279,1193,1258,1239,1223,1268,1174,1285,1116,1296,1056,1305,995,882,899,898,868,932,858,969,860,1003,873,1076,874,1118,864,1162,863,1202,876,1229,908,1033,928,1027,952,1019,974,1012,1000,974,1046,994,1052,1016,1056,1042,1053,1068,1050,913,947,935,938,959,937,984,946,959,950,934,951,1102,948,1129,939,1156,943,1180,956,1153,958,1127,955,947,1140,965,1101,990,1084,1012,1089,1035,1086,1071,1104,1111,1143,1071,1169,1034,1177,1009,1178,985,1176,961,1167,960,1136,990,1111,1012,1113,1034,1113,1094,1140,1034,1147,1010,1148,988,1147
3590,h,1,1,831,831,1277,1277,119.66666666666667,881,972,875,1022,875,1075,877,1125,882,1175,897,1220,924,1259,961,1288,1014,1299,1075,1296,1137,1281,1192,1259,1238,1225,1269,1177,1287,1121,1297,1062,1307,1000,887,903,903,871,937,859,974,860,1007,873,1075,873,1116,862,1161,863,1201,880,1226,915,1035,926,1029,949,1021,972,1013,997,974,1044,995,1050,1017,1055,1044,1052,1069,1048,917,948,939,937,963,936,987,947,963,951,938,952,1101,948,1128,938,1154,941,1178,956,1151,956,1125,953,948,1141,967,1100,992,1082,1012,1087,1034,1083,1071,1102,1109,1143,1070,1168,1034,1177,1009,1179,987,1176,964,1167,962,1137,991,1109,1012,1110,1034,1110,1093,1140,1034,1148,1011,1149,990,1148
3591,h,1,1,831,831,1277,1277,119.7,881,972,875,1022,875,1075,877,1125,882,1175,897,1220,924,1259,961,1288,1014,1299,1075,1296,1137,1281,1192,1259,1238,1225,1269,1177,1287,1121,1297,1062,1307,1000,887,903,903,871,937,859,974,860,1007,873,1075,873,1116,862,1161,863,1201,880,1226,915,1035,926,1029,949,1021,972,1013,997,974,1044,995,1050,1017,1055,1044,1052,1069,1048,917,948,939,937,963,936,987,947,963,951,938,952,1101,948,1128,938,1154,941,1178,956,1151,956,1125,953,948,1141,967,1100,992,1082,1012,1087,1034,1083,1071,1102,1109,1143,1070,1168,1034,1177,1009,1179,987,1176,964,1167,962,1137,991,1109,1012,1110,1034,1110,1093,1140,1034,1148,1011,1149,990,1148
3592,h,1,1,831,831,1277,1277,119.73333333333333,872,976,868,1028,869,1081,873,1135,883,1186,903,1229,935,1262,976,1285,1029,1294,1088,1289,1148,1276,1203,1254,1245,1220,1272,1172,1287,1115,1298,1057,1308,997,876,903,893,869,929,854,968,853,1003,867,1078,866,1120,855,1166,859,1207,876,1232,911,1033,918,1028,943,1021,966,1015,992,976,1039,997,1046,1018,1050,1045,1047,1070,1043,913,944,935,933,959,931,984,941,959,945,934,947,1103,942,1130,932,1157,936,1182,950,1154,950,1128,947,948,1135,967,1096,992,1079,1013,1083,1036,1080,1074,1099,1115,1138,1076,1162,1038,1170,1014,1172,989,1169,966,1160,962,1131,992,1104,1014,1105,1036,1105,1098,1134,1038,1144,1015,1144,991,1142
3593,h,1,1,831,831,1277,1277,119.76666666666667,871,973,866,1025,867,1079,870,1132,881,1182,902,1225,934,1258,974,1280,1028,1288,1087,1284,1147,1270,1203,1249,1246,1214,1273,1166,1289,1110,1299,1053,1309,994,878,904,896,869,932,855,972,854,1007,867,1076,865,1119,854,1165,857,1206,873,1231,907,1036,916,1030,940,1023,962,1015,988,977,1037,998,1043,1020,1046,1045,1044,1070,1040,914,943,935,931,960,929,987,939,961,943,935,945,1103,939,1131,930,1158,934,1183,948,1155,949,1128,945,948,1132,967,1094,993,1076,1014,1080,1036,1077,1073,1098,1113,1136,1073,1159,1037,1166,1013,1167,990,1164,965,1156,962,1129,993,1103,1014,1104,1035,1104,1096,1132,1037,1138,1014,1139,993,1137
3594,h,1,1,831,831,1277,1277,119.8,879,969,875,1021,877,1074,880,1126,888,1177,907,1220,939,1255,981,1277,1036,1288,1097,1282,1157,1267,1211,1243,1250,1206,1274,1156,1288,1100,1297,1043,1307,983,878,903,895,867,931,852,972,852,1008,866,1076,865,1119,854,1165,855,1207,871,1234,906,1038,914,1032,938,1025,961,1019,986,980,1036,1000,1041,1022,1046,1047,1043,1071,1040,913,942,935,931,961,929,988,939,961,943,936,945,1104,940,1132,931,1159,935,1185,948,1157,949,1130,946,948,1129,970,1091,995,1075,1016,1080,1038,1077,1076,1098,1121,1135,1079,1153,1041,1156,1017,1157,994,1153,969,1146,963,1124,995,1100,1016,1102,1039,1102,1104,1131,1040,1129,1017,1128,996,1127
3595,h,1,1,831,831,1277,1277,119.83333333333333,879,969,875,1021,877,1074,880,1126,888,1177,907,1220,939,1255,981,1277,1036,1288,1097,1282,1157,1267,1211,1243,1250,1206,1274,1156,1288,1100,1297,1043,1307,983,878,903,895,867,931,852,972,852,1008,866,1076,865,1119,854,1165,855,1207,871,1234,906,1038,914,1032,938,1025,961,1019,986,980,1036,1000,1041,1022,1046,1047,1043,1071,1040,913,942,935,931,961,929,988,939,961,943,936,945,1104,940,1132,931,1159,935,1185,948,1157,949,1130,946,948,1129,970,1091,995,1075,1016,1080,1038,1077,1076,1098,1121,1135,1079,1153,1041,1156,1017,1157,994,1153,969,1146,963,1124,995,1100,1016,1102,1039,1102,1104,1131,1040,1129,1017,1128,996,1127
3596,h,1,1,831,831,1277,1277,119.86666666666666,876,982,876,1033,880,1083,884,1135,895,1183,916,1223,952,1254,993,1274,1047,1284,1106,1277,1164,1261,1217,1240,1253,1204,1275,1156,1287,1099,1295,1043,1305,984,878,906,896,869,933,854,974,854,1010,868,1073,866,1117,855,1162,857,1204,873,1231,909,1039,912,1034,937,1029,961,1023,988,986,1034,1006,1041,1027,1045,1051,1043,1075,1040,919,940,940,931,963,929,989,936,965,940,941,942,1106,937,1132,930,1157,934,1181,946,1155,946,1130,943,967,1122,985,1091,1007,1077,1024,1083,1045,1081,1080,1100,1121,1132,1081,1146,1047,1147,1025,1146,1005,1143,984,1137,980,1118,1007,1101,1025,1103,1045,1105,1105,1128,1046,1123,1025,1121,1007,1118
3597,h,1,1,831,831,1277,1277,119.9,882,975,880,1025,882,1077,884,1128,893,1178,912,1219,945,1249,986,1268,1039,1277,1098,1271,1158,1259,1213,1237,1252,1203,1275,1153,1288,1098,1298,1044,1307,987,876,909,893,873,930,855,971,854,1009,866,1079,865,1123,857,1168,860,1210,877,1237,912,1040,913,1034,938,1028,960,1021,986,984,1036,1004,1042,1025,1045,1050,1043,1075,1041,915,941,937,931,962,929,988,938,962,942,937,943,1107,940,1134,932,1160,936,1186,949,1158,949,1132,946,958,1122,980,1093,1004,1079,1023,1084,1046,1083,1083,1101,1127,1131,1084,1146,1047,1148,1024,1147,1002,1144,979,1138,971,1118,1004,1102,1024,1104,1045,1105,1110,1128,1046,1124,1024,1122,1004,1120
3598,h,1,1,831,831,1277,1277,119.93333333333334,882,975,880,1025,882,1077,884,1128,893,1178,912,1219,945,1249,986,1268,1039,1277,1098,1271,1158,1259,1213,1237,1252,1203,1275,1153,1288,1098,1298,1044,1307,987,876,909,893,873,930,855,971,854,1009,866,1079,865,1123,857,1168,860,1210,877,1237,912,1040,913,1034,938,1028,960,1021,986,984,1036,1004,1042,1025,1045,1050,1043,1075,1041,915,941,937,931,962,929,988,938,962,942,937,943,1107,940,1134,932,1160,936,1186,949,1158,949,1132,946,958,1122,980,1093,1004,1079,1023,1084,1046,1083,1083,1101,1127,1131,1084,1146,1047,1148,1024,1147,1002,1144,979,1138,971,1118,1004,1102,1024,1104,1045,1105,1110,1128,1046,1124,1024,1122,1004,1120
3599,h,1,1,831,831,1277,1277,119.96666666666667,883,972,879,1023,879,1074,883,1126,892,1176,910,1218,941,1253,981,1275,1034,1285,1095,1281,1155,1270,1211,1251,1253,1217,1279,1170,1294,1114,1302,1056,1311,996,884,902,901,868,937,856,976,857,1010,870,1080,868,1123,857,1169,861,1210,878,1235,913,1040,918,1034,942,1027,965,1019,990,982,1039,1002,1046,1023,1050,1048,1047,1072,1045,919,945,940,934,965,933,992,941,965,945,941,947,1106,943,1132,935,1158,939,1184,952,1156,952,1130,948,956,1129,977,1096,999,1082,1018,1087,1039,1085,1075,1103,1117,1136,1076,1152,1040,1155,1018,1154,997,1151,975,1145,970,1124,999,1106,1018,1108,1039,1109,1100,1132,1040,1129,1019,1128,999,1125
3600,h,1,1,831,831,1277,1277,120.0,887,965,883,1015,881,1067,882,1118,888,1170,903,1215,932,1254,971,1283,1025,1296,1088,1292,1149,1277,1205,1256,1251,1220,1278,1171,1293,1111,1303,1052,1312,991,887,901,903,868,937,857,974,859,1008,874,1080,873,1121,859,1165,859,1207,872,1233,905,1039,927,1033,950,1026,972,1018,996,981,1046,1001,1052,1023,1056,1048,1053,1074,1049,920,949,941,938,965,936,991,947,965,951,941,952,1108,947,1134,937,1160,940,1185,953,1158,954,1132,952,956,1139,973,1104,998,1087,1017,1092,1037,1089,1075,1106,1116,1141,1077,1164,1040,1171,1017,1172,996,1170,972,1162,971,1135,998,1116,1017,1117,1037,1117,1100,1138,1039,1142,1018,1142,998,1141
3601,h,1,1,831,831,1277,1277,120.03333333333333,884,976,881,1027,882,1080,883,1131,888,1180,904,1223,933,1259,972,1285,1025,1297,1085,1293,1144,1279,1200,1258,1245,1224,1272,1175,1288,1119,1298,1061,1309,1000,886,915,902,879,937,864,976,865,1012,878,1082,877,1123,865,1167,867,1207,885,1230,922,1041,930,1035,953,1028,975,1022,999,981,1048,1002,1054,1024,1059,1051,1056,1077,1052,923,952,945,940,969,939,994,950,970,954,945,955,1106,952,1132,940,1158,944,1182,959,1156,959,1130,957,956,1139,976,1104,1001,1089,1021,1093,1043,1091,1078,1108,1117,1143,1078,1163,1043,1171,1019,1172,997,1169,973,1162,970,1135,1000,1114,1021,1116,1043,1116,1101,1140,1043,1144,1020,1144,999,1143
3602,h,1,1,831,831,1277,1277,120.06666666666666,884,976,881,1027,882,1080,883,1131,888,1180,904,1223,933,1259,972,1285,1025,1297,1085,1293,1144,1279,1200,1258,1245,1224,1272,1175,1288,1119,1298,1061,1309,1000,886,915,902,879,937,864,976,865,1012,878,1082,877,1123,865,1167,867,1207,885,1230,922,1041,930,1035,953,1028,975,1022,999,981,1048,1002,1054,1024,1059,1051,1056,1077,1052,923,952,945,940,969,939,994,950,970,954,945,955,1106,952,1132,940,1158,944,1182,959,1156,959,1130,957,956,1139,976,1104,1001,1089,1021,1093,1043,1091,1078,1108,1117,1143,1078,1163,1043,1171,1019,1172,997,1169,973,1162,970,1135,1000,1114,1021,1116,1043,1116,1101,1140,1043,1144,1020,1144,999,1143
3603,h,1,1,831,831,1277,1277,120.1,881,975,877,1026,878,1080,881,1133,888,1183,904,1226,933,1262,972,1286,1024,1296,1084,1291,1144,1278,1199,1257,1245,1223,1273,1175,1290,1118,1300,1059,1311,999,886,900,906,870,942,860,980,862,1013,875,1078,874,1119,862,1164,865,1205,880,1230,913,1040,925,1034,950,1028,974,1021,1001,981,1049,1002,1055,1023,1059,1049,1056,1074,1053,919,948,941,939,966,937,990,947,966,951,941,952,1106,949,1134,940,1160,944,1185,957,1158,959,1131,955,951,1141,973,1106,998,1090,1018,1095,1040,1091,1074,1107,1112,1142,1074,1160,1040,1166,1017,1168,995,1165,970,1160,965,1137,998,1117,1018,1118,1040,1118,1096,1139,1040,1138,1018,1139,997,1138
3604,h,1,1,831,831,1277,1277,120.13333333333334,882,982,878,1034,879,1086,882,1138,889,1187,906,1227,937,1260,976,1282,1028,1291,1086,1287,1146,1273,1201,1252,1245,1219,1273,1172,1290,1116,1300,1057,1308,997,882,906,900,871,935,858,974,859,1010,871,1077,871,1119,859,1164,860,1205,875,1231,910,1039,926,1034,950,1027,973,1020,999,981,1050,1001,1056,1023,1060,1049,1057,1075,1054,917,952,939,942,964,940,989,950,964,954,939,955,1105,950,1132,940,1159,944,1183,956,1157,958,1130,955,952,1142,974,1107,998,1091,1018,1097,1040,1093,1075,1109,1115,1141,1076,1161,1041,1168,1016,1170,994,1168,971,1161,966,1138,998,1117,1018,1119,1040,1118,1099,1139,1041,1140,1018,1141,997,1140
3605,h,1,1,831,831,1277,1277,120.16666666666667,873,981,869,1033,869,1088,873,1141,884,1191,904,1233,936,1267,976,1290,1030,1299,1090,1293,1148,1277,1203,1256,1247,1221,1275,1173,1291,1116,1300,1059,1308,1000,878,915,895,877,932,859,974,858,1011,871,1078,871,1122,860,1167,862,1208,880,1231,917,1042,926,1037,951,1031,975,1025,1002,983,1051,1005,1057,1026,1060,1052,1058,1077,1055,916,953,938,943,963,940,989,950,964,954,939,956,1107,950,1134,941,1160,945,1184,958,1158,959,1132,956,955,1145,976,1108,1001,1092,1021,1097,1043,1094,1078,1112,1118,1145,1079,1165,1044,1173,1020,1174,998,1172,974,1165,969,1141,1000,1118,1021,1120,1043,1119,1101,1142,1043,1145,1021,1146,1000,1145
3606,h,1,1,831,831,1277,1277,120.2,873,981,869,1033,869,1088,873,1141,884,1191,904,1233,936,1267,976,1290,1030,1299,1090,1293,1148,1277,1203,1256,1247,1221,1275,1173,1291,1116,1300,1059,1308,1000,878,915,895,877,932,859,974,858,1011,871,1078,871,1122,860,1167,862,1208,880,1231,917,1042,926,1037,951,1031,975,1025,1002,983,1051,1005,1057,1026,1060,1052,1058,1077,1055,916,953,938,943,963,940,989,950,964,954,939,956,1107,950,1134,941,1160,945,1184,958,1158,959,1132,956,955,1145,976,1108,1001,1092,1021,1097,1043,1094,1078,1112,1118,1145,1079,1165,1044,1173,1020,1174,998,1172,974,1165,969,1141,1000,1118,1021,1120,1043,1119,1101,1142,1043,1145,1021,1146,1000,1145
3607,h,1,1,831,831,1277,1277,120.23333333333333,879,971,874,1022,873,1075,876,1128,884,1178,902,1221,932,1257,971,1283,1025,1294,1085,1289,1144,1274,1200,1253,1245,1218,1273,1171,1289,1114,1299,1056,1309,995,880,903,898,870,934,857,973,856,1009,869,1079,870,1121,859,1167,862,1207,879,1233,913,1041,928,1035,952,1028,976,1021,1001,983,1051,1003,1056,1023,1060,1049,1058,1073,1056,915,952,938,941,964,940,990,951,964,956,938,957,1105,953,1134,943,1161,947,1186,961,1159,963,1132,960,954,1144,975,1108,999,1092,1018,1097,1040,1094,1076,1113,1116,1147,1076,1168,1040,1174,1017,1175,995,1173,972,1166,968,1140,999,1119,1018,1121,1040,1121,1099,1144,1040,1146,1018,1146,998,1144
3608,h,1,1,831,831,1277,1277,120.26666666666667,879,969,875,1020,876,1073,880,1126,888,1177,906,1220,936,1255,974,1278,1026,1288,1085,1284,1146,1271,1202,1251,1246,1216,1274,1168,1290,1111,1300,1053,1310,993,880,905,897,871,932,857,972,857,1008,870,1081,871,1123,861,1168,863,1209,880,1234,914,1039,928,1033,952,1026,974,1019,1000,981,1050,1001,1055,1022,1058,1047,1057,1073,1055,915,949,939,939,965,938,990,948,964,953,938,954,1105,950,1134,940,1161,944,1187,957,1159,959,1132,956,955,1142,974,1106,999,1090,1018,1095,1038,1092,1075,1110,1114,1144,1074,1165,1039,1171,1016,1171,995,1169,972,1162,969,1138,998,1117,1018,1119,1038,1119,1098,1141,1039,1141,1018,1142,998,1140
3609,h,1,1,831,831,1277,1277,120.3,879,969,875,1020,876,1073,880,1126,888,1177,906,1220,936,1255,974,1278,1026,1288,1085,1284,1146,1271,1202,1251,1246,1216,1274,1168,1290,1111,1300,1053,1310,993,880,905,897,871,932,857,972,857,1008,870,1081,871,1123,861,1168,863,1209,880,1234,914,1039,928,1033,952,1026,974,1019,1000,981,1050,1001,1055,1022,1058,1047,1057,1073,1055,915,949,939,939,965,938,990,948,964,953,938,954,1105,950,1134,940,1161,944,1187,957,1159,959,1132,956,955,1142,974,1106,999,1090,1018,1095,1038,1092,1075,1110,1114,1144,1074,1165,1039,1171,1016,1171,995,1169,972,1162,969,1138,998,1117,1018,1119,1038,1119,1098,1141,1039,1141,1018,1142,998,1140
3610,h,1,1,831,831,1277,1277,120.33333333333333,875,975,871,1024,872,1077,877,1129,886,1179,904,1221,935,1256,973,1281,1025,1291,1084,1285,1144,1273,1201,1252,1246,1217,1273,1168,1289,1110,1299,1052,1307,992,879,904,897,870,932,856,971,856,1006,868,1078,868,1120,857,1166,860,1206,875,1232,909,1037,921,1032,945,1026,969,1019,995,981,1047,1001,1052,1021,1056,1047,1054,1071,1051,916,946,938,936,962,934,988,943,962,948,938,950,1106,944,1133,936,1160,939,1184,952,1157,953,1131,950,952,1138,973,1104,998,1087,1016,1092,1038,1089,1073,1108,1114,1140,1073,1158,1037,1164,1015,1165,993,1162,971,1157,967,1134,997,1114,1017,1115,1038,1115,1097,1137,1037,1135,1016,1136,996,1135
3611,h,1,1,831,831,1277,1277,120.36666666666666,879,970,875,1020,875,1072,878,1125,885,1177,903,1221,934,1256,974,1279,1027,1287,1086,1282,1145,1270,1202,1251,1245,1217,1272,1168,1288,1113,1299,1056,1310,997,882,905,897,870,933,856,972,856,1008,870,1078,868,1122,857,1169,859,1211,876,1235,914,1039,919,1032,942,1025,965,1018,990,979,1040,999,1047,1020,1051,1047,1049,1072,1045,917,946,939,935,964,933,990,942,965,947,939,949,1105,944,1134,935,1160,939,1185,953,1157,953,1131,950,950,1132,971,1098,995,1083,1014,1087,1035,1085,1071,1102,1113,1135,1072,1156,1036,1161,1013,1162,992,1159,969,1153,964,1129,995,1108,1014,1110,1035,1110,1096,1133,1036,1134,1014,1134,994,1133
3612,h,1,1,831,831,1277,1277,120.4,870,981,867,1032,867,1085,873,1137,884,1187,904,1228,937,1261,976,1283,1029,1292,1086,1288,1146,1277,1202,1257,1245,1224,1273,1177,1291,1121,1301,1062,1310,1001,880,909,894,873,925,854,963,850,998,860,1078,865,1120,854,1166,858,1207,878,1233,912,1033,919,1027,943,1020,966,1012,991,978,1042,998,1046,1018,1049,1044,1047,1068,1045,914,947,936,934,961,931,986,944,961,949,936,951,1101,945,1129,932,1156,936,1182,952,1154,954,1126,950,950,1136,969,1100,994,1082,1013,1087,1033,1084,1070,1103,1111,1139,1071,1161,1035,1167,1013,1168,991,1166,968,1159,964,1133,993,1110,1013,1111,1033,1111,1093,1135,1035,1140,1014,1140,993,1139
3613,h,1,1,831,831,1277,1277,120.43333333333334,870,981,867,1032,867,1085,873,1137,884,1187,904,1228,937,1261,976,1283,1029,1292,1086,1288,1146,1277,1202,1257,1245,1224,1273,1177,1291,1121,1301,1062,1310,1001,880,909,894,873,925,854,963,850,998,860,1078,865,1120,854,1166,858,1207,878,1233,912,1033,919,1027,943,1020,966,1012,991,978,1042,998,1046,1018,1049,1044,1047,1068,1045,914,947,936,934,961,931,986,944,961,949,936,951,1101,945,1129,932,1156,936,1182,952,1154,954,1126,950,950,1136,969,1100,994,1082,1013,1087,1033,1084,1070,1103,1111,1139,1071,1161,1035,1167,1013,1168,991,1166,968,1159,964,1133,993,1110,1013,1111,1033,1111,1093,1135,1035,1140,1014,1140,993,1139
3614,h,1,1,831,831,1277,1277,120.46666666666667,868,983,864,1035,864,1089,869,1142,882,1193,904,1234,936,1268,978,1289,1031,1297,1089,1291,1148,1277,1203,1254,1245,1218,1272,1170,1288,1115,1297,1058,1306,998,880,908,894,871,927,854,966,852,1001,863,1081,864,1122,854,1166,857,1205,877,1230,911,1036,920,1031,944,1025,965,1019,990,981,1041,1000,1046,1021,1049,1046,1047,1069,1045,917,946,938,932,963,930,987,944,962,948,937,949,1101,945,1127,932,1154,935,1179,951,1152,953,1125,950,949,1138,969,1100,995,1083,1014,1087,1034,1084,1070,1103,1110,1142,1071,1164,1036,1171,1014,1172,992,1170,968,1161,963,1135,995,1112,1014,1113,1034,1113,1093,1138,1035,1142,1015,1142,994,1141
3615,h,1,1,831,831,1277,1277,120.5,873,980,869,1031,869,1084,873,1135,883,1185,903,1227,935,1261,976,1284,1029,1293,1087,1289,1148,1275,1204,1253,1246,1218,1272,1169,1290,1115,1299,1058,1307,999,879,905,894,869,927,854,965,853,1000,865,1081,867,1122,856,1166,859,1205,876,1231,909,1035,920,1030,943,1023,966,1017,991,980,1042,1000,1047,1020,1050,1045,1047,1069,1045,915,946,936,934,961,931,987,943,961,948,936,949,1102,944,1129,933,1157,936,1182,951,1154,953,1127,950,948,1133,969,1098,994,1081,1014,1086,1034,1083,1070,1102,1112,1139,1071,1160,1036,1167,1013,1168,991,1165,967,1157,962,1130,994,1110,1014,1111,1034,1112,1094,1136,1035,1138,1014,1138,993,1137
3616,h,1,1,831,831,1277,1277,120.53333333333333,872,977,868,1027,869,1078,873,1130,882,1179,901,1221,932,1253,972,1277,1023,1288,1082,1285,1142,1273,1198,1252,1241,1218,1269,1171,1285,1115,1294,1056,1303,995,883,903,897,869,931,854,969,854,1003,867,1076,869,1117,858,1161,859,1201,876,1227,909,1034,919,1029,942,1022,964,1015,989,980,1039,999,1045,1019,1048,1044,1046,1068,1044,917,944,938,932,964,931,988,942,963,947,938,948,1100,943,1126,932,1153,936,1178,950,1151,953,1124,949,950,1131,971,1095,995,1078,1015,1084,1034,1081,1068,1101,1109,1140,1068,1158,1033,1163,1012,1162,990,1159,968,1152,965,1127,994,1105,1014,1107,1033,1108,1092,1135,1033,1135,1013,1134,993,1131
3617,h,1,1,831,831,1277,1277,120.56666666666666,872,977,868,1027,869,1078,873,1130,882,1179,901,1221,932,1253,972,1277,1023,1288,1082,1285,1142,1273,1198,1252,1241,1218,1269,1171,1285,1115,1294,1056,1303,995,883,903,897,869,931,854,969,854,1003,867,1076,869,1117,858,1161,859,1201,876,1227,909,1034,919,1029,942,1022,964,1015,989,980,1039,999,1045,1019,1048,1044,1046,1068,1044,917,944,938,932,964,931,988,942,963,947,938,948,1100,943,1126,932,1153,936,1178,950,1151,953,1124,949,950,1131,971,1095,995,1078,1015,1084,1034,1081,1068,1101,1109,1140,1068,1158,1033,1163,1012,1162,990,1159,968,1152,965,1127,994,1105,1014,1107,1033,1108,1092,1135,1033,1135,1013,1134,993,1131
3618,h,1,1,831,831,1277,1277,120.6,879,980,875,1029,875,1081,879,1131,888,1181,905,1222,935,1257,972,1283,1022,1293,1079,1290,1141,1278,1196,1258,1240,1225,1268,1178,1286,1122,1297,1063,1307,1002,883,905,897,871,930,854,968,854,1002,867,1077,868,1117,855,1164,858,1205,878,1230,914,1032,920,1027,943,1020,966,1012,990,979,1041,997,1046,1018,1049,1043,1047,1067,1045,917,945,938,932,963,930,989,943,963,946,938,948,1100,944,1127,932,1154,935,1180,951,1152,951,1125,948,950,1133,970,1096,994,1079,1012,1084,1031,1082,1067,1102,1108,1141,1067,1162,1031,1168,1011,1169,990,1166,967,1157,965,1129,994,1107,1012,1108,1031,1110,1090,1136,1031,1138,1012,1137,992,1135
3619,h,1,1,831,831,1277,1277,120.63333333333334,881,990,878,1038,880,1088,885,1139,894,1187,911,1228,942,1259,979,1282,1027,1293,1084,1291,1145,1280,1200,1261,1242,1227,1271,1180,1290,1125,1302,1065,1311,1003,881,904,897,869,931,855,969,856,1003,869,1073,870,1114,857,1161,859,1203,876,1230,912,1034,921,1027,944,1020,966,1013,990,980,1043,999,1047,1018,1050,1042,1049,1065,1048,915,946,936,932,962,930,987,944,961,948,936,949,1102,946,1129,932,1156,936,1181,953,1154,955,1127,951,955,1138,971,1098,995,1079,1012,1084,1030,1082,1068,1104,1109,1147,1069,1168,1033,1173,1012,1173,993,1170,970,1162,968,1134,995,1110,1012,1112,1030,1113,1092,1143,1032,1142,1013,1140,995,1138
3620,h,1,1,831,831,1277,1277,120.66666666666667,879,993,877,1043,879,1094,885,1144,896,1191,915,1231,947,1261,984,1282,1033,1293,1090,1290,1150,1279,1204,1261,1246,1228,1274,1182,1292,1127,1302,1068,1312,1006,878,908,894,874,928,859,965,859,1000,870,1073,870,1116,859,1163,860,1206,878,1234,914,1032,917,1026,941,1020,963,1012,988,980,1040,998,1045,1017,1048,1042,1046,1065,1045,914,945,935,933,960,930,986,941,960,946,935,948,1103,942,1130,931,1157,935,1184,950,1155,951,1128,948,959,1135,973,1097,995,1078,1012,1084,1030,1082,1067,1104,1107,1146,1067,1165,1032,1169,1012,1168,992,1165,971,1156,972,1130,995,1107,1012,1109,1030,1110,1090,1140,1031,1137,1013,1136,995,1133
3621,h,1,1,831,831,1277,1277,120.7,879,993,877,1043,879,1094,885,1144,896,1191,915,1231,947,1261,984,1282,1033,1293,1090,1290,1150,1279,1204,1261,1246,1228,1274,1182,1292,1127,1302,1068,1312,1006,878,908,894,874,928,859,965,859,1000,870,1073,870,1116,859,1163,860,1206,878,1234,914,1032,917,1026,941,1020,963,1012,988,980,1040,998,1045,1017,1048,1042,1046,1065,1045,914,945,935,933,960,930,986,941,960,946,935,948,1103,942,1130,931,1157,935,1184,950,1155,951,1128,948,959,1135,973,1097,995,1078,1012,1084,1030,1082,1067,1104,1107,1146,1067,1165,1032,1169,1012,1168,992,1165,971,1156,972,1130,995,1107,1012,1109,1030,1110,1090,1140,1031,1137,1013,1136,995,1133
3622,h,1,1,831,831,1277,1277,120.73333333333333,880,990,879,1038,881,1086,886,1136,898,1180,920,1215,953,1243,990,1264,1036,1276,1090,1272,1149,1261,1204,1244,1246,1214,1273,1169,1288,1115,1298,1057,1308,997,883,907,899,877,930,865,964,868,996,880,1072,881,1113,866,1159,864,1200,881,1229,914,1030,926,1025,947,1018,968,1010,990,982,1041,999,1045,1018,1048,1041,1047,1064,1046,915,947,935,932,960,931,984,946,960,949,935,951,1103,947,1128,932,1156,935,1183,952,1155,955,1127,952,961,1131,973,1095,996,1079,1012,1083,1030,1082,1069,1104,1111,1143,1071,1168,1034,1173,1013,1173,994,1168,973,1156,974,1128,996,1106,1013,1108,1031,1110,1095,1138,1033,1143,1014,1141,997,1137
3623,h,1,1,858,858,1229,1229,120.76666666666667,886,971,883,1019,883,1067,885,1114,893,1158,910,1196,939,1223,974,1242,1018,1252,1070,1250,1122,1237,1170,1216,1207,1185,1232,1143,1249,1095,1262,1044,1275,991,889,898,909,869,943,860,978,862,1011,874,1076,875,1112,862,1154,862,1192,877,1214,909,1038,922,1032,945,1025,967,1018,992,984,1039,1002,1044,1020,1048,1044,1046,1067,1044,921,941,943,929,968,929,993,942,968,946,942,947,1098,944,1125,931,1151,934,1174,948,1150,951,1123,949,957,1122,976,1092,999,1079,1016,1085,1034,1082,1065,1100,1099,1132,1064,1153,1032,1158,1012,1158,994,1154,972,1143,970,1118,998,1104,1015,1107,1033,1108,1083,1128,1033,1127,1015,1125,997,1122
3624,h,1,1,858,858,1229,1229,120.8,887,969,884,1016,884,1063,886,1110,891,1156,907,1195,937,1224,973,1243,1019,1251,1073,1247,1125,1234,1172,1213,1207,1182,1230,1141,1246,1093,1261,1043,1275,990,890,895,912,867,946,861,982,864,1014,877,1079,878,1114,866,1154,864,1192,877,1215,907,1041,923,1035,946,1028,968,1020,992,987,1041,1004,1045,1022,1049,1044,1047,1067,1046,921,942,942,929,969,929,994,944,968,948,941,949,1100,945,1127,931,1154,934,1177,949,1152,953,1125,950,956,1128,975,1095,999,1080,1016,1085,1033,1082,1065,1100,1100,1133,1065,1154,1033,1160,1014,1160,995,1158,973,1149,970,1124,999,1107,1015,1108,1033,1109,1083,1130,1033,1129,1015,1129,998,1127
3625,h,1,1,858,858,1229,1229,120.83333333333333,887,969,884,1016,884,1063,886,1110,891,1156,907,1195,937,1224,973,1243,1019,1251,1073,1247,1125,1234,1172,1213,1207,1182,1230,1141,1246,1093,1261,1043,1275,990,890,895,912,867,946,861,982,864,1014,877,1079,878,1114,866,1154,864,1192,877,1215,907,1041,923,1035,946,1028,968,1020,992,987,1041,1004,1045,1022,1049,1044,1047,1067,1046,921,942,942,929,969,929,994,944,968,948,941,949,1100,945,1127,931,1154,934,1177,949,1152,953,1125,950,956,1128,975,1095,999,1080,1016,1085,1033,1082,1065,1100,1100,1133,1065,1154,1033,1160,1014,1160,995,1158,973,1149,970,1124,999,1107,1015,1108,1033,1109,1083,1130,1033,1129,1015,1129,998,1127
3626,h,1,1,831,831,1277,1277,120.86666666666666,886,972,881,1024,881,1076,884,1128,892,1177,911,1218,943,1250,982,1271,1032,1279,1089,1275,1150,1265,1206,1247,1249,1215,1276,1168,1292,1114,1303,1055,1313,995,890,898,906,869,936,854,971,852,1002,864,1082,863,1124,855,1169,859,1208,876,1236,908,1038,918,1031,942,1023,965,1014,991,981,1039,999,1044,1018,1048,1043,1046,1067,1044,925,944,944,933,969,931,994,940,969,945,945,947,1106,942,1132,932,1158,936,1184,950,1156,952,1129,948,957,1128,974,1094,996,1078,1013,1083,1033,1080,1068,1101,1109,1137,1068,1152,1034,1154,1013,1154,993,1151,973,1144,971,1123,996,1105,1014,1107,1033,1108,1091,1132,1033,1124,1014,1122,996,1120
3627,h,1,1,831,831,1277,1277,120.9,883,977,880,1027,880,1080,884,1130,892,1178,909,1219,940,1252,980,1275,1033,1286,1091,1281,1152,1268,1206,1248,1249,1214,1275,1166,1290,1111,1301,1053,1311,993,884,903,900,868,933,855,971,855,1005,867,1079,868,1121,855,1167,857,1210,873,1237,908,1036,921,1030,944,1023,966,1016,991,981,1041,1000,1046,1021,1049,1046,1046,1070,1044,918,945,939,933,965,931,989,943,964,947,939,949,1104,943,1130,931,1157,934,1183,947,1155,949,1129,947,954,1134,972,1097,997,1079,1015,1084,1034,1081,1071,1101,1112,1136,1072,1162,1036,1169,1014,1170,994,1168,970,1159,968,1130,997,1107,1015,1108,1034,1108,1094,1133,1035,1139,1015,1139,996,1138
3628,h,1,1,831,831,1277,1277,120.93333333333334,883,977,880,1027,880,1080,884,1130,892,1178,909,1219,940,1252,980,1275,1033,1286,1091,1281,1152,1268,1206,1248,1249,1214,1275,1166,1290,1111,1301,1053,1311,993,884,903,900,868,933,855,971,855,1005,867,1079,868,1121,855,1167,857,1210,873,1237,908,1036,921,1030,944,1023,966,1016,991,981,1041,1000,1046,1021,1049,1046,1046,1070,1044,918,945,939,933,965,931,989,943,964,947,939,949,1104,943,1130,931,1157,934,1183,947,1155,949,1129,947,954,1134,972,1097,997,1079,1015,1084,1034,1081,1071,1101,1112,1136,1072,1162,1036,1169,1014,1170,994,1168,970,1159,968,1130,997,1107,1015,1108,1034,1108,1094,1133,1035,1139,1015,1139,996,1138
3629,h,1,1,831,831,1277,1277,120.96666666666667,878,967,873,1019,874,1074,878,1127,888,1178,905,1222,934,1260,974,1286,1026,1297,1085,1293,1146,1277,1202,1252,1247,1216,1273,1165,1289,1107,1300,1046,1310,984,881,898,900,868,934,858,971,858,1005,871,1081,872,1120,858,1164,858,1205,871,1232,902,1037,923,1030,944,1023,966,1016,989,981,1041,1001,1046,1022,1049,1046,1047,1070,1045,916,944,938,933,965,931,990,943,964,947,938,948,1104,944,1132,931,1160,934,1185,948,1158,951,1130,948,954,1142,971,1101,996,1082,1016,1087,1038,1083,1074,1104,1111,1144,1076,1173,1040,1183,1016,1185,993,1183,969,1172,968,1139,996,1111,1017,1112,1039,1112,1095,1141,1040,1152,1017,1153,995,1151
3630,h,1,1,831,831,1277,1277,121.0,874,984,871,1033,872,1085,876,1136,886,1187,903,1231,934,1268,976,1293,1028,1303,1087,1298,1146,1284,1202,1262,1246,1227,1274,1177,1289,1120,1299,1061,1308,1000,881,905,898,872,931,856,969,855,1004,867,1079,868,1119,856,1163,858,1203,873,1230,904,1035,921,1030,944,1023,966,1016,990,980,1043,1000,1047,1020,1050,1045,1047,1070,1045,916,948,937,937,962,934,986,944,961,948,937,950,1105,943,1131,933,1157,936,1182,950,1154,951,1128,947,954,1148,970,1105,995,1084,1015,1088,1035,1085,1072,1105,1112,1146,1074,1174,1039,1183,1016,1185,994,1184,970,1175,968,1143,995,1115,1015,1115,1034,1114,1095,1142,1037,1152,1017,1152,996,1152
3631,h,1,1,831,831,1277,1277,121.03333333333333,875,973,869,1024,869,1078,873,1131,882,1182,900,1227,931,1263,970,1287,1025,1296,1086,1292,1147,1280,1203,1260,1248,1226,1277,1176,1293,1116,1304,1057,1315,995,880,903,899,869,936,855,977,856,1015,869,1080,869,1125,858,1172,859,1216,874,1242,909,1041,920,1035,943,1027,966,1019,991,979,1042,1000,1047,1022,1051,1048,1049,1073,1046,918,946,940,936,964,934,991,942,965,946,939,948,1108,943,1136,935,1163,939,1188,951,1160,951,1134,948,952,1139,971,1102,996,1084,1015,1090,1036,1086,1073,1106,1114,1142,1073,1169,1037,1176,1014,1177,993,1175,969,1166,966,1135,996,1113,1015,1114,1035,1114,1097,1139,1037,1147,1016,1147,996,1145
3632,h,1,1,831,831,1277,1277,121.06666666666666,875,973,869,1024,869,1078,873,1131,882,1182,900,1227,931,1263,970,1287,1025,1296,1086,1292,1147,1280,1203,1260,1248,1226,1277,1176,1293,1116,1304,1057,1315,995,880,903,899,869,936,855,977,856,1015,869,1080,869,1125,858,1172,859,1216,874,1242,909,1041,920,1035,943,1027,966,1019,991,979,1042,1000,1047,1022,1051,1048,1049,1073,1046,918,946,940,936,964,934,991,942,965,946,939,948,1108,943,1136,935,1163,939,1188,951,1160,951,1134,948,952,1139,971,1102,996,1084,1015,1090,1036,1086,1073,1106,1114,1142,1073,1169,1037,1176,1014,1177,993,1175,969,1166,966,1135,996,1113,1015,1114,1035,1114,1097,1139,1037,1147,1016,1147,996,1145
3633,h,1,1,831,831,1277,1277,121.1,882,966,879,1017,877,1071,878,1124,885,1174,900,1216,930,1251,969,1275,1023,1286,1084,1282,1146,1269,1203,1249,1249,1216,1277,1168,1293,1110,1303,1051,1313,990,884,896,902,865,936,854,974,854,1008,869,1078,870,1119,857,1165,860,1207,874,1235,906,1038,924,1031,946,1024,968,1016,992,980,1044,1000,1049,1020,1052,1046,1050,1071,1048,917,946,939,935,965,933,989,945,964,949,939,950,1107,946,1134,936,1161,940,1186,953,1158,955,1132,952,953,1139,970,1103,996,1084,1014,1090,1035,1086,1073,1105,1114,1141,1074,1164,1037,1171,1014,1172,993,1170,969,1163,967,1135,996,1115,1015,1116,1035,1116,1098,1138,1036,1141,1015,1141,996,1140
3634,h,1,1,831,831,1277,1277,121.13333333333334,883,964,878,1015,878,1068,880,1119,885,1169,899,1214,928,1250,968,1275,1022,1286,1083,1282,1146,1269,1205,1250,1249,1216,1278,1167,1294,1111,1305,1052,1317,993,885,894,902,862,937,852,974,853,1010,866,1080,866,1124,856,1171,858,1212,872,1240,906,1041,920,1034,944,1026,967,1017,993,981,1042,1001,1048,1021,1052,1047,1050,1071,1047,918,944,941,934,966,933,990,942,965,946,940,947,1109,944,1137,935,1164,940,1189,953,1161,954,1134,950,952,1137,971,1101,995,1084,1014,1090,1035,1087,1071,1107,1112,1142,1071,1163,1034,1169,1011,1169,990,1167,967,1159,966,1133,995,1114,1013,1116,1034,1116,1095,1139,1034,1138,1013,1138,993,1137
3635,h,1,1,831,831,1277,1277,121.16666666666667,882,972,876,1022,873,1074,877,1126,885,1176,902,1218,931,1253,968,1279,1019,1292,1078,1290,1138,1279,1194,1260,1241,1228,1272,1180,1290,1123,1301,1062,1311,999,883,902,901,867,937,854,977,855,1012,870,1081,870,1123,857,1170,859,1212,876,1240,911,1040,923,1033,946,1025,967,1016,991,978,1044,998,1049,1019,1053,1044,1052,1069,1051,917,946,940,935,966,934,991,945,965,949,939,950,1106,948,1136,938,1163,941,1189,956,1160,958,1132,954,951,1133,971,1099,994,1084,1012,1090,1032,1088,1068,1109,1109,1146,1067,1165,1030,1168,1008,1167,988,1162,968,1152,966,1128,993,1111,1012,1114,1032,1116,1092,1141,1031,1137,1011,1135,992,1132
3636,h,1,1,831,831,1277,1277,121.2,882,972,876,1022,873,1074,877,1126,885,1176,902,1218,931,1253,968,1279,1019,1292,1078,1290,1138,1279,1194,1260,1241,1228,1272,1180,1290,1123,1301,1062,1311,999,883,902,901,867,937,854,977,855,1012,870,1081,870,1123,857,1170,859,1212,876,1240,911,1040,923,1033,946,1025,967,1016,991,978,1044,998,1049,1019,1053,1044,1052,1069,1051,917,946,940,935,966,934,991,945,965,949,939,950,1106,948,1136,938,1163,941,1189,956,1160,958,1132,954,951,1133,971,1099,994,1084,1012,1090,1032,1088,1068,1109,1109,1146,1067,1165,1030,1168,1008,1167,988,1162,968,1152,966,1128,993,1111,1012,1114,1032,1116,1092,1141,1031,1137,1011,1135,992,1132
3637,h,1,1,831,831,1277,1277,121.23333333333333,890,970,883,1019,881,1071,883,1122,890,1171,907,1213,934,1247,970,1272,1019,1283,1077,1281,1137,1271,1194,1252,1240,1220,1271,1174,1288,1118,1299,1060,1310,1000,894,894,912,867,943,857,977,860,1007,872,1085,874,1124,864,1166,865,1204,880,1233,909,1040,927,1032,950,1023,971,1014,994,982,1044,999,1049,1016,1053,1041,1053,1065,1051,927,945,948,935,972,934,995,947,971,951,947,951,1107,949,1132,938,1158,942,1183,957,1156,959,1130,956,955,1130,973,1098,995,1084,1012,1090,1031,1088,1065,1108,1104,1146,1063,1163,1028,1164,1008,1163,989,1159,969,1150,970,1126,994,1111,1012,1114,1030,1116,1086,1141,1029,1132,1010,1130,993,1126
3638,h,1,1,858,858,1229,1229,121.26666666666667,885,967,881,1016,881,1066,883,1115,889,1161,905,1200,936,1230,973,1250,1021,1261,1075,1259,1129,1247,1179,1226,1218,1194,1244,1150,1262,1100,1277,1046,1291,989,889,894,909,866,941,858,976,861,1008,873,1080,873,1119,863,1162,864,1201,879,1224,911,1039,924,1033,948,1027,972,1019,998,984,1044,1003,1048,1021,1052,1044,1052,1066,1051,921,943,943,933,968,932,992,944,968,948,942,949,1102,947,1130,935,1156,939,1180,953,1154,956,1128,953,959,1127,976,1098,998,1085,1014,1092,1032,1090,1063,1109,1099,1141,1062,1158,1030,1161,1011,1160,992,1156,972,1145,973,1123,997,1112,1014,1115,1032,1117,1082,1137,1031,1128,1013,1126,996,1124
3639,h,1,1,858,858,1229,1229,121.3,890,962,884,1012,882,1063,885,1113,891,1161,906,1203,932,1236,966,1259,1013,1271,1069,1270,1125,1258,1176,1236,1218,1203,1247,1159,1266,1107,1281,1052,1294,994,895,895,916,871,949,863,983,867,1014,880,1077,879,1116,866,1159,867,1198,883,1223,915,1038,927,1031,951,1023,974,1015,999,982,1047,999,1052,1018,1056,1041,1055,1064,1054,923,944,944,933,970,933,993,947,969,950,943,950,1101,948,1128,936,1155,939,1179,954,1153,957,1126,954,956,1134,972,1104,994,1089,1011,1095,1029,1092,1059,1112,1094,1146,1057,1162,1027,1165,1007,1165,989,1161,969,1152,969,1130,994,1117,1011,1120,1029,1121,1077,1142,1027,1132,1010,1131,992,1128
3640,h,1,1,858,858,1229,1229,121.33333333333333,890,962,884,1012,882,1063,885,1113,891,1161,906,1203,932,1236,966,1259,1013,1271,1069,1270,1125,1258,1176,1236,1218,1203,1247,1159,1266,1107,1281,1052,1294,994,895,895,916,871,949,863,983,867,1014,880,1077,879,1116,866,1159,867,1198,883,1223,915,1038,927,1031,951,1023,974,1015,999,982,1047,999,1052,1018,1056,1041,1055,1064,1054,923,944,944,933,970,933,993,947,969,950,943,950,1101,948,1128,936,1155,939,1179,954,1153,957,1126,954,956,1134,972,1104,994,1089,1011,1095,1029,1092,1059,1112,1094,1146,1057,1162,1027,1165,1007,1165,989,1161,969,1152,969,1130,994,1117,1011,1120,1029,1121,1077,1142,1027,1132,1010,1131,992,1128
3641,h,1,1,858,858,1229,1229,121.36666666666666,886,969,883,1019,883,1070,886,1119,893,1166,909,1206,937,1237,973,1260,1020,1269,1075,1268,1130,1254,1180,1234,1220,1202,1248,1159,1266,1107,1281,1054,1295,998,890,901,911,873,944,864,981,866,1014,880,1075,879,1114,867,1159,869,1200,886,1225,920,1038,928,1031,953,1024,976,1016,1002,981,1049,1000,1054,1019,1058,1043,1057,1066,1055,920,945,942,934,967,934,991,948,966,951,940,951,1102,951,1129,939,1156,943,1180,958,1154,961,1127,957,957,1138,973,1106,995,1091,1011,1097,1030,1094,1061,1114,1096,1147,1059,1163,1028,1167,1009,1167,991,1163,971,1153,971,1133,995,1119,1012,1122,1030,1122,1079,1143,1028,1134,1010,1133,994,1130
3642,h,1,1,858,858,1229,1229,121.4,889,973,885,1023,885,1073,887,1121,892,1169,906,1211,931,1243,967,1265,1014,1274,1069,1273,1125,1260,1175,1238,1216,1206,1245,1163,1262,1111,1277,1056,1291,999,899,906,916,878,948,868,982,869,1013,881,1075,880,1114,870,1158,871,1198,889,1221,923,1037,929,1031,954,1024,978,1016,1004,982,1051,999,1056,1019,1060,1043,1059,1065,1056,926,950,946,938,970,937,993,951,970,954,945,955,1101,953,1127,939,1153,943,1176,958,1151,961,1125,957,953,1142,970,1109,993,1093,1011,1099,1030,1095,1059,1114,1092,1149,1057,1164,1027,1169,1007,1169,988,1166,967,1158,966,1137,993,1123,1011,1124,1030,1125,1075,1145,1028,1136,1009,1137,991,1135
3643,h,1,1,858,858,1229,1229,121.43333333333334,889,973,885,1023,885,1073,887,1121,892,1169,906,1211,931,1243,967,1265,1014,1274,1069,1273,1125,1260,1175,1238,1216,1206,1245,1163,1262,1111,1277,1056,1291,999,899,906,916,878,948,868,982,869,1013,881,1075,880,1114,870,1158,871,1198,889,1221,923,1037,929,1031,954,1024,978,1016,1004,982,1051,999,1056,1019,1060,1043,1059,1065,1056,926,950,946,938,970,937,993,951,970,954,945,955,1101,953,1127,939,1153,943,1176,958,1151,961,1125,957,953,1142,970,1109,993,1093,1011,1099,1030,1095,1059,1114,1092,1149,1057,1164,1027,1169,1007,1169,988,1166,967,1158,966,1137,993,1123,1011,1124,1030,1125,1075,1145,1028,1136,1009,1137,991,1135
3644,h,1,1,831,831,1277,1277,121.46666666666667,877,971,874,1022,874,1075,877,1127,885,1176,902,1219,932,1253,968,1277,1020,1289,1080,1286,1141,1275,1199,1256,1245,1223,1276,1175,1293,1118,1304,1058,1316,996,879,898,898,869,933,861,971,864,1007,877,1075,876,1118,866,1164,866,1207,879,1238,909,1035,930,1029,953,1021,975,1013,999,978,1051,997,1057,1017,1061,1042,1059,1066,1056,910,950,934,942,960,940,987,949,960,955,933,956,1104,952,1134,943,1162,947,1190,958,1160,962,1131,959,951,1143,967,1108,990,1092,1009,1097,1030,1094,1065,1114,1105,1150,1065,1167,1029,1172,1007,1171,986,1168,965,1161,965,1139,990,1120,1009,1123,1029,1123,1087,1146,1030,1140,1009,1140,989,1138
3645,h,1,1,831,831,1277,1277,121.5,881,970,875,1020,875,1073,878,1124,886,1174,902,1218,931,1254,968,1280,1019,1291,1078,1290,1139,1277,1195,1256,1241,1222,1272,1174,1289,1118,1300,1059,1310,998,891,896,909,868,943,859,979,862,1011,875,1077,875,1118,864,1162,865,1203,881,1228,915,1037,929,1031,953,1023,976,1016,1001,978,1050,997,1056,1018,1061,1044,1059,1069,1056,920,948,942,939,966,938,990,949,965,953,941,953,1102,951,1129,942,1155,946,1179,959,1152,961,1126,958,951,1138,969,1105,993,1090,1012,1096,1031,1093,1066,1111,1105,1147,1066,1167,1030,1172,1009,1173,989,1169,967,1161,965,1135,993,1117,1012,1119,1031,1120,1089,1143,1031,1143,1011,1143,992,1140
3646,h,1,1,831,831,1277,1277,121.53333333333333,886,972,880,1023,878,1076,880,1128,888,1178,904,1222,930,1260,967,1287,1018,1297,1078,1293,1138,1278,1192,1256,1238,1222,1269,1176,1286,1120,1296,1060,1307,998,897,899,915,874,945,865,978,866,1008,879,1076,878,1114,866,1158,867,1199,881,1226,911,1036,933,1029,957,1021,979,1012,1004,978,1053,997,1058,1017,1062,1043,1060,1068,1056,925,956,945,945,968,942,991,953,967,957,944,958,1101,953,1127,943,1153,945,1177,958,1150,960,1124,958,949,1143,967,1108,992,1092,1011,1096,1031,1093,1065,1112,1106,1146,1065,1171,1032,1178,1010,1179,989,1176,966,1166,962,1140,992,1120,1011,1121,1031,1121,1089,1144,1032,1149,1012,1148,991,1147
3647,h,1,1,831,831,1277,1277,121.56666666666666,886,972,880,1023,878,1076,880,1128,888,1178,904,1222,930,1260,967,1287,1018,1297,1078,1293,1138,1278,1192,1256,1238,1222,1269,1176,1286,1120,1296,1060,1307,998,897,899,915,874,945,865,978,866,1008,879,1076,878,1114,866,1158,867,1199,881,1226,911,1036,933,1029,957,1021,979,1012,1004,978,1053,997,1058,1017,1062,1043,1060,1068,1056,925,956,945,945,968,942,991,953,967,957,944,958,1101,953,1127,943,1153,945,1177,958,1150,960,1124,958,949,1143,967,1108,992,1092,1011,1096,1031,1093,1065,1112,1106,1146,1065,1171,1032,1178,1010,1179,989,1176,966,1166,962,1140,992,1120,1011,1121,1031,1121,1089,1144,1032,1149,1012,1148,991,1147
3648,h,1,1,831,831,1277,1277,121.6,893,968,884,1019,881,1073,883,1125,889,1178,904,1224,930,1263,965,1289,1015,1302,1078,1300,1140,1286,1199,1265,1248,1230,1280,1182,1298,1124,1309,1063,1320,1001,904,895,921,872,949,866,981,868,1009,880,1080,879,1119,868,1163,870,1204,882,1232,911,1038,934,1030,957,1020,978,1010,1002,978,1051,996,1057,1016,1062,1042,1060,1067,1057,930,955,948,946,971,944,994,953,970,958,948,958,1109,955,1134,948,1160,951,1185,963,1157,965,1132,962,952,1148,968,1111,993,1094,1011,1098,1031,1096,1067,1115,1107,1152,1068,1180,1032,1188,1010,1188,989,1185,967,1175,966,1145,993,1123,1011,1125,1031,1125,1090,1150,1032,1157,1012,1157,992,1155
3649,h,1,1,831,831,1277,1277,121.63333333333334,889,968,882,1018,880,1072,882,1124,889,1176,903,1221,930,1260,966,1290,1018,1303,1079,1300,1139,1286,1197,1265,1244,1229,1275,1179,1293,1120,1304,1058,1315,995,888,893,908,867,942,861,977,865,1010,880,1080,879,1120,867,1165,866,1207,879,1234,910,1038,934,1030,956,1022,978,1014,1002,980,1051,998,1057,1018,1061,1043,1059,1068,1057,916,951,938,943,964,943,989,952,962,957,937,957,1107,955,1135,948,1162,951,1188,962,1159,965,1132,962,953,1151,970,1112,995,1094,1014,1100,1035,1097,1072,1117,1111,1155,1072,1184,1036,1192,1012,1193,990,1190,967,1178,967,1148,995,1124,1014,1125,1035,1126,1095,1152,1036,1162,1014,1161,994,1159
3650,h,1,1,831,831,1277,1277,121.66666666666667,886,976,879,1026,879,1080,883,1132,890,1183,906,1228,935,1265,971,1292,1021,1303,1079,1301,1139,1287,1194,1266,1239,1231,1268,1181,1285,1124,1296,1064,1307,1002,890,896,910,868,943,861,979,865,1010,879,1075,878,1114,865,1158,866,1199,882,1225,913,1037,931,1030,954,1022,976,1014,1001,976,1051,996,1057,1018,1061,1043,1059,1068,1057,918,950,940,941,964,941,988,950,963,954,939,954,1102,952,1129,944,1155,949,1179,960,1151,961,1126,958,951,1150,968,1112,993,1095,1012,1099,1033,1096,1071,1117,1110,1154,1071,1182,1035,1192,1011,1193,990,1190,966,1178,964,1147,993,1122,1012,1123,1033,1124,1094,1151,1035,1161,1013,1161,993,1160
3651,h,1,1,831,831,1277,1277,121.7,886,976,879,1026,879,1080,883,1132,890,1183,906,1228,935,1265,971,1292,1021,1303,1079,1301,1139,1287,1194,1266,1239,1231,1268,1181,1285,1124,1296,1064,1307,1002,890,896,910,868,943,861,979,865,1010,879,1075,878,1114,865,1158,866,1199,882,1225,913,1037,931,1030,954,1022,976,1014,1001,976,1051,996,1057,1018,1061,1043,1059,1068,1057,918,950,940,941,964,941,988,950,963,954,939,954,1102,952,1129,944,1155,949,1179,960,1151,961,1126,958,951,1150,968,1112,993,1095,1012,1099,1033,1096,1071,1117,1110,1154,1071,1182,1035,1192,1011,1193,990,1190,966,1178,964,1147,993,1122,1012,1123,1033,1124,1094,1151,1035,1161,1013,1161,993,1160
3652,h,1,1,831,831,1277,1277,121.73333333333333,882,976,875,1026,872,1080,875,1132,883,1184,898,1229,926,1269,964,1298,1018,1310,1079,1306,1141,1291,1197,1269,1242,1234,1272,1184,1290,1125,1300,1065,1310,1002,887,897,904,868,938,859,974,862,1006,875,1079,875,1119,863,1163,864,1203,878,1228,910,1036,931,1030,953,1023,975,1015,1000,977,1051,997,1056,1018,1060,1043,1058,1069,1056,916,952,937,944,961,943,985,950,960,955,936,956,1104,952,1132,945,1158,949,1181,960,1154,962,1129,958,951,1150,968,1112,992,1094,1012,1099,1034,1097,1071,1117,1111,1155,1072,1183,1035,1191,1011,1192,989,1189,966,1178,965,1147,992,1124,1012,1125,1033,1126,1095,1152,1034,1160,1013,1160,992,1158
3653,h,1,1,831,831,1277,1277,121.76666666666667,890,975,883,1024,881,1076,882,1127,889,1178,904,1224,931,1263,967,1293,1019,1306,1080,1304,1142,1291,1197,1270,1244,1234,1273,1183,1290,1124,1300,1063,1309,999,899,901,915,875,945,866,978,867,1008,879,1078,878,1116,867,1159,869,1198,885,1224,915,1036,931,1029,953,1022,975,1013,999,979,1052,998,1056,1019,1060,1044,1058,1068,1056,925,955,944,944,967,942,990,951,967,956,944,958,1102,952,1127,943,1153,947,1177,960,1151,962,1125,958,952,1150,968,1112,993,1095,1013,1100,1033,1097,1072,1116,1112,1153,1072,1182,1035,1191,1012,1191,990,1188,966,1178,965,1147,993,1123,1013,1125,1033,1126,1096,1151,1034,1160,1013,1159,992,1158
3654,h,1,1,831,831,1277,1277,121.8,887,982,880,1031,879,1083,882,1133,889,1183,904,1228,930,1267,966,1295,1016,1308,1075,1306,1137,1294,1194,1273,1240,1238,1270,1189,1288,1131,1299,1069,1309,1006,903,903,916,875,945,863,978,863,1007,877,1080,872,1118,862,1161,865,1201,883,1225,916,1036,931,1029,953,1021,975,1012,999,979,1052,998,1057,1018,1060,1043,1058,1067,1056,931,957,949,944,972,942,995,953,972,957,949,959,1104,953,1127,942,1153,945,1178,960,1151,962,1125,958,952,1150,968,1113,992,1096,1013,1101,1034,1098,1071,1116,1109,1154,1072,1182,1036,1192,1012,1194,989,1191,966,1179,966,1148,992,1124,1013,1125,1034,1125,1092,1151,1036,1162,1014,1163,992,1161
3655,h,1,1,831,831,1277,1277,121.83333333333333,887,982,880,1031,879,1083,882,1133,889,1183,904,1228,930,1267,966,1295,1016,1308,1075,1306,1137,1294,1194,1273,1240,1238,1270,1189,1288,1131,1299,1069,1309,1006,903,903,916,875,945,863,978,863,1007,877,1080,872,1118,862,1161,865,1201,883,1225,916,1036,931,1029,953,1021,975,1012,999,979,1052,998,1057,1018,1060,1043,1058,1067,1056,931,957,949,944,972,942,995,953,972,957,949,959,1104,953,1127,942,1153,945,1178,960,1151,962,1125,958,952,1150,968,1113,992,1096,1013,1101,1034,1098,1071,1116,1109,1154,1072,1182,1036,1192,1012,1194,989,1191,966,1179,966,1148,992,1124,1013,1125,1034,1125,1092,1151,1036,1162,1014,1163,992,1161
3656,h,1,1,858,858,1229,1229,121.86666666666666,888,982,884,1032,885,1084,889,1134,897,1182,913,1228,939,1265,975,1292,1023,1302,1079,1297,1133,1278,1182,1250,1222,1214,1249,1168,1266,1115,1279,1060,1292,1002,907,905,922,878,951,866,984,867,1013,879,1078,878,1116,868,1158,870,1196,888,1217,922,1039,930,1032,953,1024,976,1015,1000,982,1050,1001,1055,1021,1059,1045,1057,1069,1055,934,955,953,940,976,939,998,953,976,956,953,957,1101,953,1124,939,1150,943,1172,959,1148,960,1123,957,958,1149,972,1112,997,1095,1016,1101,1035,1098,1071,1116,1109,1151,1072,1181,1038,1192,1016,1193,995,1190,971,1178,971,1146,997,1123,1017,1125,1036,1125,1093,1150,1037,1162,1017,1163,997,1161
3657,h,1,1,831,831,1277,1277,121.9,875,973,871,1023,870,1075,872,1126,879,1176,896,1222,926,1261,965,1290,1020,1301,1081,1299,1143,1286,1200,1264,1246,1230,1274,1181,1289,1122,1299,1062,1309,1000,880,906,896,873,932,859,971,859,1007,870,1078,870,1121,861,1166,865,1208,882,1232,915,1037,924,1031,948,1025,971,1017,997,980,1048,1000,1053,1021,1056,1046,1054,1070,1052,915,951,936,942,960,940,985,947,960,953,936,954,1107,949,1134,941,1160,946,1184,958,1157,958,1131,955,953,1146,971,1112,995,1095,1014,1101,1035,1097,1070,1116,1111,1149,1071,1171,1036,1176,1014,1177,992,1175,970,1168,967,1143,994,1124,1014,1125,1035,1125,1095,1146,1036,1147,1015,1147,994,1146
3658,h,1,1,831,831,1277,1277,121.93333333333334,875,973,871,1023,870,1075,872,1126,879,1176,896,1222,926,1261,965,1290,1020,1301,1081,1299,1143,1286,1200,1264,1246,1230,1274,1181,1289,1122,1299,1062,1309,1000,880,906,896,873,932,859,971,859,1007,870,1078,870,1121,861,1166,865,1208,882,1232,915,1037,924,1031,948,1025,971,1017,997,980,1048,1000,1053,1021,1056,1046,1054,1070,1052,915,951,936,942,960,940,985,947,960,953,936,954,1107,949,1134,941,1160,946,1184,958,1157,958,1131,955,953,1146,971,1112,995,1095,1014,1101,1035,1097,1070,1116,1111,1149,1071,1171,1036,1176,1014,1177,992,1175,970,1168,967,1143,994,1124,1014,1125,1035,1125,1095,1146,1036,1147,1015,1147,994,1146
3659,h,1,1,831,831,1277,1277,121.96666666666667,886,974,880,1023,879,1076,882,1125,889,1174,904,1217,933,1252,970,1281,1020,1292,1079,1293,1141,1280,1197,1260,1242,1226,1272,1178,1289,1121,1300,1062,1310,1001,888,900,907,870,939,861,976,864,1009,877,1077,878,1119,865,1164,867,1205,883,1232,916,1037,927,1030,950,1023,973,1014,998,980,1049,999,1054,1019,1058,1043,1056,1067,1054,919,948,940,939,964,937,988,946,964,951,940,953,1106,949,1133,940,1159,944,1183,957,1156,958,1130,955,953,1139,972,1110,994,1095,1012,1100,1031,1097,1066,1115,1109,1146,1067,1162,1033,1165,1012,1165,992,1162,971,1155,967,1135,994,1122,1012,1124,1032,1125,1093,1143,1032,1136,1013,1135,994,1133
3660,h,1,1,831,831,1277,1277,122.0,887,968,881,1017,880,1068,882,1117,888,1166,902,1210,931,1244,969,1271,1020,1283,1079,1283,1140,1273,1196,1255,1242,1222,1273,1175,1289,1119,1298,1059,1307,997,895,901,911,872,943,861,978,864,1009,875,1078,876,1118,865,1162,866,1203,883,1229,916,1037,925,1030,948,1022,971,1014,996,981,1046,999,1051,1019,1055,1043,1053,1067,1051,924,948,944,938,968,937,991,946,967,951,944,953,1105,948,1130,939,1156,944,1180,957,1153,959,1128,955,955,1133,976,1106,997,1093,1014,1097,1032,1095,1066,1112,1108,1141,1067,1156,1033,1157,1014,1156,995,1152,975,1148,968,1130,997,1117,1014,1119,1032,1120,1093,1137,1033,1129,1015,1127,998,1125
3661,h,1,1,831,831,1277,1277,122.03333333333333,873,977,870,1028,870,1080,873,1130,880,1179,898,1220,930,1252,970,1273,1022,1284,1080,1282,1141,1272,1198,1254,1243,1222,1271,1176,1287,1120,1297,1062,1307,1001,878,904,896,871,932,857,972,858,1008,869,1077,870,1121,860,1168,863,1210,881,1236,917,1037,922,1031,946,1024,969,1017,994,981,1043,1000,1049,1020,1052,1045,1050,1069,1049,913,946,936,938,961,936,986,945,960,949,935,950,1106,948,1135,940,1162,944,1187,956,1159,958,1132,954,951,1129,974,1100,998,1086,1016,1090,1035,1088,1071,1106,1113,1139,1070,1152,1035,1152,1014,1151,994,1148,972,1144,965,1125,997,1110,1016,1113,1035,1114,1098,1135,1035,1126,1016,1124,996,1122
3662,h,1,1,831,831,1277,1277,122.06666666666666,873,977,870,1028,870,1080,873,1130,880,1179,898,1220,930,1252,970,1273,1022,1284,1080,1282,1141,1272,1198,1254,1243,1222,1271,1176,1287,1120,1297,1062,1307,1001,878,904,896,871,932,857,972,858,1008,869,1077,870,1121,860,1168,863,1210,881,1236,917,1037,922,1031,946,1024,969,1017,994,981,1043,1000,1049,1020,1052,1045,1050,1069,1049,913,946,936,938,961,936,986,945,960,949,935,950,1106,948,1135,940,1162,944,1187,956,1159,958,1132,954,951,1129,974,1100,998,1086,1016,1090,1035,1088,1071,1106,1113,1139,1070,1152,1035,1152,1014,1151,994,1148,972,1144,965,1125,997,1110,1016,1113,1035,1114,1098,1135,1035,1126,1016,1124,996,1122
3667,h,1,1,831,831,1277,1277,122.23333333333333,885,974,879,1023,879,1075,881,1125,888,1174,904,1214,932,1248,969,1271,1021,1282,1082,1278,1142,1266,1197,1248,1242,1217,1271,1171,1288,1116,1299,1058,1310,997,877,905,895,871,931,856,972,857,1008,871,1077,874,1120,861,1168,862,1211,880,1238,916,1037,921,1031,944,1024,967,1016,992,977,1042,997,1047,1017,1052,1043,1050,1068,1048,914,946,936,937,963,935,988,945,962,951,936,952,1103,947,1133,938,1161,943,1186,956,1157,958,1130,955,951,1136,972,1103,994,1086,1009,1091,1026,1089,1062,1111,1103,1146,1061,1162,1026,1164,1007,1163,989,1160,969,1154,966,1132,993,1114,1009,1117,1026,1118,1086,1141,1027,1131,1009,1130,993,1127
3668,h,1,1,831,831,1277,1277,122.26666666666667,881,980,877,1032,878,1084,880,1135,887,1184,902,1226,931,1261,970,1285,1024,1297,1086,1293,1146,1281,1200,1261,1243,1230,1271,1183,1288,1127,1299,1068,1311,1006,879,907,897,870,935,857,976,857,1012,871,1076,870,1120,858,1168,861,1211,881,1236,920,1039,918,1033,942,1025,964,1017,989,978,1041,998,1046,1019,1051,1044,1049,1068,1047,916,946,938,936,963,934,989,942,963,947,938,949,1103,945,1132,937,1159,942,1184,956,1156,956,1129,952,953,1139,972,1101,994,1083,1011,1090,1030,1088,1065,1112,1105,1152,1064,1169,1029,1171,1008,1170,989,1165,969,1157,967,1134,993,1114,1011,1117,1030,1119,1088,1146,1029,1138,1010,1136,992,1133
3669,h,1,1,831,831,1277,1277,122.3,881,980,877,1030,879,1082,882,1132,889,1181,907,1223,936,1258,977,1278,1030,1287,1089,1281,1149,1268,1203,1249,1244,1216,1271,1170,1287,1116,1298,1059,1308,1001,877,902,896,870,932,855,972,856,1007,869,1080,871,1121,859,1166,861,1207,876,1236,909,1037,919,1031,942,1024,964,1016,988,979,1042,998,1047,1018,1050,1042,1049,1066,1048,914,946,936,936,961,934,987,942,961,947,935,949,1103,945,1132,936,1159,941,1184,954,1156,955,1129,951,955,1139,973,1102,994,1083,1011,1089,1030,1087,1064,1110,1104,1150,1065,1162,1031,1163,1010,1163,991,1159,970,1155,969,1135,994,1115,1011,1117,1030,1118,1086,1145,1031,1130,1012,1128,994,1127
3670,h,1,1,831,831,1277,1277,122.33333333333333,881,980,877,1030,879,1082,882,1132,889,1181,907,1223,936,1258,977,1278,1030,1287,1089,1281,1149,1268,1203,1249,1244,1216,1271,1170,1287,1116,1298,1059,1308,1001,877,902,896,870,932,855,972,856,1007,869,1080,871,1121,859,1166,861,1207,876,1236,909,1037,919,1031,942,1024,964,1016,988,979,1042,998,1047,1018,1050,1042,1049,1066,1048,914,946,936,936,961,934,987,942,961,947,935,949,1103,945,1132,936,1159,941,1184,954,1156,955,1129,951,955,1139,973,1102,994,1083,1011,1089,1030,1087,1064,1110,1104,1150,1065,1162,1031,1163,1010,1163,991,1159,970,1155,969,1135,994,1115,1011,1117,1030,1118,1086,1145,1031,1130,1012,1128,994,1127
3671,h,1,1,831,831,1277,1277,122.36666666666666,870,985,864,1036,863,1088,868,1140,878,1189,899,1231,931,1264,972,1284,1025,1293,1083,1288,1142,1277,1197,1257,1239,1225,1266,1178,1282,1124,1291,1068,1301,1010,877,910,895,875,931,858,972,857,1008,870,1075,869,1117,858,1162,862,1203,881,1229,918,1035,919,1029,942,1022,965,1014,990,978,1043,997,1047,1017,1051,1041,1049,1066,1047,916,946,938,935,964,933,988,942,963,948,937,950,1099,945,1127,935,1154,940,1178,955,1151,956,1124,952,954,1140,973,1103,995,1084,1012,1090,1031,1087,1064,1110,1100,1148,1064,1162,1031,1163,1011,1163,992,1160,971,1156,969,1136,995,1114,1012,1116,1031,1117,1083,1143,1032,1131,1013,1129,995,1127
3674,h,1,1,831,831,1277,1277,122.46666666666667,886,980,881,1031,881,1083,884,1133,893,1181,909,1222,937,1257,973,1281,1022,1292,1079,1290,1139,1279,1193,1260,1237,1228,1266,1182,1283,1128,1295,1069,1307,1007,900,906,915,878,945,865,979,864,1009,875,1075,873,1115,863,1160,865,1199,883,1225,916,1035,923,1028,948,1020,972,1012,998,979,1047,996,1052,1015,1056,1040,1054,1064,1050,932,951,949,937,972,935,993,946,971,950,949,952,1100,948,1124,936,1149,939,1172,955,1147,956,1122,952,954,1139,970,1104,992,1088,1010,1093,1027,1091,1062,1111,1101,1149,1061,1166,1028,1169,1008,1169,989,1165,969,1157,968,1136,992,1116,1010,1118,1027,1119,1084,1145,1028,1139,1010,1138,992,1136
3675,h,1,1,831,831,1277,1277,122.5,875,975,873,1028,874,1081,879,1133,889,1181,907,1222,936,1255,974,1277,1024,1286,1081,1284,1140,1271,1195,1252,1239,1219,1268,1173,1285,1116,1295,1058,1306,997,879,905,897,872,934,859,974,861,1010,874,1075,876,1117,864,1162,864,1204,879,1231,914,1036,923,1031,947,1024,970,1017,996,981,1048,1000,1053,1019,1057,1044,1054,1068,1052,915,948,938,938,964,936,989,946,963,951,937,953,1100,948,1128,939,1155,943,1180,957,1152,960,1125,956,955,1140,973,1107,995,1090,1012,1097,1031,1093,1062,1113,1100,1149,1060,1160,1029,1160,1009,1159,989,1156,970,1152,969,1136,994,1119,1012,1122,1030,1122,1083,1144,1029,1128,1011,1127,993,1125
3676,h,1,1,831,831,1277,1277,122.53333333333333,871,980,866,1032,864,1085,869,1138,880,1188,899,1229,928,1262,967,1284,1018,1294,1074,1293,1133,1283,1190,1265,1235,1233,1266,1187,1284,1132,1295,1072,1306,1010,880,896,901,866,938,857,977,861,1011,876,1079,876,1121,865,1166,865,1207,880,1234,914,1037,927,1031,951,1023,975,1016,1001,980,1052,998,1057,1018,1060,1042,1059,1067,1057,913,950,936,941,961,940,987,949,961,955,935,956,1104,952,1133,944,1160,949,1184,963,1157,965,1130,961,955,1146,973,1109,996,1091,1012,1097,1031,1094,1064,1117,1100,1158,1063,1170,1029,1171,1009,1170,990,1166,971,1162,969,1142,995,1121,1012,1123,1030,1125,1083,1153,1030,1139,1012,1137,994,1134
3677,h,1,1,831,831,1277,1277,122.56666666666666,871,980,866,1032,864,1085,869,1138,880,1188,899,1229,928,1262,967,1284,1018,1294,1074,1293,1133,1283,1190,1265,1235,1233,1266,1187,1284,1132,1295,1072,1306,1010,880,896,901,866,938,857,977,861,1011,876,1079,876,1121,865,1166,865,1207,880,1234,914,1037,927,1031,951,1023,975,1016,1001,980,1052,998,1057,1018,1060,1042,1059,1067,1057,913,950,936,941,961,940,987,949,961,955,935,956,1104,952,1133,944,1160,949,1184,963,1157,965,1130,961,955,1146,973,1109,996,1091,1012,1097,1031,1094,1064,1117,1100,1158,1063,1170,1029,1171,1009,1170,990,1166,971,1162,969,1142,995,1121,1012,1123,1030,1125,1083,1153,1030,1139,1012,1137,994,1134
3678,h,1,1,831,831,1277,1277,122.6,886,983,881,1035,881,1088,884,1138,893,1187,911,1227,942,1258,979,1281,1027,1291,1083,1287,1141,1276,1195,1257,1238,1226,1268,1181,1285,1127,1296,1068,1308,1008,897,904,915,876,948,865,983,866,1014,878,1082,876,1123,866,1168,867,1208,883,1235,915,1040,927,1032,951,1024,974,1015,999,983,1050,1000,1055,1019,1059,1043,1057,1066,1055,929,956,949,942,973,941,997,951,973,956,949,958,1105,952,1131,941,1157,945,1181,960,1155,961,1129,957,961,1139,976,1106,996,1091,1013,1096,1031,1093,1064,1113,1101,1147,1064,1163,1033,1165,1013,1165,995,1162,976,1156,975,1135,996,1119,1013,1121,1031,1122,1085,1143,1032,1134,1014,1133,997,1131
3679,h,1,1,831,831,1277,1277,122.63333333333334,882,980,878,1033,878,1085,881,1137,889,1186,908,1228,938,1260,975,1282,1027,1290,1084,1287,1141,1277,1196,1257,1240,1225,1268,1179,1286,1125,1297,1067,1308,1006,880,902,898,870,935,858,974,861,1009,876,1077,876,1119,865,1166,866,1208,881,1236,916,1036,927,1030,951,1023,974,1016,1000,980,1053,999,1057,1019,1060,1043,1058,1067,1057,914,952,936,942,963,941,989,951,962,957,935,958,1102,954,1130,945,1158,949,1184,963,1156,966,1127,962,953,1144,972,1109,995,1091,1012,1097,1030,1093,1064,1115,1104,1151,1064,1165,1030,1167,1011,1167,992,1165,971,1161,967,1141,994,1122,1012,1124,1029,1125,1087,1147,1030,1135,1012,1134,994,1132
3680,h,1,1,831,831,1277,1277,122.66666666666667,882,983,877,1034,878,1085,880,1135,887,1183,904,1225,933,1257,971,1279,1021,1288,1078,1286,1138,1277,1193,1259,1237,1228,1265,1181,1282,1127,1293,1070,1304,1010,886,902,905,871,940,860,978,862,1011,876,1069,876,1111,863,1159,865,1201,883,1228,921,1034,924,1028,948,1021,972,1013,998,976,1049,996,1054,1016,1058,1041,1056,1066,1053,917,948,938,937,964,936,988,947,963,952,938,953,1097,950,1124,939,1151,943,1177,958,1149,959,1121,956,950,1143,970,1107,992,1088,1010,1093,1028,1090,1061,1112,1100,1150,1060,1164,1026,1166,1006,1166,987,1163,967,1158,964,1139,991,1118,1009,1120,1027,1122,1082,1145,1027,1133,1008,1132,990,1130
3681,h,1,1,831,831,1277,1277,122.7,882,983,877,1034,878,1085,880,1135,887,1183,904,1225,933,1257,971,1279,1021,1288,1078,1286,1138,1277,1193,1259,1237,1228,1265,1181,1282,1127,1293,1070,1304,1010,886,902,905,871,940,860,978,862,1011,876,1069,876,1111,863,1159,865,1201,883,1228,921,1034,924,1028,948,1021,972,1013,998,976,1049,996,1054,1016,1058,1041,1056,1066,1053,917,948,938,937,964,936,988,947,963,952,938,953,1097,950,1124,939,1151,943,1177,958,1149,959,1121,956,950,1143,970,1107,992,1088,1010,1093,1028,1090,1061,1112,1100,1150,1060,1164,1026,1166,1006,1166,987,1163,967,1158,964,1139,991,1118,1009,1120,1027,1122,1082,1145,1027,1133,1008,1132,990,1130
3682,h,1,1,831,831,1277,1277,122.73333333333333,886,983,880,1034,879,1087,881,1138,889,1186,905,1226,931,1259,967,1282,1015,1292,1072,1292,1132,1283,1188,1265,1234,1234,1263,1189,1281,1134,1292,1075,1303,1013,898,904,914,875,944,864,978,866,1008,877,1078,877,1116,866,1159,867,1199,882,1226,914,1036,926,1030,950,1022,973,1014,998,980,1049,998,1054,1017,1057,1042,1055,1066,1052,928,953,946,939,970,938,992,950,969,955,946,956,1103,951,1127,939,1153,942,1177,958,1150,960,1125,957,948,1140,968,1104,992,1087,1010,1092,1029,1089,1063,1109,1101,1147,1062,1161,1028,1165,1007,1165,987,1162,966,1156,962,1135,991,1117,1010,1119,1029,1120,1084,1142,1029,1132,1010,1132,991,1130
3683,h,1,1,831,831,1277,1277,122.76666666666667,886,976,880,1027,878,1080,880,1130,886,1180,902,1223,932,1255,969,1278,1020,1288,1078,1286,1138,1278,1195,1261,1239,1230,1268,1184,1285,1129,1296,1070,1306,1010,893,901,911,872,943,861,979,863,1011,876,1073,874,1115,863,1161,865,1202,882,1231,914,1037,923,1030,946,1023,970,1014,995,979,1048,998,1053,1017,1056,1041,1054,1066,1052,924,948,944,938,968,936,991,946,967,951,944,952,1104,948,1129,938,1155,943,1180,956,1153,957,1127,954,950,1140,969,1104,992,1087,1010,1092,1030,1089,1064,1110,1103,1148,1064,1160,1029,1163,1008,1163,988,1160,967,1155,964,1136,991,1117,1010,1119,1029,1120,1087,1143,1030,1131,1010,1131,991,1129
3684,h,1,1,831,831,1277,1277,122.8,885,975,879,1026,878,1077,880,1127,886,1175,902,1217,930,1252,968,1275,1019,1284,1077,1282,1138,1273,1195,1255,1240,1224,1270,1178,1287,1124,1298,1065,1308,1004,887,903,904,872,937,859,974,860,1007,872,1079,871,1121,860,1167,862,1208,879,1233,914,1037,923,1030,947,1022,970,1014,996,978,1044,997,1049,1017,1053,1042,1051,1067,1049,920,947,941,937,965,935,989,946,964,950,940,951,1103,947,1130,937,1156,941,1181,955,1154,956,1127,953,949,1133,968,1099,991,1085,1010,1091,1030,1087,1064,1106,1104,1142,1063,1154,1028,1155,1007,1155,987,1152,965,1148,963,1127,991,1112,1010,1114,1029,1115,1086,1136,1029,1125,1009,1125,989,1123
3685,h,1,1,831,831,1277,1277,122.83333333333333,885,975,879,1026,878,1077,880,1127,886,1175,902,1217,930,1252,968,1275,1019,1284,1077,1282,1138,1273,1195,1255,1240,1224,1270,1178,1287,1124,1298,1065,1308,1004,887,903,904,872,937,859,974,860,1007,872,1079,871,1121,860,1167,862,1208,879,1233,914,1037,923,1030,947,1022,970,1014,996,978,1044,997,1049,1017,1053,1042,1051,1067,1049,920,947,941,937,965,935,989,946,964,950,940,951,1103,947,1130,937,1156,941,1181,955,1154,956,1127,953,949,1133,968,1099,991,1085,1010,1091,1030,1087,1064,1106,1104,1142,1063,1154,1028,1155,1007,1155,987,1152,965,1148,963,1127,991,1112,1010,1114,1029,1115,1086,1136,1029,1125,1009,1125,989,1123
3686,h,1,1,831,831,1277,1277,122.86666666666666,882,980,878,1028,877,1078,879,1127,885,1175,900,1215,929,1247,967,1270,1019,1280,1078,1279,1139,1272,1196,1257,1241,1226,1271,1180,1288,1124,1299,1066,1310,1005,884,901,901,870,934,857,972,857,1006,870,1076,869,1120,858,1167,860,1210,876,1239,910,1035,922,1028,945,1020,967,1012,991,978,1043,996,1049,1015,1052,1040,1051,1066,1049,914,948,936,939,961,936,989,946,961,951,935,953,1105,947,1135,938,1163,943,1190,954,1160,957,1132,953,952,1137,971,1103,992,1086,1010,1091,1031,1089,1065,1108,1106,1144,1066,1155,1031,1154,1010,1153,990,1151,970,1148,968,1132,992,1113,1010,1115,1030,1116,1090,1139,1031,1126,1011,1124,992,1121
3687,h,1,1,831,831,1277,1277,122.9,882,987,879,1036,879,1086,882,1136,890,1184,908,1222,941,1251,980,1271,1030,1282,1089,1281,1148,1273,1202,1257,1243,1223,1270,1177,1285,1122,1294,1063,1305,1004,893,905,908,876,939,862,974,863,1005,874,1076,871,1117,861,1161,864,1201,881,1229,913,1034,925,1027,948,1020,970,1011,995,978,1045,997,1050,1016,1053,1041,1051,1065,1050,927,951,945,939,968,937,990,948,968,952,945,953,1102,949,1126,938,1153,941,1177,955,1150,957,1124,954,954,1134,972,1101,993,1086,1012,1090,1031,1089,1066,1108,1109,1142,1068,1154,1033,1153,1012,1152,992,1149,972,1146,969,1131,993,1111,1012,1112,1031,1114,1093,1138,1032,1129,1013,1126,994,1125
3688,h,1,1,831,831,1277,1277,122.93333333333334,882,987,879,1036,879,1086,882,1136,890,1184,908,1222,941,1251,980,1271,1030,1282,1089,1281,1148,1273,1202,1257,1243,1223,1270,1177,1285,1122,1294,1063,1305,1004,893,905,908,876,939,862,974,863,1005,874,1076,871,1117,861,1161,864,1201,881,1229,913,1034,925,1027,948,1020,970,1011,995,978,1045,997,1050,1016,1053,1041,1051,1065,1050,927,951,945,939,968,937,990,948,968,952,945,953,1102,949,1126,938,1153,941,1177,955,1150,957,1124,954,954,1134,972,1101,993,1086,1012,1090,1031,1089,1066,1108,1109,1142,1068,1154,1033,1153,1012,1152,992,1149,972,1146,969,1131,993,1111,1012,1112,1031,1114,1093,1138,1032,1129,1013,1126,994,1125
3689,h,1,1,831,831,1277,1277,122.96666666666667,881,981,878,1032,879,1085,881,1135,887,1184,904,1224,936,1255,975,1274,1029,1283,1087,1279,1146,1270,1201,1254,1243,1222,1270,1174,1285,1119,1296,1062,1307,1002,878,909,895,873,930,858,970,858,1006,869,1075,870,1119,861,1166,864,1208,881,1236,916,1035,923,1028,947,1021,969,1013,995,978,1046,997,1051,1017,1053,1042,1052,1067,1050,914,949,936,940,961,938,987,947,961,952,936,954,1103,949,1131,940,1158,944,1183,957,1155,959,1128,955,954,1136,973,1103,996,1087,1013,1091,1032,1089,1068,1107,1111,1142,1069,1152,1034,1152,1013,1151,994,1149,973,1148,968,1131,996,1111,1014,1112,1032,1113,1095,1137,1034,1127,1014,1126,996,1125
3690,h,1,1,831,831,1277,1277,123.0,873,981,867,1032,866,1085,870,1138,881,1187,900,1228,931,1263,971,1285,1023,1295,1083,1292,1143,1282,1197,1264,1241,1232,1270,1185,1287,1130,1296,1071,1306,1010,885,901,904,870,937,859,974,860,1009,872,1076,871,1119,862,1165,863,1206,879,1232,915,1036,923,1030,947,1022,969,1014,994,977,1045,996,1051,1017,1054,1042,1053,1067,1050,916,949,938,939,962,937,986,946,962,951,938,952,1103,949,1131,940,1157,944,1181,957,1154,958,1127,954,951,1140,970,1106,993,1090,1010,1094,1029,1092,1064,1111,1105,1146,1066,1160,1032,1161,1011,1161,991,1159,970,1154,965,1135,993,1118,1011,1119,1030,1120,1089,1141,1031,1134,1012,1132,993,1131
3691,h,1,1,831,831,1277,1277,123.03333333333333,879,983,877,1033,879,1085,883,1135,888,1184,904,1225,932,1259,970,1283,1023,1294,1084,1291,1145,1278,1200,1258,1242,1225,1271,1177,1287,1122,1298,1064,1308,1005,879,912,895,875,930,860,971,860,1007,872,1074,873,1118,862,1165,865,1207,882,1232,920,1036,926,1030,950,1022,972,1014,997,977,1048,997,1054,1017,1058,1042,1056,1067,1054,916,951,937,941,961,939,987,948,962,953,937,955,1103,950,1131,942,1157,946,1182,959,1155,960,1128,956,953,1138,971,1107,993,1092,1010,1097,1029,1096,1064,1115,1106,1147,1064,1163,1030,1164,1009,1163,989,1160,969,1154,967,1134,993,1119,1010,1122,1029,1122,1089,1143,1030,1136,1010,1135,992,1132
3692,h,1,1,831,831,1277,1277,123.06666666666666,879,983,877,1033,879,1085,883,1135,888,1184,904,1225,932,1259,970,1283,1023,1294,1084,1291,1145,1278,1200,1258,1242,1225,1271,1177,1287,1122,1298,1064,1308,1005,879,912,895,875,930,860,971,860,1007,872,1074,873,1118,862,1165,865,1207,882,1232,920,1036,926,1030,950,1022,972,1014,997,977,1048,997,1054,1017,1058,1042,1056,1067,1054,916,951,937,941,961,939,987,948,962,953,937,955,1103,950,1131,942,1157,946,1182,959,1155,960,1128,956,953,1138,971,1107,993,1092,1010,1097,1029,1096,1064,1115,1106,1147,1064,1163,1030,1164,1009,1163,989,1160,969,1154,967,1134,993,1119,1010,1122,1029,1122,1089,1143,1030,1136,1010,1135,992,1132
3693,h,1,1,858,858,1229,1229,123.1,891,986,885,1033,884,1082,886,1129,892,1173,908,1212,935,1241,970,1262,1015,1272,1071,1271,1128,1260,1181,1240,1223,1209,1248,1164,1263,1114,1276,1061,1288,1005,908,912,922,883,950,869,982,869,1010,882,1074,880,1112,870,1155,872,1193,892,1215,927,1036,932,1028,957,1020,980,1011,1005,981,1052,998,1057,1017,1061,1040,1059,1063,1058,935,958,952,942,975,942,997,956,975,959,952,960,1098,955,1122,941,1146,944,1168,960,1144,961,1120,959,956,1136,974,1108,995,1095,1012,1100,1030,1098,1062,1114,1100,1143,1061,1154,1030,1156,1011,1156,993,1152,973,1147,968,1131,995,1121,1012,1123,1031,1123,1083,1140,1031,1129,1012,1128,995,1126
3694,h,1,1,831,831,1277,1277,123.13333333333334,869,984,865,1035,865,1087,869,1138,879,1186,898,1225,929,1258,968,1281,1022,1293,1082,1291,1142,1281,1198,1263,1242,1231,1271,1183,1288,1125,1298,1065,1309,1004,880,903,896,871,931,859,969,860,1003,873,1075,874,1118,863,1164,864,1205,880,1232,914,1033,928,1028,952,1021,976,1015,1002,979,1053,998,1058,1017,1062,1042,1060,1066,1059,912,953,935,944,959,943,984,951,959,955,934,956,1102,953,1131,945,1158,950,1183,962,1155,962,1128,959,951,1139,971,1107,994,1093,1013,1097,1035,1096,1070,1114,1111,1149,1071,1162,1035,1161,1012,1160,991,1156,970,1153,965,1135,993,1118,1013,1121,1034,1122,1095,1144,1035,1134,1014,1131,994,1129
3695,h,1,1,831,831,1277,1277,123.16666666666667,867,988,863,1039,863,1092,868,1145,879,1194,900,1234,932,1267,972,1288,1026,1298,1085,1296,1144,1286,1199,1267,1241,1233,1269,1186,1286,1128,1296,1069,1306,1008,879,904,896,872,933,859,972,861,1007,875,1070,876,1113,864,1160,866,1202,881,1231,915,1033,928,1028,952,1021,976,1015,1001,978,1054,997,1059,1017,1062,1042,1060,1066,1059,913,954,935,944,960,942,986,950,960,956,935,958,1101,953,1130,946,1157,950,1183,962,1154,965,1127,961,955,1145,974,1110,995,1093,1014,1098,1035,1095,1070,1117,1110,1154,1072,1167,1037,1167,1015,1166,993,1163,974,1159,971,1141,995,1121,1014,1123,1035,1124,1093,1149,1037,1136,1016,1134,995,1131
3696,h,1,1,831,831,1277,1277,123.2,867,988,863,1039,863,1092,868,1145,879,1194,900,1234,932,1267,972,1288,1026,1298,1085,1296,1144,1286,1199,1267,1241,1233,1269,1186,1286,1128,1296,1069,1306,1008,879,904,896,872,933,859,972,861,1007,875,1070,876,1113,864,1160,866,1202,881,1231,915,1033,928,1028,952,1021,976,1015,1001,978,1054,997,1059,1017,1062,1042,1060,1066,1059,913,954,935,944,960,942,986,950,960,956,935,958,1101,953,1130,946,1157,950,1183,962,1154,965,1127,961,955,1145,974,1110,995,1093,1014,1098,1035,1095,1070,1117,1110,1154,1072,1167,1037,1167,1015,1166,993,1163,974,1159,971,1141,995,1121,1014,1123,1035,1124,1093,1149,1037,1136,1016,1134,995,1131
3697,h,1,1,858,858,1229,1229,123.23333333333333,887,977,883,1027,883,1078,888,1127,895,1172,909,1212,936,1244,971,1267,1017,1277,1074,1275,1131,1264,1182,1243,1223,1210,1251,1166,1267,1114,1279,1059,1291,1001,890,901,909,875,941,866,976,869,1007,882,1075,882,1112,869,1155,870,1194,885,1218,918,1035,932,1028,957,1020,981,1012,1007,979,1053,997,1058,1016,1063,1040,1062,1064,1059,919,951,941,940,966,939,990,952,966,956,940,957,1098,954,1124,941,1151,945,1175,959,1149,962,1122,959,954,1141,972,1110,994,1095,1011,1100,1028,1098,1060,1117,1100,1150,1060,1163,1028,1166,1009,1166,991,1162,971,1155,967,1137,994,1124,1011,1126,1029,1127,1083,1146,1028,1134,1011,1133,994,1130
3698,h,1,1,831,831,1277,1277,123.26666666666667,882,987,879,1038,880,1089,883,1138,891,1186,908,1226,938,1258,976,1281,1027,1292,1085,1289,1145,1280,1202,1262,1244,1229,1272,1181,1288,1125,1300,1065,1310,1003,876,912,892,877,927,862,967,861,1003,873,1076,874,1122,865,1170,868,1213,885,1240,921,1034,927,1028,950,1021,974,1013,1000,979,1051,998,1056,1017,1059,1042,1058,1066,1057,911,953,933,944,959,942,986,949,959,955,933,957,1104,952,1133,944,1160,949,1187,961,1158,962,1130,958,955,1144,972,1108,994,1091,1012,1097,1031,1095,1068,1117,1110,1155,1068,1170,1032,1170,1011,1169,991,1165,970,1160,968,1140,994,1117,1012,1120,1031,1121,1093,1150,1032,1141,1012,1139,993,1137
3699,h,1,1,831,831,1277,1277,123.3,884,980,879,1029,879,1080,881,1131,888,1180,904,1221,934,1255,973,1278,1025,1289,1084,1288,1145,1279,1201,1261,1244,1229,1274,1181,1292,1124,1303,1064,1313,1002,890,900,906,872,939,862,975,866,1007,879,1076,878,1117,866,1164,865,1206,878,1237,909,1036,928,1029,951,1021,973,1013,998,980,1050,998,1055,1017,1058,1041,1058,1066,1057,920,951,940,941,965,939,990,948,965,954,940,955,1107,950,1134,941,1161,945,1187,957,1158,960,1131,957,956,1141,974,1105,995,1089,1011,1095,1029,1093,1064,1114,1107,1152,1065,1164,1030,1163,1010,1161,992,1157,973,1153,970,1137,995,1116,1012,1118,1029,1120,1090,1147,1030,1135,1012,1132,994,1130
3700,h,1,1,831,831,1277,1277,123.33333333333333,884,980,879,1029,879,1080,881,1131,888,1180,904,1221,934,1255,973,1278,1025,1289,1084,1288,1145,1279,1201,1261,1244,1229,1274,1181,1292,1124,1303,1064,1313,1002,890,900,906,872,939,862,975,866,1007,879,1076,878,1117,866,1164,865,1206,878,1237,909,1036,928,1029,951,1021,973,1013,998,980,1050,998,1055,1017,1058,1041,1058,1066,1057,920,951,940,941,965,939,990,948,965,954,940,955,1107,950,1134,941,1161,945,1187,957,1158,960,1131,957,956,1141,974,1105,995,1089,1011,1095,1029,1093,1064,1114,1107,1152,1065,1164,1030,1163,1010,1161,992,1157,973,1153,970,1137,995,1116,1012,1118,1029,1120,1090,1147,1030,1135,1012,1132,994,1130
3701,h,1,1,831,831,1277,1277,123.36666666666666,879,985,874,1036,873,1087,877,1137,886,1184,905,1225,936,1257,975,1280,1025,1291,1082,1288,1141,1278,1197,1261,1241,1230,1271,1183,1288,1128,1298,1069,1309,1008,881,906,899,873,935,861,974,863,1009,877,1076,876,1120,864,1167,865,1210,881,1238,915,1037,928,1030,951,1023,973,1015,997,980,1049,998,1054,1018,1058,1042,1057,1067,1055,912,953,935,943,961,941,987,949,961,954,935,956,1104,951,1134,942,1162,947,1187,959,1159,961,1131,958,951,1139,971,1105,994,1088,1012,1093,1032,1092,1068,1113,1111,1149,1068,1164,1032,1163,1011,1162,991,1159,970,1154,965,1135,994,1113,1012,1115,1032,1117,1094,1144,1032,1136,1012,1134,994,1131
3702,h,1,1,831,831,1277,1277,123.4,880,986,877,1035,878,1084,881,1134,888,1181,904,1220,933,1251,971,1273,1022,1285,1080,1283,1141,1275,1197,1258,1242,1226,1273,1180,1291,1125,1302,1066,1312,1005,880,907,900,876,935,864,975,864,1011,876,1074,873,1117,863,1164,865,1205,883,1234,917,1037,927,1031,949,1023,972,1016,996,981,1050,999,1054,1018,1057,1042,1056,1066,1055,914,952,936,941,963,939,989,950,962,956,935,958,1104,952,1133,940,1161,944,1186,959,1158,962,1130,959,953,1139,972,1107,995,1090,1012,1095,1031,1093,1066,1114,1109,1149,1066,1162,1031,1161,1011,1160,992,1156,971,1152,968,1135,995,1116,1012,1118,1030,1119,1092,1144,1031,1133,1012,1131,994,1129
3703,h,1,1,831,831,1277,1277,123.43333333333334,880,986,877,1035,878,1084,881,1134,888,1181,904,1220,933,1251,971,1273,1022,1285,1080,1283,1141,1275,1197,1258,1242,1226,1273,1180,1291,1125,1302,1066,1312,1005,880,907,900,876,935,864,975,864,1011,876,1074,873,1117,863,1164,865,1205,883,1234,917,1037,927,1031,949,1023,972,1016,996,981,1050,999,1054,1018,1057,1042,1056,1066,1055,914,952,936,941,963,939,989,950,962,956,935,958,1104,952,1133,940,1161,944,1186,959,1158,962,1130,959,953,1139,972,1107,995,1090,1012,1095,1031,1093,1066,1114,1109,1149,1066,1162,1031,1161,1011,1160,992,1156,971,1152,968,1135,995,1116,1012,1118,1030,1119,1092,1144,1031,1133,1012,1131,994,1129
3704,h,1,1,831,831,1277,1277,123.46666666666667,887,983,882,1033,883,1084,884,1134,891,1182,908,1223,938,1254,977,1276,1028,1286,1086,1282,1146,1272,1202,1255,1246,1224,1275,1176,1292,1121,1302,1062,1313,1001,883,905,901,873,937,861,976,863,1010,878,1077,874,1122,863,1168,864,1211,879,1240,912,1039,928,1032,951,1024,973,1016,998,983,1050,1001,1055,1019,1057,1043,1057,1067,1055,915,954,938,943,964,941,990,951,964,957,937,958,1109,952,1137,942,1165,946,1191,959,1162,961,1134,958,954,1143,974,1107,995,1090,1013,1095,1032,1093,1068,1113,1111,1149,1069,1164,1033,1165,1012,1164,992,1162,972,1158,969,1139,995,1117,1013,1119,1032,1119,1094,1145,1033,1138,1013,1137,995,1135
3705,h,1,1,831,831,1277,1277,123.5,889,979,884,1028,883,1080,885,1130,892,1179,908,1220,938,1252,977,1274,1028,1284,1085,1281,1144,1272,1201,1255,1246,1223,1275,1177,1292,1121,1303,1061,1314,1000,886,900,905,871,940,861,977,864,1011,876,1078,877,1122,866,1168,865,1212,879,1241,911,1039,927,1033,950,1025,972,1018,997,983,1050,1001,1054,1020,1057,1044,1057,1068,1055,916,954,938,943,964,942,991,950,964,957,937,959,1106,951,1135,942,1163,947,1190,959,1161,962,1132,958,957,1140,976,1108,996,1090,1013,1095,1031,1092,1066,1113,1107,1147,1065,1158,1031,1158,1011,1158,993,1155,974,1152,970,1136,996,1117,1013,1119,1031,1120,1090,1143,1031,1128,1013,1128,995,1126
3706,h,1,1,858,858,1229,1229,123.53333333333333,895,975,888,1022,886,1072,888,1120,894,1167,908,1210,935,1242,970,1263,1017,1274,1074,1273,1132,1262,1185,1243,1227,1211,1256,1166,1274,1114,1287,1059,1300,1002,899,901,918,873,950,865,985,867,1016,882,1078,882,1116,868,1161,869,1201,886,1226,919,1040,930,1033,953,1025,976,1017,1002,985,1050,1002,1055,1021,1058,1045,1057,1068,1056,927,950,948,938,973,937,997,951,972,956,947,957,1104,953,1130,939,1157,943,1181,957,1155,961,1129,959,958,1139,977,1107,999,1090,1015,1096,1033,1093,1064,1113,1102,1146,1062,1162,1032,1166,1012,1166,994,1163,974,1156,971,1135,998,1119,1015,1121,1033,1122,1085,1143,1032,1134,1014,1134,997,1132
3707,h,1,1,858,858,1229,1229,123.56666666666666,895,975,888,1022,886,1072,888,1120,894,1167,908,1210,935,1242,970,1263,1017,1274,1074,1273,1132,1262,1185,1243,1227,1211,1256,1166,1274,1114,1287,1059,1300,1002,899,901,918,873,950,865,985,867,1016,882,1078,882,1116,868,1161,869,1201,886,1226,919,1040,930,1033,953,1025,976,1017,1002,985,1050,1002,1055,1021,1058,1045,1057,1068,1056,927,950,948,938,973,937,997,951,972,956,947,957,1104,953,1130,939,1157,943,1181,957,1155,961,1129,959,958,1139,977,1107,999,1090,1015,1096,1033,1093,1064,1113,1102,1146,1062,1162,1032,1166,1012,1166,994,1163,974,1156,971,1135,998,1119,1015,1121,1033,1122,1085,1143,1032,1134,1014,1134,997,1132
3708,h,1,1,831,831,1277,1277,123.6,889,978,883,1027,884,1078,887,1129,893,1179,908,1222,939,1257,977,1281,1027,1293,1086,1291,1148,1281,1206,1264,1251,1231,1281,1183,1299,1127,1311,1068,1322,1005,884,905,903,873,939,860,979,863,1014,879,1079,878,1124,866,1173,866,1219,882,1250,915,1041,929,1035,952,1027,974,1019,999,985,1052,1003,1057,1022,1060,1047,1059,1071,1057,916,955,938,945,965,942,994,952,965,958,938,959,1109,954,1141,945,1171,950,1200,962,1168,964,1138,961,956,1147,974,1110,997,1090,1014,1096,1033,1093,1069,1116,1111,1155,1069,1173,1033,1177,1012,1176,992,1173,972,1166,971,1143,996,1121,1014,1123,1033,1124,1093,1150,1033,1144,1013,1144,996,1142
3709,h,1,1,831,831,1277,1277,123.63333333333334,884,985,881,1037,881,1091,886,1144,895,1194,912,1237,942,1271,978,1297,1030,1308,1088,1303,1147,1289,1203,1270,1248,1236,1278,1188,1296,1131,1307,1071,1317,1009,886,904,905,872,940,858,980,858,1014,871,1084,872,1127,861,1173,863,1215,879,1241,913,1043,926,1037,950,1029,973,1022,998,987,1053,1005,1057,1024,1060,1049,1059,1073,1057,921,954,943,942,970,940,996,950,970,956,943,958,1109,951,1137,941,1165,946,1190,960,1163,962,1134,958,961,1152,977,1113,999,1093,1017,1098,1037,1096,1072,1118,1109,1159,1072,1181,1038,1188,1015,1189,995,1185,975,1176,976,1148,999,1123,1017,1125,1037,1125,1091,1155,1037,1158,1017,1158,998,1156
3710,h,1,1,831,831,1277,1277,123.66666666666667,891,982,887,1034,887,1087,891,1139,899,1190,914,1234,941,1271,978,1297,1030,1309,1090,1304,1150,1290,1206,1270,1252,1236,1282,1187,1301,1129,1313,1068,1323,1005,891,897,909,868,943,857,981,858,1014,872,1084,873,1128,863,1175,864,1218,878,1247,911,1045,928,1038,952,1031,974,1022,999,987,1052,1006,1057,1026,1060,1050,1059,1074,1058,922,952,944,942,970,940,996,950,970,955,943,957,1113,952,1143,943,1172,948,1199,961,1169,964,1140,960,962,1154,977,1112,999,1092,1017,1097,1037,1094,1073,1117,1110,1162,1075,1185,1039,1193,1017,1194,996,1190,975,1180,976,1150,999,1123,1017,1124,1037,1125,1092,1156,1038,1161,1018,1161,999,1159
3711,h,1,1,831,831,1277,1277,123.7,891,982,887,1034,887,1087,891,1139,899,1190,914,1234,941,1271,978,1297,1030,1309,1090,1304,1150,1290,1206,1270,1252,1236,1282,1187,1301,1129,1313,1068,1323,1005,891,897,909,868,943,857,981,858,1014,872,1084,873,1128,863,1175,864,1218,878,1247,911,1045,928,1038,952,1031,974,1022,999,987,1052,1006,1057,1026,1060,1050,1059,1074,1058,922,952,944,942,970,940,996,950,970,955,943,957,1113,952,1143,943,1172,948,1199,961,1169,964,1140,960,962,1154,977,1112,999,1092,1017,1097,1037,1094,1073,1117,1110,1162,1075,1185,1039,1193,1017,1194,996,1190,975,1180,976,1150,999,1123,1017,1124,1037,1125,1092,1156,1038,1161,1018,1161,999,1159
3712,h,1,1,831,831,1277,1277,123.73333333333333,889,982,886,1032,888,1085,892,1137,899,1188,915,1230,943,1265,979,1290,1031,1302,1090,1299,1149,1288,1205,1268,1250,1235,1279,1186,1298,1129,1310,1068,1321,1005,888,907,904,875,938,860,977,858,1014,870,1087,873,1130,863,1176,866,1217,881,1243,915,1045,927,1039,950,1031,973,1024,998,987,1051,1006,1056,1026,1059,1051,1058,1076,1055,920,954,941,943,968,940,995,950,969,955,942,958,1113,952,1142,943,1170,947,1196,960,1167,962,1139,958,961,1151,978,1111,1001,1091,1017,1096,1036,1093,1070,1116,1108,1158,1070,1178,1036,1183,1016,1183,997,1180,976,1173,976,1146,1000,1122,1017,1123,1035,1124,1091,1153,1037,1151,1018,1150,1000,1149
3713,h,1,1,831,831,1277,1277,123.76666666666667,884,987,877,1038,877,1091,882,1142,893,1191,911,1232,941,1267,979,1292,1031,1302,1089,1298,1147,1288,1203,1271,1248,1240,1277,1192,1295,1136,1307,1077,1317,1015,891,905,907,872,943,857,981,856,1016,870,1086,873,1130,862,1177,865,1219,882,1245,919,1045,927,1039,952,1031,976,1024,1002,988,1052,1006,1057,1026,1061,1051,1060,1075,1058,922,954,944,942,970,940,996,951,970,955,944,957,1111,955,1141,944,1168,949,1193,964,1165,964,1137,960,961,1144,979,1110,1002,1092,1019,1097,1038,1095,1072,1116,1111,1155,1072,1169,1038,1172,1018,1172,998,1169,977,1162,975,1140,1001,1121,1019,1122,1037,1123,1093,1149,1039,1142,1020,1140,1001,1138
3714,h,1,1,858,858,1229,1229,123.8,905,984,897,1031,894,1081,895,1129,901,1174,916,1214,942,1244,977,1264,1024,1274,1079,1274,1134,1262,1184,1241,1223,1209,1249,1166,1265,1114,1278,1061,1290,1006,918,911,933,882,962,871,994,871,1023,884,1084,883,1121,872,1162,873,1199,890,1219,922,1048,932,1041,955,1033,978,1025,1002,994,1051,1011,1056,1029,1060,1052,1059,1074,1057,944,956,962,940,985,939,1008,955,986,957,962,959,1106,955,1131,940,1156,943,1177,959,1155,961,1130,959,966,1137,983,1106,1005,1092,1021,1098,1040,1096,1072,1115,1109,1148,1070,1159,1039,1160,1019,1159,1001,1155,981,1148,979,1133,1005,1119,1021,1121,1040,1123,1093,1144,1039,1133,1021,1131,1004,1128
3715,h,1,1,858,858,1229,1229,123.83333333333333,905,984,897,1031,894,1081,895,1129,901,1174,916,1214,942,1244,977,1264,1024,1274,1079,1274,1134,1262,1184,1241,1223,1209,1249,1166,1265,1114,1278,1061,1290,1006,918,911,933,882,962,871,994,871,1023,884,1084,883,1121,872,1162,873,1199,890,1219,922,1048,932,1041,955,1033,978,1025,1002,994,1051,1011,1056,1029,1060,1052,1059,1074,1057,944,956,962,940,985,939,1008,955,986,957,962,959,1106,955,1131,940,1156,943,1177,959,1155,961,1130,959,966,1137,983,1106,1005,1092,1021,1098,1040,1096,1072,1115,1109,1148,1070,1159,1039,1160,1019,1159,1001,1155,981,1148,979,1133,1005,1119,1021,1121,1040,1123,1093,1144,1039,1133,1021,1131,1004,1128
3716,h,1,1,831,831,1277,1277,123.86666666666666,895,979,890,1028,889,1080,890,1130,896,1180,912,1222,941,1257,979,1281,1029,1291,1087,1289,1148,1280,1205,1262,1251,1232,1281,1184,1298,1128,1310,1070,1321,1009,889,909,905,875,941,862,980,863,1015,876,1084,877,1129,867,1177,869,1219,885,1248,919,1044,929,1038,953,1030,975,1023,999,988,1054,1006,1058,1025,1061,1049,1060,1073,1059,923,955,945,943,971,942,997,954,970,959,944,961,1113,956,1141,945,1169,950,1195,963,1167,966,1139,963,960,1144,980,1111,1001,1093,1018,1099,1036,1096,1072,1117,1112,1153,1071,1163,1036,1163,1015,1161,997,1159,978,1156,974,1139,1001,1123,1018,1125,1036,1126,1096,1147,1036,1133,1017,1132,1000,1130
3717,h,1,1,831,831,1277,1277,123.9,889,988,886,1039,888,1091,891,1141,899,1188,914,1228,942,1262,978,1287,1026,1298,1084,1295,1145,1285,1201,1268,1246,1237,1275,1190,1293,1135,1303,1076,1315,1014,890,910,904,875,938,858,977,856,1011,870,1084,871,1128,862,1175,866,1216,886,1241,923,1043,928,1037,952,1030,975,1022,1000,987,1052,1006,1057,1025,1061,1050,1059,1073,1057,922,956,943,943,969,941,995,952,969,957,943,959,1109,954,1138,944,1165,949,1190,963,1163,964,1135,960,960,1146,980,1110,1002,1093,1019,1098,1039,1096,1072,1116,1111,1153,1072,1169,1037,1172,1016,1172,996,1169,977,1163,975,1141,1001,1119,1019,1121,1039,1122,1094,1148,1038,1142,1018,1141,1000,1140
3718,h,1,1,831,831,1277,1277,123.93333333333334,889,988,886,1039,888,1091,891,1141,899,1188,914,1228,942,1262,978,1287,1026,1298,1084,1295,1145,1285,1201,1268,1246,1237,1275,1190,1293,1135,1303,1076,1315,1014,890,910,904,875,938,858,977,856,1011,870,1084,871,1128,862,1175,866,1216,886,1241,923,1043,928,1037,952,1030,975,1022,1000,987,1052,1006,1057,1025,1061,1050,1059,1073,1057,922,956,943,943,969,941,995,952,969,957,943,959,1109,954,1138,944,1165,949,1190,963,1163,964,1135,960,960,1146,980,1110,1002,1093,1019,1098,1039,1096,1072,1116,1111,1153,1072,1169,1037,1172,1016,1172,996,1169,977,1163,975,1141,1001,1119,1019,1121,1039,1122,1094,1148,1038,1142,1018,1141,1000,1140
3719,h,1,1,831,831,1277,1277,123.96666666666667,896,977,889,1026,888,1079,891,1130,899,1180,914,1221,943,1256,978,1280,1027,1292,1086,1292,1148,1281,1204,1263,1250,1230,1281,1182,1298,1126,1308,1066,1320,1004,900,899,920,874,951,866,986,869,1017,881,1086,883,1126,873,1170,874,1211,890,1237,921,1045,933,1038,957,1030,980,1021,1004,988,1054,1005,1059,1025,1063,1049,1062,1073,1061,929,952,950,941,975,940,999,953,974,959,949,959,1111,957,1137,945,1165,949,1189,965,1162,969,1135,965,962,1144,979,1109,1001,1094,1017,1099,1036,1098,1070,1121,1110,1158,1068,1175,1034,1175,1014,1173,995,1168,976,1160,977,1140,1000,1124,1017,1126,1035,1128,1093,1153,1035,1143,1016,1140,999,1137
3720,h,1,1,831,831,1277,1277,124.0,894,983,889,1035,889,1088,893,1139,903,1188,923,1229,955,1261,989,1282,1038,1293,1094,1289,1151,1279,1207,1260,1252,1229,1282,1182,1299,1124,1309,1066,1320,1004,896,905,915,876,948,867,983,870,1014,883,1080,882,1121,870,1166,872,1208,888,1236,921,1042,934,1036,958,1029,981,1022,1006,987,1055,1006,1061,1025,1065,1050,1063,1073,1062,924,953,946,941,972,940,996,952,971,958,945,959,1109,955,1136,944,1164,948,1190,963,1162,966,1134,963,967,1148,982,1113,1003,1096,1019,1102,1037,1099,1071,1122,1111,1158,1072,1175,1038,1176,1018,1175,1001,1171,982,1165,981,1143,1003,1125,1019,1127,1037,1128,1094,1153,1038,1144,1020,1141,1003,1138
3721,h,1,1,831,831,1277,1277,124.03333333333333,890,988,886,1038,887,1089,891,1140,899,1189,919,1228,951,1257,985,1279,1032,1291,1088,1290,1147,1281,1204,1264,1249,1232,1279,1185,1296,1129,1306,1070,1318,1009,891,909,910,878,943,865,982,865,1014,878,1079,877,1121,868,1167,871,1209,888,1239,922,1040,932,1034,956,1027,979,1019,1005,988,1056,1005,1060,1023,1063,1047,1062,1071,1062,925,954,946,943,971,942,995,953,970,959,946,960,1110,956,1136,946,1163,950,1189,965,1161,968,1134,964,970,1149,983,1111,1002,1095,1019,1101,1038,1100,1072,1122,1112,1159,1073,1173,1038,1173,1018,1172,999,1168,982,1161,984,1144,1002,1123,1018,1125,1037,1127,1097,1154,1038,1144,1019,1142,1002,1138
3722,h,1,1,831,831,1277,1277,124.06666666666666,890,988,886,1038,887,1089,891,1140,899,1189,919,1228,951,1257,985,1279,1032,1291,1088,1290,1147,1281,1204,1264,1249,1232,1279,1185,1296,1129,1306,1070,1318,1009,891,909,910,878,943,865,982,865,1014,878,1079,877,1121,868,1167,871,1209,888,1239,922,1040,932,1034,956,1027,979,1019,1005,988,1056,1005,1060,1023,1063,1047,1062,1071,1062,925,954,946,943,971,942,995,953,970,959,946,960,1110,956,1136,946,1163,950,1189,965,1161,968,1134,964,970,1149,983,1111,1002,1095,1019,1101,1038,1100,1072,1122,1112,1159,1073,1173,1038,1173,1018,1172,999,1168,982,1161,984,1144,1002,1123,1018,1125,1037,1127,1097,1154,1038,1144,1019,1142,1002,1138
3723,h,1,1,858,858,1229,1229,124.1,893,977,888,1026,888,1077,891,1125,897,1171,911,1211,937,1244,971,1265,1018,1276,1073,1275,1129,1264,1178,1242,1218,1211,1244,1167,1261,1116,1275,1063,1288,1006,899,907,915,879,947,869,982,871,1014,884,1081,885,1121,874,1165,875,1204,893,1226,929,1042,934,1035,958,1027,982,1019,1008,985,1053,1003,1059,1022,1063,1046,1063,1069,1061,927,952,948,941,973,940,997,954,972,958,947,959,1104,957,1130,945,1156,948,1178,963,1154,966,1128,963,958,1140,976,1110,999,1096,1015,1103,1033,1101,1065,1120,1100,1153,1062,1169,1031,1171,1011,1170,993,1166,973,1158,971,1136,998,1124,1015,1127,1033,1129,1084,1149,1032,1138,1014,1137,997,1133
3724,h,1,1,858,858,1229,1229,124.13333333333334,890,977,884,1026,884,1077,887,1125,893,1172,909,1212,936,1244,971,1265,1018,1276,1074,1276,1129,1265,1180,1244,1221,1213,1249,1168,1269,1117,1283,1063,1296,1004,894,903,914,876,948,867,984,871,1015,885,1076,885,1115,872,1160,873,1201,889,1227,923,1040,932,1034,956,1027,980,1019,1006,985,1053,1003,1058,1022,1063,1045,1062,1068,1060,924,951,945,940,970,940,994,952,969,957,944,957,1103,955,1131,944,1157,948,1181,962,1156,965,1128,962,958,1139,976,1109,999,1095,1014,1101,1032,1099,1064,1119,1100,1152,1062,1168,1030,1170,1011,1169,993,1165,973,1156,971,1135,998,1123,1014,1126,1032,1127,1083,1148,1031,1138,1013,1136,997,1132
3725,h,1,1,858,858,1229,1229,124.16666666666667,890,980,885,1030,885,1081,888,1130,896,1176,911,1215,940,1244,974,1265,1021,1275,1078,1274,1134,1263,1185,1243,1225,1211,1252,1167,1270,1116,1284,1063,1298,1005,894,905,913,878,945,869,981,871,1012,884,1079,886,1119,874,1163,875,1203,891,1228,926,1039,933,1033,958,1025,982,1017,1008,984,1053,1002,1059,1021,1063,1045,1062,1067,1061,923,952,943,940,969,939,994,953,968,958,942,959,1104,956,1130,942,1158,946,1182,962,1156,965,1129,961,958,1139,975,1110,998,1096,1014,1102,1031,1100,1064,1119,1101,1152,1063,1166,1031,1167,1012,1167,994,1163,974,1155,971,1135,998,1124,1014,1127,1032,1128,1084,1148,1031,1134,1014,1133,997,1129
3726,h,1,1,858,858,1229,1229,124.2,890,980,885,1030,885,1081,888,1130,896,1176,911,1215,940,1244,974,1265,1021,1275,1078,1274,1134,1263,1185,1243,1225,1211,1252,1167,1270,1116,1284,1063,1298,1005,894,905,913,878,945,869,981,871,1012,884,1079,886,1119,874,1163,875,1203,891,1228,926,1039,933,1033,958,1025,982,1017,1008,984,1053,1002,1059,1021,1063,1045,1062,1067,1061,923,952,943,940,969,939,994,953,968,958,942,959,1104,956,1130,942,1158,946,1182,962,1156,965,1129,961,958,1139,975,1110,998,1096,1014,1102,1031,1100,1064,1119,1101,1152,1063,1166,1031,1167,1012,1167,994,1163,974,1155,971,1135,998,1124,1014,1127,1032,1128,1084,1148,1031,1134,1014,1133,997,1129
3727,h,1,1,858,858,1229,1229,124.23333333333333,886,982,883,1033,883,1083,887,1131,893,1176,908,1216,935,1246,969,1268,1017,1279,1072,1278,1128,1266,1178,1245,1218,1212,1244,1167,1262,1116,1276,1062,1289,1005,894,902,913,876,945,868,979,870,1010,883,1076,883,1115,871,1158,872,1197,888,1221,921,1037,933,1031,957,1024,981,1016,1007,984,1054,1001,1059,1020,1063,1043,1062,1066,1061,923,952,943,939,968,939,992,953,968,958,942,959,1101,955,1127,941,1154,944,1177,960,1152,964,1125,961,957,1141,974,1111,997,1096,1013,1102,1030,1100,1062,1119,1099,1153,1061,1167,1030,1169,1012,1168,993,1164,973,1158,970,1137,997,1125,1014,1128,1031,1129,1083,1149,1031,1135,1013,1133,996,1131
3728,h,1,1,858,858,1229,1229,124.26666666666667,886,983,882,1034,882,1085,886,1134,894,1179,910,1218,940,1248,975,1268,1023,1279,1078,1276,1133,1263,1184,1241,1223,1209,1250,1164,1267,1112,1280,1058,1292,1002,886,907,906,877,942,867,980,869,1014,882,1071,882,1111,869,1157,871,1198,889,1223,926,1037,930,1031,955,1025,980,1018,1007,981,1052,1000,1058,1020,1063,1045,1062,1068,1060,919,950,940,938,966,937,991,952,965,956,939,957,1099,955,1126,940,1153,944,1178,959,1152,963,1124,960,952,1139,972,1109,997,1096,1013,1102,1032,1100,1065,1119,1103,1150,1063,1168,1030,1172,1010,1171,991,1167,970,1158,964,1135,996,1121,1014,1124,1032,1125,1086,1146,1031,1142,1012,1141,994,1138
3729,h,1,1,858,858,1229,1229,124.3,886,978,881,1028,882,1079,885,1127,892,1173,907,1212,935,1242,970,1263,1017,1273,1072,1271,1128,1260,1180,1240,1221,1209,1249,1164,1267,1113,1281,1059,1294,1002,886,906,905,877,940,866,977,867,1011,882,1074,884,1114,870,1160,871,1202,887,1227,924,1036,931,1029,955,1022,979,1014,1005,979,1052,997,1057,1017,1061,1042,1060,1066,1058,918,951,939,938,965,937,990,952,964,956,938,957,1100,954,1127,940,1155,944,1179,959,1153,962,1125,959,952,1140,973,1110,995,1094,1012,1099,1030,1097,1061,1116,1100,1148,1060,1162,1029,1163,1009,1163,990,1160,971,1154,965,1136,994,1122,1012,1124,1030,1125,1083,1145,1029,1131,1011,1130,993,1127
3730,h,1,1,858,858,1229,1229,124.33333333333333,886,978,881,1028,882,1079,885,1127,892,1173,907,1212,935,1242,970,1263,1017,1273,1072,1271,1128,1260,1180,1240,1221,1209,1249,1164,1267,1113,1281,1059,1294,1002,886,906,905,877,940,866,977,867,1011,882,1074,884,1114,870,1160,871,1202,887,1227,924,1036,931,1029,955,1022,979,1014,1005,979,1052,997,1057,1017,1061,1042,1060,1066,1058,918,951,939,938,965,937,990,952,964,956,938,957,1100,954,1127,940,1155,944,1179,959,1153,962,1125,959,952,1140,973,1110,995,1094,1012,1099,1030,1097,1061,1116,1100,1148,1060,1162,1029,1163,1009,1163,990,1160,971,1154,965,1136,994,1122,1012,1124,1030,1125,1083,1145,1029,1131,1011,1130,993,1127
3731,h,1,1,831,831,1277,1277,124.36666666666666,878,989,876,1039,879,1091,883,1142,892,1190,911,1227,943,1257,980,1278,1030,1288,1088,1285,1147,1276,1202,1257,1244,1225,1271,1178,1288,1122,1299,1064,1308,1003,880,906,898,875,933,863,971,864,1006,877,1073,877,1117,864,1164,866,1207,880,1236,914,1035,928,1029,951,1022,973,1015,998,979,1052,998,1057,1018,1060,1042,1059,1066,1058,913,954,935,943,960,941,986,951,960,956,934,958,1104,954,1132,944,1159,948,1184,961,1157,963,1129,960,957,1145,974,1109,996,1091,1012,1097,1031,1095,1067,1118,1108,1156,1068,1171,1033,1170,1012,1169,994,1166,974,1161,971,1141,996,1121,1013,1124,1031,1125,1092,1151,1032,1137,1013,1135,996,1132
3732,h,1,1,831,831,1277,1277,124.4,887,975,879,1025,877,1077,877,1129,884,1179,900,1222,929,1259,966,1286,1018,1298,1077,1296,1138,1283,1194,1263,1238,1230,1270,1182,1288,1127,1299,1068,1309,1006,891,895,910,867,944,860,980,865,1012,879,1077,879,1118,866,1163,866,1204,879,1233,911,1037,929,1030,952,1023,974,1014,999,978,1049,997,1055,1016,1059,1041,1058,1065,1056,917,949,939,939,964,938,989,948,963,954,938,955,1104,951,1131,941,1159,945,1184,959,1156,962,1129,958,951,1143,969,1107,993,1090,1009,1095,1027,1093,1062,1115,1101,1153,1061,1173,1026,1177,1006,1176,987,1172,966,1164,965,1139,992,1119,1009,1121,1027,1122,1083,1148,1027,1145,1008,1143,991,1141
3733,h,1,1,831,831,1277,1277,124.43333333333334,887,975,879,1025,877,1077,877,1129,884,1179,900,1222,929,1259,966,1286,1018,1298,1077,1296,1138,1283,1194,1263,1238,1230,1270,1182,1288,1127,1299,1068,1309,1006,891,895,910,867,944,860,980,865,1012,879,1077,879,1118,866,1163,866,1204,879,1233,911,1037,929,1030,952,1023,974,1014,999,978,1049,997,1055,1016,1059,1041,1058,1065,1056,917,949,939,939,964,938,989,948,963,954,938,955,1104,951,1131,941,1159,945,1184,959,1156,962,1129,958,951,1143,969,1107,993,1090,1009,1095,1027,1093,1062,1115,1101,1153,1061,1173,1026,1177,1006,1176,987,1172,966,1164,965,1139,992,1119,1009,1121,1027,1122,1083,1148,1027,1145,1008,1143,991,1141
3734,h,1,1,831,831,1277,1277,124.46666666666667,887,971,881,1021,879,1074,881,1126,887,1177,901,1222,928,1260,965,1287,1017,1299,1077,1298,1139,1285,1195,1264,1241,1230,1271,1181,1289,1126,1299,1066,1311,1003,895,898,914,872,946,864,981,866,1012,878,1077,879,1117,868,1161,868,1201,883,1227,915,1036,927,1029,951,1021,974,1012,1000,978,1050,996,1055,1016,1059,1041,1058,1065,1055,922,950,943,940,967,938,991,948,966,953,942,955,1104,951,1131,941,1157,946,1181,959,1154,961,1128,957,952,1145,968,1108,991,1090,1010,1095,1029,1092,1063,1114,1101,1153,1063,1174,1029,1181,1009,1181,988,1177,967,1168,966,1142,991,1121,1010,1122,1029,1123,1084,1149,1029,1148,1010,1147,991,1144
3735,h,1,1,831,831,1277,1277,124.5,878,975,873,1025,874,1078,878,1129,886,1179,902,1221,930,1256,967,1281,1017,1293,1076,1291,1138,1280,1195,1259,1241,1224,1271,1176,1288,1119,1300,1058,1310,995,882,901,898,870,932,859,969,860,1003,872,1073,874,1115,863,1161,864,1204,879,1232,913,1032,924,1026,949,1019,973,1011,999,978,1050,996,1054,1015,1058,1040,1056,1064,1054,913,950,935,940,961,938,986,948,960,953,934,955,1101,950,1129,940,1157,944,1182,958,1154,960,1126,956,952,1144,968,1108,990,1090,1009,1095,1029,1092,1064,1114,1102,1152,1064,1172,1029,1177,1008,1177,987,1174,966,1165,966,1140,990,1119,1009,1122,1029,1122,1085,1148,1030,1144,1009,1143,990,1141
3736,h,1,1,831,831,1277,1277,124.53333333333333,884,973,879,1023,879,1077,881,1127,888,1175,902,1217,930,1252,966,1277,1016,1288,1074,1288,1136,1278,1192,1260,1238,1227,1270,1179,1288,1123,1298,1062,1309,1000,886,903,904,870,938,858,975,860,1009,874,1075,877,1115,863,1161,864,1203,879,1230,914,1034,925,1028,948,1021,970,1013,995,977,1047,996,1052,1016,1055,1041,1054,1065,1052,917,950,937,939,962,937,987,947,962,953,937,954,1103,948,1130,939,1156,943,1181,957,1153,959,1126,955,952,1138,968,1103,990,1087,1008,1092,1028,1090,1062,1112,1102,1150,1060,1167,1026,1170,1005,1169,985,1165,965,1157,965,1134,989,1115,1008,1117,1027,1118,1085,1145,1027,1139,1007,1137,988,1135
3737,h,1,1,831,831,1277,1277,124.56666666666666,884,973,879,1023,879,1077,881,1127,888,1175,902,1217,930,1252,966,1277,1016,1288,1074,1288,1136,1278,1192,1260,1238,1227,1270,1179,1288,1123,1298,1062,1309,1000,886,903,904,870,938,858,975,860,1009,874,1075,877,1115,863,1161,864,1203,879,1230,914,1034,925,1028,948,1021,970,1013,995,977,1047,996,1052,1016,1055,1041,1054,1065,1052,917,950,937,939,962,937,987,947,962,953,937,954,1103,948,1130,939,1156,943,1181,957,1153,959,1126,955,952,1138,968,1103,990,1087,1008,1092,1028,1090,1062,1112,1102,1150,1060,1167,1026,1170,1005,1169,985,1165,965,1157,965,1134,989,1115,1008,1117,1027,1118,1085,1145,1027,1139,1007,1137,988,1135
3738,h,1,1,858,858,1229,1229,124.6,887,973,881,1020,879,1069,881,1117,885,1163,898,1203,923,1236,960,1258,1007,1268,1063,1268,1117,1256,1163,1234,1201,1202,1227,1159,1245,1110,1258,1059,1270,1005,899,895,920,870,951,862,984,866,1014,880,1075,883,1110,870,1149,869,1184,882,1206,913,1038,926,1031,949,1024,971,1017,995,981,1042,999,1048,1019,1052,1042,1051,1064,1049,923,945,944,933,969,933,992,946,968,951,942,951,1095,949,1120,936,1147,939,1169,954,1145,957,1119,955,951,1134,970,1101,993,1085,1012,1091,1031,1088,1061,1107,1096,1142,1059,1159,1028,1164,1008,1165,988,1161,967,1152,965,1130,993,1113,1011,1115,1030,1117,1079,1139,1029,1132,1010,1132,991,1129
3739,h,1,1,831,831,1277,1277,124.63333333333334,880,980,877,1030,879,1081,881,1131,888,1179,905,1220,935,1251,973,1273,1024,1284,1082,1281,1142,1269,1198,1252,1242,1221,1271,1176,1288,1121,1298,1062,1308,1002,880,902,898,871,933,859,970,859,1005,871,1076,873,1119,863,1165,865,1207,880,1236,913,1035,926,1029,948,1022,969,1014,993,978,1044,997,1050,1017,1053,1041,1052,1065,1050,912,949,935,939,960,936,987,946,960,951,935,953,1104,948,1132,940,1160,945,1185,958,1157,959,1129,955,951,1136,969,1102,990,1085,1009,1089,1028,1087,1063,1109,1103,1146,1063,1160,1029,1162,1008,1162,987,1158,967,1152,965,1132,991,1113,1009,1115,1029,1116,1087,1141,1029,1131,1009,1130,990,1128
3740,h,1,1,831,831,1277,1277,124.66666666666667,885,976,879,1025,878,1077,880,1128,887,1177,903,1219,932,1254,969,1278,1020,1289,1077,1288,1138,1277,1193,1258,1237,1226,1267,1179,1285,1123,1295,1064,1305,1003,884,899,901,866,934,853,972,853,1006,866,1077,868,1120,857,1166,860,1207,878,1233,913,1036,924,1030,947,1023,968,1015,992,977,1042,997,1048,1017,1052,1042,1052,1066,1050,918,946,939,935,963,933,989,944,964,949,938,951,1104,948,1132,938,1159,942,1183,957,1156,959,1129,955,950,1134,969,1100,991,1085,1009,1089,1030,1088,1065,1109,1105,1146,1065,1163,1029,1164,1007,1164,987,1160,967,1154,964,1130,991,1111,1009,1113,1029,1115,1088,1141,1030,1134,1009,1133,990,1130
3741,h,1,1,831,831,1277,1277,124.7,885,976,879,1025,878,1077,880,1128,887,1177,903,1219,932,1254,969,1278,1020,1289,1077,1288,1138,1277,1193,1258,1237,1226,1267,1179,1285,1123,1295,1064,1305,1003,884,899,901,866,934,853,972,853,1006,866,1077,868,1120,857,1166,860,1207,878,1233,913,1036,924,1030,947,1023,968,1015,992,977,1042,997,1048,1017,1052,1042,1052,1066,1050,918,946,939,935,963,933,989,944,964,949,938,951,1104,948,1132,938,1159,942,1183,957,1156,959,1129,955,950,1134,969,1100,991,1085,1009,1089,1030,1088,1065,1109,1105,1146,1065,1163,1029,1164,1007,1164,987,1160,967,1154,964,1130,991,1111,1009,1113,1029,1115,1088,1141,1030,1134,1009,1133,990,1130
3742,h,1,1,831,831,1277,1277,124.73333333333333,884,975,879,1026,880,1080,882,1131,889,1179,904,1219,934,1252,971,1274,1022,1285,1081,1282,1142,1270,1197,1251,1242,1219,1272,1173,1288,1118,1299,1060,1310,1000,883,901,901,868,935,856,973,858,1007,870,1080,871,1123,860,1167,860,1208,875,1236,908,1038,925,1033,947,1026,969,1019,993,981,1044,1000,1049,1019,1053,1043,1052,1066,1051,918,947,940,937,966,935,990,947,965,952,939,953,1104,949,1132,938,1159,942,1183,957,1157,960,1129,957,952,1137,969,1101,991,1084,1009,1089,1029,1087,1063,1108,1103,1146,1063,1161,1029,1163,1007,1163,988,1160,967,1154,966,1132,991,1112,1009,1114,1028,1115,1086,1141,1029,1133,1009,1132,990,1130
3743,h,1,1,831,831,1277,1277,124.76666666666667,874,978,868,1029,866,1082,869,1135,879,1185,897,1227,928,1261,968,1284,1019,1295,1078,1291,1139,1279,1194,1259,1239,1227,1267,1180,1284,1125,1295,1067,1305,1005,883,903,901,870,937,857,976,858,1010,872,1078,873,1120,861,1166,864,1207,882,1232,918,1037,925,1031,948,1023,969,1016,993,979,1047,998,1051,1017,1054,1042,1054,1066,1053,918,947,940,936,965,935,990,946,964,951,939,952,1103,948,1131,938,1158,943,1182,958,1155,960,1128,955,949,1138,967,1102,990,1085,1010,1090,1031,1087,1066,1108,1105,1147,1066,1162,1033,1165,1010,1165,988,1162,966,1155,963,1134,990,1113,1011,1115,1031,1116,1088,1142,1032,1135,1012,1134,991,1132
3744,h,1,1,831,831,1277,1277,124.8,888,967,881,1018,879,1071,880,1123,885,1173,901,1216,931,1251,967,1276,1018,1287,1076,1285,1137,1275,1192,1256,1237,1224,1268,1177,1287,1123,1300,1063,1312,1001,894,894,913,866,946,858,982,861,1013,875,1079,875,1120,862,1165,863,1207,879,1234,913,1039,922,1032,946,1024,968,1015,993,978,1043,997,1049,1017,1053,1042,1052,1066,1050,920,945,941,935,966,933,991,944,966,949,941,950,1105,946,1134,937,1160,942,1185,955,1157,957,1131,953,949,1134,967,1100,990,1084,1008,1089,1028,1087,1062,1108,1103,1146,1061,1161,1027,1164,1006,1163,986,1159,965,1152,963,1131,990,1113,1008,1115,1027,1117,1086,1141,1028,1133,1008,1131,989,1129
3745,h,1,1,831,831,1277,1277,124.83333333333333,888,967,881,1018,879,1071,880,1123,885,1173,901,1216,931,1251,967,1276,1018,1287,1076,1285,1137,1275,1192,1256,1237,1224,1268,1177,1287,1123,1300,1063,1312,1001,894,894,913,866,946,858,982,861,1013,875,1079,875,1120,862,1165,863,1207,879,1234,913,1039,922,1032,946,1024,968,1015,993,978,1043,997,1049,1017,1053,1042,1052,1066,1050,920,945,941,935,966,933,991,944,966,949,941,950,1105,946,1134,937,1160,942,1185,955,1157,957,1131,953,949,1134,967,1100,990,1084,1008,1089,1028,1087,1062,1108,1103,1146,1061,1161,1027,1164,1006,1163,986,1159,965,1152,963,1131,990,1113,1008,1115,1027,1117,1086,1141,1028,1133,1008,1131,989,1129
3746,h,1,1,831,831,1277,1277,124.86666666666666,880,974,872,1023,869,1075,871,1127,880,1176,895,1219,925,1256,963,1281,1014,1291,1074,1289,1136,1278,1192,1259,1237,1226,1267,1179,1284,1123,1295,1064,1305,1003,886,902,905,870,940,857,979,858,1013,870,1075,872,1116,861,1162,863,1203,880,1229,916,1036,921,1030,944,1023,967,1015,992,978,1044,997,1049,1017,1053,1042,1051,1066,1049,918,946,940,936,964,935,989,944,964,949,939,950,1103,946,1130,937,1156,941,1180,954,1153,955,1127,951,949,1138,966,1103,989,1086,1009,1090,1030,1088,1063,1108,1103,1145,1062,1160,1029,1163,1007,1163,985,1160,965,1153,963,1134,989,1114,1009,1115,1029,1116,1086,1141,1029,1134,1009,1133,988,1132
3747,h,1,1,831,831,1277,1277,124.9,889,972,882,1023,880,1077,882,1128,889,1178,905,1221,931,1258,967,1283,1016,1293,1073,1292,1132,1282,1187,1264,1234,1234,1266,1188,1285,1134,1298,1074,1308,1011,897,903,914,871,946,859,982,861,1015,875,1080,875,1120,864,1164,865,1204,884,1229,919,1038,925,1031,948,1023,970,1014,994,979,1046,997,1051,1017,1055,1042,1053,1066,1050,926,948,945,936,970,935,995,947,970,952,945,953,1101,950,1128,937,1155,941,1179,957,1153,959,1126,956,951,1141,968,1103,991,1085,1009,1090,1029,1087,1063,1108,1101,1146,1062,1163,1029,1168,1008,1168,987,1165,967,1159,964,1136,991,1115,1009,1116,1029,1118,1085,1142,1029,1138,1009,1138,990,1136
3748,h,1,1,831,831,1277,1277,124.93333333333334,889,972,882,1023,880,1077,882,1128,889,1178,905,1221,931,1258,967,1283,1016,1293,1073,1292,1132,1282,1187,1264,1234,1234,1266,1188,1285,1134,1298,1074,1308,1011,897,903,914,871,946,859,982,861,1015,875,1080,875,1120,864,1164,865,1204,884,1229,919,1038,925,1031,948,1023,970,1014,994,979,1046,997,1051,1017,1055,1042,1053,1066,1050,926,948,945,936,970,935,995,947,970,952,945,953,1101,950,1128,937,1155,941,1179,957,1153,959,1126,956,951,1141,968,1103,991,1085,1009,1090,1029,1087,1063,1108,1101,1146,1062,1163,1029,1168,1008,1168,987,1165,967,1159,964,1136,991,1115,1009,1116,1029,1118,1085,1142,1029,1138,1009,1138,990,1136
3749,h,1,1,831,831,1277,1277,124.96666666666667,882,969,876,1019,874,1072,875,1124,882,1175,897,1220,925,1259,963,1287,1017,1299,1077,1295,1139,1281,1196,1260,1241,1228,1271,1180,1289,1123,1301,1061,1311,999,885,896,902,864,935,852,973,852,1008,866,1081,868,1123,857,1168,858,1209,873,1235,908,1037,922,1031,946,1023,968,1015,993,978,1042,998,1048,1018,1052,1043,1050,1067,1048,916,947,938,937,963,935,989,944,963,949,937,951,1104,946,1133,937,1160,942,1184,955,1157,957,1129,952,949,1144,966,1105,990,1086,1009,1090,1031,1088,1066,1109,1104,1151,1066,1174,1031,1182,1007,1182,986,1180,964,1171,962,1140,990,1116,1009,1117,1030,1119,1087,1146,1031,1149,1009,1149,989,1148
3750,h,1,1,831,831,1277,1277,125.0,873,974,866,1024,863,1078,864,1130,873,1182,890,1226,920,1264,960,1291,1015,1303,1076,1300,1137,1288,1193,1268,1238,1235,1268,1187,1286,1131,1297,1072,1307,1011,882,902,900,867,935,853,974,852,1010,865,1081,868,1124,857,1169,859,1210,876,1235,911,1039,922,1032,944,1024,965,1016,989,978,1044,997,1048,1018,1052,1044,1051,1069,1049,916,948,938,938,963,936,990,945,963,949,938,951,1105,947,1133,938,1161,942,1186,957,1158,957,1130,953,947,1143,966,1104,991,1086,1009,1090,1029,1088,1065,1110,1103,1151,1065,1170,1030,1176,1008,1176,987,1173,964,1166,962,1139,991,1116,1009,1118,1029,1118,1085,1146,1030,1145,1010,1145,990,1143
3751,h,1,1,831,831,1277,1277,125.03333333333333,876,971,870,1020,869,1072,871,1124,879,1173,897,1214,927,1248,967,1271,1020,1282,1080,1280,1142,1270,1199,1252,1244,1219,1274,1172,1290,1117,1300,1058,1310,998,880,899,899,867,935,856,975,858,1010,872,1077,872,1119,860,1165,861,1207,877,1235,910,1037,923,1031,946,1024,967,1016,991,980,1045,999,1049,1018,1052,1043,1051,1066,1050,915,946,938,937,963,935,989,945,963,950,937,951,1104,947,1132,937,1159,941,1183,954,1156,957,1129,953,950,1131,971,1103,993,1089,1010,1093,1029,1091,1063,1109,1105,1141,1063,1152,1029,1152,1008,1151,989,1148,969,1145,963,1127,992,1114,1010,1116,1029,1117,1090,1137,1029,1125,1011,1124,992,1122
3752,h,1,1,831,831,1277,1277,125.06666666666666,876,971,870,1020,869,1072,871,1124,879,1173,897,1214,927,1248,967,1271,1020,1282,1080,1280,1142,1270,1199,1252,1244,1219,1274,1172,1290,1117,1300,1058,1310,998,880,899,899,867,935,856,975,858,1010,872,1077,872,1119,860,1165,861,1207,877,1235,910,1037,923,1031,946,1024,967,1016,991,980,1045,999,1049,1018,1052,1043,1051,1066,1050,915,946,938,937,963,935,989,945,963,950,937,951,1104,947,1132,937,1159,941,1183,954,1156,957,1129,953,950,1131,971,1103,993,1089,1010,1093,1029,1091,1063,1109,1105,1141,1063,1152,1029,1152,1008,1151,989,1148,969,1145,963,1127,992,1114,1010,1116,1029,1117,1090,1137,1029,1125,1011,1124,992,1122
3754,h,1,1,831,831,1277,1277,125.13333333333334,883,979,877,1028,876,1080,878,1131,885,1181,903,1221,933,1254,972,1275,1026,1286,1085,1283,1146,1274,1202,1257,1244,1225,1271,1178,1287,1124,1298,1066,1309,1006,878,903,896,869,932,856,971,858,1006,872,1077,872,1120,859,1168,861,1211,878,1239,913,1037,924,1030,946,1023,968,1015,992,980,1044,999,1049,1019,1053,1043,1051,1067,1050,913,948,936,938,962,936,988,946,961,952,935,953,1105,949,1133,939,1161,943,1187,957,1158,959,1131,955,954,1136,974,1102,996,1086,1013,1090,1032,1089,1070,1108,1113,1144,1072,1159,1035,1159,1013,1158,994,1155,973,1151,968,1132,996,1112,1013,1115,1032,1116,1097,1140,1034,1132,1015,1130,996,1127
3755,h,1,1,831,831,1277,1277,125.16666666666667,887,976,879,1025,878,1076,881,1125,888,1174,902,1219,928,1258,965,1285,1015,1297,1075,1294,1138,1280,1194,1258,1239,1223,1268,1176,1284,1120,1293,1060,1303,998,903,903,916,874,945,862,979,861,1008,874,1078,872,1116,863,1158,865,1196,883,1219,915,1035,924,1029,947,1021,968,1012,992,980,1046,998,1049,1017,1053,1041,1052,1064,1051,933,951,950,937,971,934,993,947,971,950,950,952,1102,947,1125,935,1150,939,1173,954,1147,955,1123,951,951,1136,967,1101,990,1086,1008,1090,1026,1088,1062,1108,1102,1144,1062,1164,1026,1170,1007,1170,986,1167,966,1158,965,1133,990,1115,1009,1116,1026,1118,1085,1140,1026,1139,1008,1137,989,1136
3756,h,1,1,831,831,1277,1277,125.2,887,976,879,1025,878,1076,881,1125,888,1174,902,1219,928,1258,965,1285,1015,1297,1075,1294,1138,1280,1194,1258,1239,1223,1268,1176,1284,1120,1293,1060,1303,998,903,903,916,874,945,862,979,861,1008,874,1078,872,1116,863,1158,865,1196,883,1219,915,1035,924,1029,947,1021,968,1012,992,980,1046,998,1049,1017,1053,1041,1052,1064,1051,933,951,950,937,971,934,993,947,971,950,950,952,1102,947,1125,935,1150,939,1173,954,1147,955,1123,951,951,1136,967,1101,990,1086,1008,1090,1026,1088,1062,1108,1102,1144,1062,1164,1026,1170,1007,1170,986,1167,966,1158,965,1133,990,1115,1009,1116,1026,1118,1085,1140,1026,1139,1008,1137,989,1136
3757,h,1,1,831,831,1277,1277,125.23333333333333,881,970,873,1020,870,1074,872,1127,881,1178,896,1224,925,1264,964,1291,1016,1304,1077,1302,1139,1289,1195,1266,1240,1230,1269,1180,1286,1123,1296,1063,1307,1001,891,895,910,867,943,859,978,859,1010,872,1076,873,1117,863,1161,864,1201,878,1227,910,1037,924,1031,946,1023,967,1016,991,978,1045,998,1050,1018,1053,1043,1052,1067,1051,919,947,941,936,965,934,989,945,965,949,940,950,1104,947,1131,937,1157,941,1180,955,1154,956,1128,952,951,1142,966,1103,990,1085,1009,1091,1030,1088,1065,1109,1103,1150,1065,1176,1029,1182,1007,1182,985,1179,964,1168,965,1138,990,1115,1009,1117,1029,1118,1086,1146,1030,1152,1009,1150,989,1148
3758,h,1,1,831,831,1277,1277,125.26666666666667,889,966,881,1015,877,1068,878,1119,884,1170,898,1215,923,1256,958,1288,1009,1302,1069,1301,1132,1286,1188,1265,1235,1231,1267,1183,1285,1126,1297,1066,1309,1004,899,899,915,871,946,861,981,862,1012,875,1081,875,1121,864,1164,866,1204,883,1229,913,1038,926,1031,948,1023,970,1015,994,978,1046,997,1051,1017,1056,1042,1054,1067,1052,927,950,946,938,970,936,993,946,970,950,947,952,1104,948,1130,938,1156,943,1179,957,1152,958,1127,954,952,1144,966,1105,990,1088,1008,1092,1028,1090,1063,1111,1100,1152,1064,1178,1029,1186,1007,1187,986,1183,964,1172,966,1141,989,1118,1008,1119,1027,1120,1084,1148,1029,1154,1009,1154,989,1152
3759,h,1,1,831,831,1277,1277,125.3,876,971,870,1021,869,1074,870,1126,877,1177,893,1220,922,1259,959,1288,1012,1300,1072,1299,1134,1286,1191,1265,1236,1231,1265,1182,1282,1125,1293,1066,1304,1004,884,903,902,870,937,857,977,858,1012,871,1074,874,1114,862,1159,864,1200,882,1226,917,1035,927,1029,950,1022,973,1014,997,977,1049,997,1054,1017,1057,1042,1056,1066,1054,915,949,936,939,962,937,987,948,961,953,935,954,1100,951,1128,940,1155,944,1179,958,1152,960,1125,956,951,1144,967,1108,991,1091,1009,1095,1028,1092,1064,1114,1102,1153,1064,1172,1029,1178,1008,1178,987,1175,966,1166,966,1141,991,1120,1009,1121,1028,1123,1085,1149,1029,1146,1010,1145,991,1144
3760,h,1,1,831,831,1277,1277,125.33333333333333,876,971,870,1021,869,1074,870,1126,877,1177,893,1220,922,1259,959,1288,1012,1300,1072,1299,1134,1286,1191,1265,1236,1231,1265,1182,1282,1125,1293,1066,1304,1004,884,903,902,870,937,857,977,858,1012,871,1074,874,1114,862,1159,864,1200,882,1226,917,1035,927,1029,950,1022,973,1014,997,977,1049,997,1054,1017,1057,1042,1056,1066,1054,915,949,936,939,962,937,987,948,961,953,935,954,1100,951,1128,940,1155,944,1179,958,1152,960,1125,956,951,1144,967,1108,991,1091,1009,1095,1028,1092,1064,1114,1102,1153,1064,1172,1029,1178,1008,1178,987,1175,966,1166,966,1141,991,1120,1009,1121,1028,1123,1085,1149,1029,1146,1010,1145,991,1144
3761,h,1,1,831,831,1277,1277,125.36666666666666,876,980,870,1030,868,1084,871,1137,881,1186,899,1228,930,1263,970,1287,1022,1297,1079,1294,1140,1282,1196,1263,1241,1229,1269,1182,1285,1126,1296,1067,1307,1006,882,905,898,870,934,857,973,857,1008,869,1076,871,1119,862,1164,864,1204,881,1229,916,1035,928,1029,950,1022,972,1015,996,978,1049,998,1054,1017,1058,1042,1057,1066,1055,915,951,937,941,962,939,986,950,961,954,937,955,1101,952,1130,943,1157,947,1180,961,1153,962,1127,958,952,1142,970,1107,992,1092,1011,1097,1032,1095,1066,1114,1105,1151,1065,1167,1030,1168,1008,1168,988,1165,967,1158,966,1137,991,1119,1011,1122,1031,1122,1088,1147,1031,1139,1011,1138,991,1136
3762,h,1,1,831,831,1277,1277,125.4,877,977,872,1027,872,1079,875,1129,881,1178,897,1219,926,1253,965,1278,1018,1289,1077,1289,1137,1278,1194,1260,1238,1226,1267,1179,1285,1123,1296,1063,1307,1002,877,905,897,872,934,863,974,864,1010,876,1076,878,1119,866,1165,867,1208,881,1237,913,1037,930,1031,953,1023,975,1016,999,978,1052,997,1057,1018,1061,1043,1059,1068,1058,912,954,934,946,959,944,985,952,959,956,934,958,1106,954,1136,948,1162,952,1188,963,1160,964,1133,961,949,1141,970,1108,992,1093,1010,1098,1031,1096,1065,1117,1107,1152,1064,1166,1030,1165,1008,1164,987,1161,966,1157,963,1136,992,1121,1010,1123,1031,1124,1090,1147,1031,1134,1009,1132,990,1130
3763,h,1,1,831,831,1277,1277,125.43333333333334,877,977,872,1027,872,1079,875,1129,881,1178,897,1219,926,1253,965,1278,1018,1289,1077,1289,1137,1278,1194,1260,1238,1226,1267,1179,1285,1123,1296,1063,1307,1002,877,905,897,872,934,863,974,864,1010,876,1076,878,1119,866,1165,867,1208,881,1237,913,1037,930,1031,953,1023,975,1016,999,978,1052,997,1057,1018,1061,1043,1059,1068,1058,912,954,934,946,959,944,985,952,959,956,934,958,1106,954,1136,948,1162,952,1188,963,1160,964,1133,961,949,1141,970,1108,992,1093,1010,1098,1031,1096,1065,1117,1107,1152,1064,1166,1030,1165,1008,1164,987,1161,966,1157,963,1136,992,1121,1010,1123,1031,1124,1090,1147,1031,1134,1009,1132,990,1130
3764,h,1,1,831,831,1277,1277,125.46666666666667,881,977,876,1026,875,1078,878,1130,885,1179,900,1219,929,1252,966,1278,1018,1290,1078,1288,1140,1276,1196,1257,1240,1224,1269,1177,1286,1121,1297,1061,1307,1001,880,902,899,873,934,863,972,864,1007,876,1076,876,1118,865,1162,866,1204,879,1232,912,1035,930,1028,954,1020,976,1012,1001,977,1052,996,1058,1016,1062,1040,1060,1064,1059,912,953,934,945,960,943,985,952,960,957,934,958,1103,954,1132,946,1159,950,1184,962,1156,965,1129,961,950,1142,969,1109,991,1093,1008,1099,1026,1097,1062,1119,1104,1153,1061,1170,1025,1171,1005,1169,986,1166,966,1160,965,1137,991,1121,1008,1124,1026,1126,1087,1149,1026,1139,1007,1137,989,1135
3765,h,1,1,831,831,1277,1277,125.5,886,972,879,1022,878,1074,881,1127,887,1176,903,1218,932,1252,968,1276,1018,1289,1075,1288,1137,1278,1194,1259,1239,1226,1270,1178,1288,1123,1300,1062,1312,1000,886,900,906,870,941,862,978,865,1013,878,1075,879,1118,867,1165,868,1209,882,1239,916,1036,930,1029,953,1021,976,1013,1002,976,1052,995,1058,1015,1062,1041,1061,1066,1060,916,952,938,943,964,941,989,952,963,956,937,957,1105,955,1134,946,1161,950,1187,963,1159,965,1131,961,952,1140,970,1108,992,1093,1008,1098,1026,1096,1060,1117,1103,1152,1060,1168,1025,1169,1005,1168,987,1164,968,1158,966,1136,991,1121,1008,1123,1025,1125,1086,1147,1026,1137,1008,1135,990,1132
3766,h,1,1,831,831,1277,1277,125.53333333333333,869,979,864,1031,863,1085,867,1138,878,1189,897,1228,928,1263,965,1288,1015,1300,1074,1300,1134,1290,1192,1271,1237,1237,1267,1188,1286,1130,1296,1068,1307,1005,876,907,895,873,932,859,973,860,1010,874,1071,876,1115,864,1165,865,1209,883,1237,920,1035,927,1029,952,1021,975,1014,1001,976,1053,995,1058,1016,1062,1042,1061,1066,1059,911,953,934,944,960,942,986,951,959,956,933,957,1103,954,1133,946,1161,950,1187,963,1158,965,1130,961,951,1142,969,1110,991,1093,1009,1098,1028,1096,1064,1118,1106,1155,1062,1171,1028,1172,1007,1171,987,1168,967,1161,965,1138,991,1121,1009,1123,1028,1125,1088,1150,1028,1141,1009,1139,990,1136
3767,h,1,1,831,831,1277,1277,125.56666666666666,869,979,864,1031,863,1085,867,1138,878,1189,897,1228,928,1263,965,1288,1015,1300,1074,1300,1134,1290,1192,1271,1237,1237,1267,1188,1286,1130,1296,1068,1307,1005,876,907,895,873,932,859,973,860,1010,874,1071,876,1115,864,1165,865,1209,883,1237,920,1035,927,1029,952,1021,975,1014,1001,976,1053,995,1058,1016,1062,1042,1061,1066,1059,911,953,934,944,960,942,986,951,959,956,933,957,1103,954,1133,946,1161,950,1187,963,1158,965,1130,961,951,1142,969,1110,991,1093,1009,1098,1028,1096,1064,1118,1106,1155,1062,1171,1028,1172,1007,1171,987,1168,967,1161,965,1138,991,1121,1009,1123,1028,1125,1088,1150,1028,1141,1009,1139,990,1136
3768,h,1,1,831,831,1277,1277,125.6,873,982,867,1033,865,1087,870,1140,881,1190,900,1230,930,1264,967,1288,1016,1299,1073,1299,1134,1291,1190,1273,1235,1242,1266,1195,1286,1138,1298,1077,1309,1015,887,906,906,874,942,863,981,865,1015,878,1074,878,1116,866,1164,868,1207,885,1235,920,1037,929,1030,953,1022,976,1014,1001,976,1052,995,1058,1016,1062,1043,1061,1068,1059,917,953,940,942,965,940,989,952,964,956,939,957,1105,954,1133,943,1160,948,1185,963,1157,965,1130,960,951,1143,969,1109,991,1093,1009,1099,1030,1097,1063,1117,1104,1153,1063,1169,1029,1172,1007,1171,987,1168,967,1162,965,1139,991,1121,1009,1123,1029,1124,1087,1148,1029,1141,1009,1140,990,1137
3769,h,1,1,831,831,1277,1277,125.63333333333334,872,977,866,1027,864,1080,866,1132,875,1183,892,1226,923,1261,963,1285,1016,1296,1076,1293,1137,1280,1193,1261,1237,1228,1264,1181,1281,1126,1293,1068,1305,1008,879,905,897,871,934,858,974,858,1010,872,1077,873,1120,860,1167,862,1208,879,1233,915,1037,927,1031,951,1023,974,1015,1000,978,1051,997,1056,1018,1060,1042,1059,1067,1057,914,952,936,942,962,940,988,949,962,955,936,956,1103,952,1133,943,1160,947,1184,960,1157,962,1129,959,948,1139,968,1107,991,1092,1009,1098,1029,1095,1063,1115,1104,1148,1063,1166,1028,1168,1007,1168,987,1164,966,1158,963,1136,991,1120,1010,1122,1029,1123,1088,1144,1029,1139,1009,1138,990,1136
3770,h,1,1,831,831,1277,1277,125.66666666666667,879,973,872,1024,870,1077,873,1130,882,1180,899,1223,930,1257,969,1283,1020,1293,1077,1292,1137,1280,1192,1261,1237,1227,1267,1180,1285,1123,1295,1064,1305,1002,889,899,908,870,942,860,979,862,1012,876,1075,875,1115,864,1161,866,1201,882,1227,915,1036,928,1030,951,1023,973,1015,998,977,1051,997,1055,1017,1059,1042,1058,1067,1056,917,951,938,941,964,940,988,950,963,955,938,956,1102,952,1131,942,1158,947,1182,961,1155,962,1128,958,951,1140,969,1107,992,1091,1011,1096,1032,1094,1067,1113,1105,1149,1066,1168,1032,1172,1010,1172,989,1169,967,1161,965,1137,992,1119,1011,1121,1032,1122,1089,1145,1032,1143,1011,1142,992,1140
3771,h,1,1,831,831,1277,1277,125.7,879,973,872,1024,870,1077,873,1130,882,1180,899,1223,930,1257,969,1283,1020,1293,1077,1292,1137,1280,1192,1261,1237,1227,1267,1180,1285,1123,1295,1064,1305,1002,889,899,908,870,942,860,979,862,1012,876,1075,875,1115,864,1161,866,1201,882,1227,915,1036,928,1030,951,1023,973,1015,998,977,1051,997,1055,1017,1059,1042,1058,1067,1056,917,951,938,941,964,940,988,950,963,955,938,956,1102,952,1131,942,1158,947,1182,961,1155,962,1128,958,951,1140,969,1107,992,1091,1011,1096,1032,1094,1067,1113,1105,1149,1066,1168,1032,1172,1010,1172,989,1169,967,1161,965,1137,992,1119,1011,1121,1032,1122,1089,1145,1032,1143,1011,1142,992,1140
3772,h,1,1,831,831,1277,1277,125.73333333333333,881,974,876,1025,875,1078,877,1131,885,1181,901,1223,928,1259,966,1285,1017,1296,1075,1296,1137,1285,1194,1265,1239,1231,1269,1183,1286,1126,1297,1067,1307,1006,887,904,905,873,939,862,977,864,1010,877,1074,876,1116,864,1162,865,1204,883,1230,918,1036,930,1029,952,1021,973,1013,998,977,1050,996,1055,1017,1059,1042,1058,1067,1056,918,951,939,940,964,938,988,949,963,954,938,955,1104,951,1130,940,1157,944,1182,958,1154,960,1128,956,950,1141,968,1108,990,1092,1010,1098,1030,1094,1065,1114,1105,1148,1064,1166,1030,1171,1008,1171,987,1168,966,1160,964,1137,990,1119,1010,1121,1030,1122,1089,1144,1030,1142,1009,1142,989,1140
3773,h,1,1,831,831,1277,1277,125.76666666666667,870,981,864,1032,862,1087,866,1139,877,1186,896,1227,928,1261,967,1285,1020,1294,1077,1292,1137,1280,1193,1260,1237,1228,1267,1180,1284,1124,1293,1066,1303,1006,875,909,895,873,933,858,974,859,1010,873,1072,875,1114,863,1161,864,1204,882,1229,919,1035,926,1030,949,1023,971,1016,995,977,1048,997,1052,1018,1056,1043,1054,1068,1053,913,949,935,939,960,937,985,948,959,951,934,952,1100,950,1128,940,1155,944,1179,958,1152,958,1125,955,951,1141,970,1107,993,1090,1012,1095,1033,1092,1067,1113,1107,1148,1067,1166,1032,1171,1010,1171,988,1168,967,1161,965,1137,992,1119,1012,1121,1032,1122,1090,1144,1033,1140,1012,1140,991,1138
3774,h,1,1,831,831,1277,1277,125.8,877,967,872,1021,871,1076,874,1130,883,1180,902,1222,933,1257,972,1282,1025,1292,1084,1288,1144,1273,1199,1252,1243,1219,1272,1172,1288,1116,1298,1058,1309,997,879,903,898,871,935,859,975,861,1011,875,1074,874,1117,862,1163,863,1205,881,1230,915,1037,927,1031,950,1024,972,1017,996,977,1049,998,1054,1019,1058,1044,1056,1069,1054,914,949,936,940,962,938,988,948,962,952,936,953,1103,950,1131,940,1158,945,1182,958,1154,960,1127,956,952,1140,969,1107,992,1090,1010,1096,1030,1093,1065,1114,1106,1147,1066,1165,1031,1170,1010,1170,989,1166,968,1159,966,1136,992,1119,1011,1121,1030,1122,1089,1144,1032,1142,1011,1141,992,1139
3775,h,1,1,831,831,1277,1277,125.83333333333333,877,967,872,1021,871,1076,874,1130,883,1180,902,1222,933,1257,972,1282,1025,1292,1084,1288,1144,1273,1199,1252,1243,1219,1272,1172,1288,1116,1298,1058,1309,997,879,903,898,871,935,859,975,861,1011,875,1074,874,1117,862,1163,863,1205,881,1230,915,1037,927,1031,950,1024,972,1017,996,977,1049,998,1054,1019,1058,1044,1056,1069,1054,914,949,936,940,962,938,988,948,962,952,936,953,1103,950,1131,940,1158,945,1182,958,1154,960,1127,956,952,1140,969,1107,992,1090,1010,1096,1030,1093,1065,1114,1106,1147,1066,1165,1031,1170,1010,1170,989,1166,968,1159,966,1136,992,1119,1011,1121,1030,1122,1089,1144,1032,1142,1011,1141,992,1139
3776,h,1,1,831,831,1277,1277,125.86666666666666,883,966,877,1017,874,1070,876,1122,883,1173,899,1217,927,1254,965,1282,1016,1295,1076,1293,1137,1281,1194,1261,1241,1228,1273,1180,1291,1124,1302,1064,1313,1001,887,896,907,866,943,858,981,861,1014,877,1073,878,1114,864,1161,865,1205,881,1233,915,1038,930,1031,951,1023,972,1014,996,978,1047,998,1053,1017,1057,1043,1056,1068,1054,916,948,938,938,964,937,990,948,963,953,937,954,1106,951,1135,941,1162,946,1188,960,1160,963,1132,959,952,1143,968,1108,991,1090,1010,1096,1031,1094,1067,1114,1106,1150,1066,1173,1030,1178,1008,1178,987,1174,966,1166,965,1140,991,1119,1010,1121,1031,1122,1089,1147,1031,1149,1010,1148,990,1147
3777,h,1,1,831,831,1277,1277,125.9,872,975,866,1027,865,1082,868,1137,878,1188,895,1233,926,1271,966,1297,1021,1305,1080,1302,1142,1288,1199,1267,1243,1233,1271,1184,1287,1127,1297,1068,1308,1007,880,906,898,873,934,859,974,859,1010,871,1075,872,1118,861,1164,864,1206,882,1231,919,1037,926,1031,949,1024,972,1016,997,978,1049,998,1054,1018,1058,1043,1056,1068,1054,916,949,938,940,963,938,988,948,962,952,937,953,1103,950,1131,941,1157,945,1181,960,1154,960,1128,956,952,1148,968,1109,992,1090,1011,1095,1032,1093,1068,1114,1107,1153,1068,1176,1033,1184,1010,1185,988,1182,966,1173,965,1144,992,1121,1011,1122,1032,1123,1090,1150,1033,1154,1012,1154,991,1153
3778,h,1,1,831,831,1277,1277,125.93333333333334,872,975,866,1027,865,1082,868,1137,878,1188,895,1233,926,1271,966,1297,1021,1305,1080,1302,1142,1288,1199,1267,1243,1233,1271,1184,1287,1127,1297,1068,1308,1007,880,906,898,873,934,859,974,859,1010,871,1075,872,1118,861,1164,864,1206,882,1231,919,1037,926,1031,949,1024,972,1016,997,978,1049,998,1054,1018,1058,1043,1056,1068,1054,916,949,938,940,963,938,988,948,962,952,937,953,1103,950,1131,941,1157,945,1181,960,1154,960,1128,956,952,1148,968,1109,992,1090,1011,1095,1032,1093,1068,1114,1107,1153,1068,1176,1033,1184,1010,1185,988,1182,966,1173,965,1144,992,1121,1011,1122,1032,1123,1090,1150,1033,1154,1012,1154,991,1153
3779,h,1,1,831,831,1277,1277,125.96666666666667,873,979,867,1032,867,1088,872,1142,883,1194,900,1241,929,1280,968,1307,1022,1316,1081,1311,1142,1296,1198,1273,1242,1237,1270,1186,1287,1127,1296,1067,1306,1004,880,907,897,870,933,856,973,856,1009,870,1079,871,1122,861,1168,863,1210,881,1233,918,1038,928,1032,951,1025,973,1017,998,980,1049,999,1055,1019,1059,1044,1057,1068,1054,917,950,939,939,964,938,989,948,963,953,938,954,1105,950,1133,941,1160,945,1183,959,1156,960,1130,956,954,1152,968,1110,991,1093,1012,1098,1034,1095,1070,1116,1107,1157,1070,1184,1035,1192,1010,1193,987,1189,966,1179,967,1147,991,1122,1012,1123,1034,1124,1091,1153,1035,1161,1012,1161,990,1159
3780,h,1,1,831,831,1277,1277,126.0,881,982,875,1034,876,1087,880,1140,888,1192,903,1238,929,1280,966,1310,1019,1321,1080,1318,1143,1302,1198,1278,1243,1241,1274,1190,1290,1132,1302,1072,1312,1009,894,901,911,872,943,861,978,861,1009,875,1077,876,1118,864,1162,866,1202,883,1227,916,1038,931,1032,954,1024,976,1015,1000,980,1051,999,1057,1019,1061,1044,1059,1067,1057,922,953,942,942,966,940,989,950,965,955,942,956,1106,953,1133,943,1159,947,1182,962,1156,963,1130,959,954,1157,967,1113,992,1095,1012,1101,1034,1098,1069,1120,1106,1164,1069,1191,1034,1200,1009,1200,987,1197,965,1185,968,1153,992,1126,1012,1128,1033,1129,1089,1160,1034,1167,1011,1166,990,1164
3781,h,1,1,858,858,1229,1229,126.03333333333333,886,989,882,1038,883,1089,889,1139,898,1187,914,1229,941,1265,976,1291,1024,1301,1081,1297,1137,1280,1188,1256,1229,1221,1256,1174,1273,1120,1284,1064,1296,1006,893,902,912,876,942,866,976,867,1007,879,1076,878,1114,867,1156,869,1195,885,1219,916,1036,932,1030,955,1023,978,1015,1003,983,1054,1002,1059,1021,1062,1044,1061,1067,1059,924,955,944,941,969,939,992,954,968,958,943,959,1100,955,1125,941,1152,944,1176,960,1151,962,1124,959,958,1156,973,1117,997,1099,1014,1104,1034,1101,1067,1120,1102,1159,1068,1186,1036,1195,1015,1196,994,1193,972,1182,971,1153,997,1128,1015,1128,1034,1130,1086,1157,1035,1165,1015,1165,997,1163
3782,h,1,1,858,858,1229,1229,126.06666666666666,886,989,882,1038,883,1089,889,1139,898,1187,914,1229,941,1265,976,1291,1024,1301,1081,1297,1137,1280,1188,1256,1229,1221,1256,1174,1273,1120,1284,1064,1296,1006,893,902,912,876,942,866,976,867,1007,879,1076,878,1114,867,1156,869,1195,885,1219,916,1036,932,1030,955,1023,978,1015,1003,983,1054,1002,1059,1021,1062,1044,1061,1067,1059,924,955,944,941,969,939,992,954,968,958,943,959,1100,955,1125,941,1152,944,1176,960,1151,962,1124,959,958,1156,973,1117,997,1099,1014,1104,1034,1101,1067,1120,1102,1159,1068,1186,1036,1195,1015,1196,994,1193,972,1182,971,1153,997,1128,1015,1128,1034,1130,1086,1157,1035,1165,1015,1165,997,1163
3783,h,1,1,831,831,1277,1277,126.1,873,979,865,1031,863,1086,866,1140,878,1194,897,1240,927,1280,966,1310,1020,1323,1081,1319,1142,1305,1199,1282,1245,1245,1275,1194,1292,1135,1303,1073,1314,1009,889,897,907,867,941,858,978,862,1012,876,1079,877,1121,865,1167,866,1209,881,1236,913,1039,932,1032,955,1024,977,1015,1002,980,1055,999,1061,1019,1065,1044,1063,1069,1061,917,954,938,943,964,942,990,953,964,958,938,959,1109,955,1137,946,1165,951,1191,964,1162,966,1135,963,954,1158,969,1118,993,1100,1013,1105,1034,1102,1071,1124,1111,1166,1072,1192,1036,1200,1012,1201,990,1198,968,1187,969,1155,993,1130,1013,1131,1034,1132,1093,1161,1035,1168,1014,1167,993,1166
3784,h,1,1,858,858,1229,1229,126.13333333333334,885,980,881,1029,881,1079,885,1128,892,1177,907,1220,935,1255,972,1281,1021,1292,1078,1290,1134,1273,1182,1249,1222,1214,1251,1168,1269,1115,1283,1061,1295,1003,890,903,910,875,944,866,980,869,1013,883,1073,883,1113,870,1158,872,1198,888,1223,920,1038,933,1032,957,1025,980,1018,1006,982,1055,1001,1060,1021,1064,1046,1063,1069,1061,920,954,941,940,968,940,992,955,967,959,940,960,1102,957,1129,943,1157,946,1181,962,1155,966,1128,963,956,1152,973,1117,998,1100,1016,1105,1036,1102,1070,1122,1107,1159,1070,1183,1036,1190,1014,1191,994,1188,971,1178,970,1149,998,1130,1016,1131,1036,1132,1090,1156,1036,1157,1016,1157,997,1155
3785,h,1,1,831,831,1277,1277,126.16666666666667,877,979,872,1030,872,1083,874,1135,881,1186,896,1229,925,1266,964,1292,1016,1305,1077,1303,1137,1292,1194,1274,1239,1242,1268,1193,1287,1136,1300,1076,1313,1015,880,906,898,871,935,860,976,862,1012,878,1079,880,1124,869,1173,871,1216,886,1243,921,1041,934,1033,958,1024,980,1015,1005,979,1055,998,1062,1018,1067,1044,1065,1069,1063,914,954,937,944,964,943,991,954,963,959,936,959,1109,958,1139,949,1168,953,1194,966,1165,969,1136,965,951,1150,970,1116,994,1101,1013,1107,1036,1105,1072,1125,1113,1160,1071,1181,1034,1185,1010,1184,988,1180,967,1172,966,1147,993,1129,1014,1131,1035,1132,1096,1157,1035,1155,1013,1153,992,1151
3786,h,1,1,831,831,1277,1277,126.2,877,979,872,1030,872,1083,874,1135,881,1186,896,1229,925,1266,964,1292,1016,1305,1077,1303,1137,1292,1194,1274,1239,1242,1268,1193,1287,1136,1300,1076,1313,1015,880,906,898,871,935,860,976,862,1012,878,1079,880,1124,869,1173,871,1216,886,1243,921,1041,934,1033,958,1024,980,1015,1005,979,1055,998,1062,1018,1067,1044,1065,1069,1063,914,954,937,944,964,943,991,954,963,959,936,959,1109,958,1139,949,1168,953,1194,966,1165,969,1136,965,951,1150,970,1116,994,1101,1013,1107,1036,1105,1072,1125,1113,1160,1071,1181,1034,1185,1010,1184,988,1180,967,1172,966,1147,993,1129,1014,1131,1035,1132,1096,1157,1035,1155,1013,1153,992,1151
3787,h,1,1,831,831,1277,1277,126.23333333333333,880,985,877,1036,877,1088,879,1139,885,1188,902,1229,932,1263,971,1287,1024,1299,1084,1299,1144,1288,1199,1268,1244,1234,1274,1185,1294,1129,1305,1068,1315,1006,881,907,899,874,934,863,973,864,1008,878,1076,878,1119,867,1165,869,1207,886,1234,920,1037,934,1031,957,1024,980,1016,1005,979,1056,999,1062,1019,1066,1044,1064,1068,1063,915,956,936,946,962,944,987,955,962,961,936,962,1105,958,1133,949,1161,953,1186,966,1159,970,1131,966,952,1147,971,1114,993,1099,1012,1105,1034,1102,1069,1122,1112,1156,1070,1172,1034,1174,1011,1174,990,1170,969,1165,965,1143,993,1126,1013,1129,1034,1129,1096,1151,1034,1147,1012,1145,992,1143
3788,h,1,1,858,858,1229,1229,126.26666666666667,890,982,883,1029,881,1079,882,1127,887,1175,900,1218,927,1252,964,1276,1014,1286,1073,1286,1133,1273,1187,1250,1230,1216,1258,1170,1275,1118,1287,1063,1298,1006,907,913,921,883,950,871,983,873,1013,885,1071,883,1111,872,1156,873,1197,891,1220,926,1036,931,1028,955,1020,979,1011,1004,979,1053,997,1058,1017,1062,1042,1060,1066,1058,932,957,949,941,972,940,994,954,972,957,950,959,1102,954,1126,941,1151,944,1173,960,1149,961,1124,959,952,1144,970,1111,993,1096,1011,1102,1031,1099,1065,1116,1105,1150,1065,1164,1031,1168,1010,1168,990,1165,969,1159,965,1140,993,1125,1012,1126,1031,1127,1088,1147,1031,1138,1011,1138,992,1136
3789,h,1,1,831,831,1277,1277,126.3,888,977,881,1027,879,1079,880,1129,887,1178,902,1220,931,1254,969,1278,1020,1289,1079,1287,1139,1276,1194,1256,1240,1224,1271,1177,1288,1122,1299,1062,1307,1001,899,903,916,876,945,867,978,869,1008,881,1076,880,1115,868,1158,869,1197,882,1224,912,1036,930,1029,953,1022,976,1014,1001,980,1051,998,1056,1018,1060,1043,1058,1068,1055,926,955,944,944,967,941,990,952,967,957,944,959,1105,951,1129,941,1154,944,1178,957,1152,959,1127,957,952,1143,970,1110,993,1094,1011,1099,1030,1097,1064,1115,1108,1148,1065,1163,1031,1165,1011,1165,991,1163,969,1157,966,1138,993,1121,1011,1122,1030,1123,1091,1144,1031,1137,1012,1136,993,1135
3790,h,1,1,831,831,1277,1277,126.33333333333333,888,977,881,1027,879,1079,880,1129,887,1178,902,1220,931,1254,969,1278,1020,1289,1079,1287,1139,1276,1194,1256,1240,1224,1271,1177,1288,1122,1299,1062,1307,1001,899,903,916,876,945,867,978,869,1008,881,1076,880,1115,868,1158,869,1197,882,1224,912,1036,930,1029,953,1022,976,1014,1001,980,1051,998,1056,1018,1060,1043,1058,1068,1055,926,955,944,944,967,941,990,952,967,957,944,959,1105,951,1129,941,1154,944,1178,957,1152,959,1127,957,952,1143,970,1110,993,1094,1011,1099,1030,1097,1064,1115,1108,1148,1065,1163,1031,1165,1011,1165,991,1163,969,1157,966,1138,993,1121,1011,1122,1030,1123,1091,1144,1031,1137,1012,1136,993,1135
3791,h,1,1,831,831,1277,1277,126.36666666666666,884,978,878,1028,877,1080,878,1131,885,1180,900,1221,930,1253,968,1276,1019,1287,1078,1286,1137,1276,1193,1258,1239,1227,1270,1180,1289,1124,1300,1065,1309,1003,891,898,910,872,941,864,976,867,1007,880,1077,879,1116,867,1160,868,1200,881,1229,910,1036,934,1029,956,1021,977,1013,1000,979,1053,998,1057,1018,1061,1043,1060,1068,1058,920,954,941,944,965,942,989,953,965,958,940,959,1105,954,1131,944,1158,948,1183,961,1156,964,1129,961,950,1144,970,1111,994,1095,1012,1100,1031,1098,1066,1116,1108,1150,1066,1166,1031,1168,1011,1168,991,1165,969,1161,964,1140,994,1123,1012,1125,1031,1125,1091,1146,1031,1139,1012,1138,993,1136
3792,h,1,1,831,831,1277,1277,126.4,891,973,882,1022,880,1075,880,1126,885,1176,899,1219,927,1254,965,1278,1016,1288,1075,1288,1135,1277,1192,1259,1239,1226,1270,1179,1289,1122,1301,1063,1312,1002,897,897,914,870,946,863,980,866,1010,880,1079,879,1120,867,1164,868,1204,882,1231,913,1037,934,1030,956,1022,977,1013,1001,977,1050,996,1056,1017,1061,1043,1059,1068,1057,921,953,941,943,965,942,989,952,964,957,940,958,1108,955,1134,945,1161,949,1184,962,1158,964,1131,961,950,1143,969,1109,992,1095,1010,1099,1030,1097,1065,1116,1108,1149,1064,1165,1029,1168,1007,1167,988,1164,967,1159,964,1139,992,1122,1010,1124,1030,1126,1091,1145,1030,1139,1009,1137,991,1136
3793,h,1,1,831,831,1277,1277,126.43333333333334,891,973,882,1022,880,1075,880,1126,885,1176,899,1219,927,1254,965,1278,1016,1288,1075,1288,1135,1277,1192,1259,1239,1226,1270,1179,1289,1122,1301,1063,1312,1002,897,897,914,870,946,863,980,866,1010,880,1079,879,1120,867,1164,868,1204,882,1231,913,1037,934,1030,956,1022,977,1013,1001,977,1050,996,1056,1017,1061,1043,1059,1068,1057,921,953,941,943,965,942,989,952,964,957,940,958,1108,955,1134,945,1161,949,1184,962,1158,964,1131,961,950,1143,969,1109,992,1095,1010,1099,1030,1097,1065,1116,1108,1149,1064,1165,1029,1168,1007,1167,988,1164,967,1159,964,1139,992,1122,1010,1124,1030,1126,1091,1145,1030,1139,1009,1137,991,1136
3794,h,1,1,831,831,1277,1277,126.46666666666667,880,979,875,1028,874,1080,875,1129,881,1180,895,1223,923,1258,961,1283,1015,1294,1077,1292,1138,1281,1195,1261,1241,1228,1271,1179,1289,1123,1301,1065,1311,1003,880,901,899,870,935,860,974,863,1009,877,1075,878,1118,865,1164,865,1207,879,1236,912,1035,928,1028,952,1020,974,1012,1000,975,1052,995,1057,1016,1062,1042,1060,1067,1058,911,952,934,943,960,942,987,951,959,956,933,958,1106,953,1136,944,1163,949,1190,961,1161,963,1133,960,949,1146,969,1111,992,1094,1011,1099,1031,1097,1066,1116,1109,1151,1066,1171,1031,1176,1009,1176,988,1173,966,1167,963,1142,992,1123,1011,1125,1031,1125,1092,1148,1031,1144,1010,1144,991,1142
3795,h,1,1,831,831,1277,1277,126.5,871,984,865,1034,865,1088,870,1139,879,1190,895,1233,925,1269,962,1294,1014,1305,1073,1302,1133,1291,1191,1271,1238,1239,1268,1190,1287,1133,1299,1073,1311,1010,877,900,896,867,932,854,973,855,1009,869,1074,871,1118,860,1167,862,1211,879,1238,915,1036,926,1029,951,1021,974,1013,1000,976,1051,995,1056,1016,1060,1042,1059,1067,1057,911,951,934,942,959,940,986,949,959,954,933,955,1106,951,1135,944,1163,949,1188,961,1159,963,1132,959,950,1148,966,1110,991,1093,1010,1099,1031,1096,1068,1117,1108,1156,1068,1179,1031,1186,1007,1186,985,1182,963,1173,963,1145,990,1122,1010,1124,1031,1125,1091,1152,1031,1155,1009,1154,989,1152
3796,h,1,1,831,831,1277,1277,126.53333333333333,877,980,872,1030,870,1084,872,1137,880,1188,895,1232,924,1270,963,1296,1018,1309,1079,1305,1141,1292,1199,1270,1243,1235,1273,1184,1290,1125,1302,1065,1313,1001,880,898,897,866,931,855,969,858,1003,870,1075,872,1118,860,1164,860,1207,874,1235,908,1035,930,1029,953,1022,974,1014,998,978,1052,998,1057,1018,1060,1043,1059,1067,1058,910,953,933,943,959,941,986,951,959,957,932,958,1105,953,1135,944,1164,949,1189,961,1161,964,1132,961,951,1152,968,1113,992,1094,1011,1099,1033,1098,1070,1119,1110,1158,1070,1185,1032,1193,1008,1193,987,1189,964,1180,965,1149,992,1124,1011,1126,1032,1127,1093,1154,1032,1163,1010,1161,990,1159
3797,h,1,1,831,831,1277,1277,126.56666666666666,877,980,872,1030,870,1084,872,1137,880,1188,895,1232,924,1270,963,1296,1018,1309,1079,1305,1141,1292,1199,1270,1243,1235,1273,1184,1290,1125,1302,1065,1313,1001,880,898,897,866,931,855,969,858,1003,870,1075,872,1118,860,1164,860,1207,874,1235,908,1035,930,1029,953,1022,974,1014,998,978,1052,998,1057,1018,1060,1043,1059,1067,1058,910,953,933,943,959,941,986,951,959,957,932,958,1105,953,1135,944,1164,949,1189,961,1161,964,1132,961,951,1152,968,1113,992,1094,1011,1099,1033,1098,1070,1119,1110,1158,1070,1185,1032,1193,1008,1193,987,1189,964,1180,965,1149,992,1124,1011,1126,1032,1127,1093,1154,1032,1163,1010,1161,990,1159
3798,h,1,1,831,831,1277,1277,126.6,879,978,873,1028,871,1081,872,1133,879,1184,893,1229,921,1266,960,1291,1013,1303,1075,1301,1138,1290,1197,1271,1243,1238,1274,1189,1292,1131,1304,1070,1317,1007,877,904,896,871,933,860,974,863,1011,877,1073,878,1118,866,1167,866,1212,880,1242,915,1036,933,1028,954,1019,974,1010,997,976,1052,995,1057,1014,1060,1039,1059,1065,1058,910,954,932,945,958,943,986,952,958,957,932,958,1108,954,1138,946,1167,950,1194,962,1164,965,1135,961,948,1152,965,1113,990,1095,1009,1100,1030,1098,1068,1119,1111,1158,1069,1181,1031,1187,1008,1187,986,1184,963,1175,962,1147,989,1124,1009,1126,1030,1127,1093,1154,1031,1157,1009,1156,989,1154
3799,h,1,1,831,831,1277,1277,126.63333333333334,890,975,880,1026,878,1078,879,1129,884,1180,898,1224,926,1261,964,1287,1014,1299,1075,1297,1139,1286,1199,1268,1246,1235,1278,1189,1296,1134,1309,1075,1321,1014,905,905,918,875,948,864,981,865,1012,878,1078,876,1120,867,1165,869,1207,885,1234,917,1037,932,1028,954,1019,975,1008,998,976,1051,994,1056,1014,1061,1040,1059,1065,1057,932,957,950,943,973,941,996,953,973,956,950,958,1110,955,1135,944,1161,949,1187,964,1158,964,1132,960,951,1147,966,1111,990,1095,1009,1099,1030,1097,1066,1116,1107,1154,1066,1175,1030,1181,1008,1182,987,1179,965,1170,965,1143,990,1124,1009,1126,1029,1126,1090,1150,1030,1152,1009,1151,989,1150
3800,h,1,1,831,831,1277,1277,126.66666666666667,881,984,875,1033,875,1085,878,1135,884,1184,898,1227,926,1264,963,1291,1015,1303,1075,1302,1137,1289,1194,1269,1241,1235,1271,1188,1290,1131,1301,1071,1312,1008,880,902,899,870,934,858,973,860,1008,873,1074,874,1119,864,1166,864,1209,881,1236,917,1036,930,1029,953,1020,976,1012,1001,976,1052,996,1058,1015,1062,1040,1060,1065,1058,912,952,935,942,960,940,987,950,960,955,934,956,1105,953,1133,944,1161,948,1188,961,1159,963,1131,959,948,1149,965,1112,990,1095,1009,1100,1030,1097,1067,1118,1108,1156,1067,1179,1030,1186,1006,1186,985,1183,963,1174,962,1145,989,1123,1009,1125,1030,1126,1091,1152,1030,1157,1008,1156,988,1154
3801,h,1,1,831,831,1277,1277,126.7,881,984,875,1033,875,1085,878,1135,884,1184,898,1227,926,1264,963,1291,1015,1303,1075,1302,1137,1289,1194,1269,1241,1235,1271,1188,1290,1131,1301,1071,1312,1008,880,902,899,870,934,858,973,860,1008,873,1074,874,1119,864,1166,864,1209,881,1236,917,1036,930,1029,953,1020,976,1012,1001,976,1052,996,1058,1015,1062,1040,1060,1065,1058,912,952,935,942,960,940,987,950,960,955,934,956,1105,953,1133,944,1161,948,1188,961,1159,963,1131,959,948,1149,965,1112,990,1095,1009,1100,1030,1097,1067,1118,1108,1156,1067,1179,1030,1186,1006,1186,985,1183,963,1174,962,1145,989,1123,1009,1125,1030,1126,1091,1152,1030,1157,1008,1156,988,1154
3802,h,1,1,831,831,1277,1277,126.73333333333333,881,978,877,1028,877,1080,879,1131,885,1181,900,1224,929,1261,967,1289,1018,1301,1078,1300,1140,1288,1197,1267,1242,1232,1271,1183,1290,1125,1301,1064,1312,1002,880,905,897,872,931,861,969,862,1004,874,1071,874,1115,863,1162,866,1204,883,1230,918,1033,932,1027,954,1019,975,1011,999,976,1052,995,1056,1015,1060,1040,1058,1065,1057,913,950,934,941,960,939,984,950,959,954,933,955,1102,952,1129,942,1157,947,1181,960,1154,962,1126,958,952,1151,967,1113,990,1095,1009,1101,1030,1098,1067,1119,1106,1156,1068,1182,1031,1189,1008,1190,987,1186,965,1177,966,1147,990,1124,1009,1125,1030,1126,1090,1152,1031,1158,1009,1157,989,1155
3803,h,1,1,831,831,1277,1277,126.76666666666667,883,975,877,1025,877,1079,879,1130,884,1182,897,1226,926,1264,963,1291,1016,1305,1078,1304,1139,1294,1195,1273,1240,1238,1269,1189,1287,1131,1300,1071,1312,1008,887,898,906,871,939,863,974,867,1007,880,1078,879,1118,867,1164,868,1206,882,1234,914,1035,931,1028,955,1020,977,1011,1003,976,1054,995,1060,1016,1064,1041,1062,1067,1060,913,952,935,943,960,941,986,951,960,956,934,957,1103,953,1132,944,1160,948,1187,961,1158,963,1130,960,949,1149,966,1115,990,1097,1008,1102,1029,1100,1067,1120,1108,1157,1067,1180,1031,1186,1008,1186,986,1182,965,1173,963,1146,990,1126,1009,1128,1029,1129,1091,1153,1030,1155,1009,1154,989,1152
3804,h,1,1,831,831,1277,1277,126.8,866,989,860,1038,861,1091,865,1143,876,1192,896,1234,928,1267,969,1289,1021,1298,1080,1295,1139,1285,1196,1266,1240,1233,1268,1184,1285,1127,1295,1068,1304,1007,871,912,890,878,927,863,967,864,1004,877,1071,877,1113,865,1160,868,1202,886,1227,922,1032,927,1026,951,1020,974,1013,999,975,1053,995,1058,1016,1061,1041,1060,1066,1058,909,953,931,943,955,941,981,950,955,953,931,954,1100,953,1129,943,1155,948,1180,961,1152,961,1126,957,951,1145,969,1113,992,1097,1010,1103,1032,1100,1067,1119,1107,1152,1066,1170,1032,1173,1009,1173,988,1171,968,1165,964,1142,991,1124,1011,1126,1032,1127,1090,1148,1032,1144,1011,1143,991,1141
3805,h,1,1,831,831,1277,1277,126.83333333333333,866,989,860,1038,861,1091,865,1143,876,1192,896,1234,928,1267,969,1289,1021,1298,1080,1295,1139,1285,1196,1266,1240,1233,1268,1184,1285,1127,1295,1068,1304,1007,871,912,890,878,927,863,967,864,1004,877,1071,877,1113,865,1160,868,1202,886,1227,922,1032,927,1026,951,1020,974,1013,999,975,1053,995,1058,1016,1061,1041,1060,1066,1058,909,953,931,943,955,941,981,950,955,953,931,954,1100,953,1129,943,1155,948,1180,961,1152,961,1126,957,951,1145,969,1113,992,1097,1010,1103,1032,1100,1067,1119,1107,1152,1066,1170,1032,1173,1009,1173,988,1171,968,1165,964,1142,991,1124,1011,1126,1032,1127,1090,1148,1032,1144,1011,1143,991,1141
3806,h,1,1,831,831,1277,1277,126.86666666666666,876,977,873,1027,873,1078,876,1129,883,1178,898,1219,928,1254,966,1279,1020,1290,1081,1290,1142,1280,1198,1261,1242,1228,1271,1180,1288,1123,1299,1063,1309,1001,883,904,900,874,933,862,970,863,1004,874,1074,873,1116,863,1161,866,1202,882,1228,915,1034,930,1028,953,1020,975,1012,1000,975,1053,995,1058,1015,1062,1041,1061,1066,1059,912,953,934,944,959,942,985,952,959,957,933,958,1102,954,1130,945,1157,949,1183,962,1154,965,1127,961,951,1141,970,1113,993,1098,1010,1103,1029,1100,1064,1119,1107,1148,1064,1164,1029,1165,1009,1165,990,1163,969,1159,964,1138,993,1124,1011,1126,1029,1127,1091,1144,1029,1137,1011,1136,992,1135
3807,h,1,1,858,858,1229,1229,126.9,882,977,877,1025,877,1075,880,1124,885,1172,899,1214,928,1246,967,1269,1016,1279,1074,1278,1131,1265,1181,1243,1221,1208,1247,1162,1263,1111,1276,1058,1288,1002,890,903,909,876,941,867,976,870,1007,884,1072,884,1110,872,1153,872,1192,888,1214,922,1033,932,1027,955,1021,978,1013,1002,977,1052,996,1057,1016,1061,1041,1060,1065,1058,918,951,939,940,964,939,988,953,963,957,938,958,1095,954,1121,942,1148,945,1171,960,1146,963,1119,960,951,1143,970,1112,993,1096,1011,1102,1030,1099,1064,1118,1105,1149,1064,1166,1031,1170,1010,1170,990,1167,968,1160,964,1139,993,1124,1011,1126,1030,1126,1088,1146,1031,1141,1012,1140,993,1138
3808,h,1,1,858,858,1229,1229,126.93333333333334,882,977,877,1025,877,1075,880,1124,885,1172,899,1214,928,1246,967,1269,1016,1279,1074,1278,1131,1265,1181,1243,1221,1208,1247,1162,1263,1111,1276,1058,1288,1002,890,903,909,876,941,867,976,870,1007,884,1072,884,1110,872,1153,872,1192,888,1214,922,1033,932,1027,955,1021,978,1013,1002,977,1052,996,1057,1016,1061,1041,1060,1065,1058,918,951,939,940,964,939,988,953,963,957,938,958,1095,954,1121,942,1148,945,1171,960,1146,963,1119,960,951,1143,970,1112,993,1096,1011,1102,1030,1099,1064,1118,1105,1149,1064,1166,1031,1170,1010,1170,990,1167,968,1160,964,1139,993,1124,1011,1126,1030,1126,1088,1146,1031,1141,1012,1140,993,1138
3809,h,1,1,858,858,1229,1229,126.96666666666667,883,982,879,1030,879,1080,882,1129,887,1177,902,1218,929,1252,967,1275,1016,1285,1075,1283,1132,1268,1182,1244,1222,1210,1249,1163,1264,1111,1277,1058,1289,1001,889,901,907,874,938,864,973,867,1004,880,1073,880,1110,868,1152,868,1190,883,1214,914,1033,931,1026,955,1020,978,1012,1003,979,1053,997,1058,1016,1062,1040,1060,1063,1058,916,952,937,940,963,939,987,953,962,958,936,958,1095,954,1121,941,1149,944,1173,958,1148,962,1120,959,952,1146,969,1113,993,1097,1011,1102,1030,1099,1063,1118,1102,1151,1063,1169,1030,1174,1009,1175,989,1172,968,1164,965,1142,992,1126,1011,1128,1030,1128,1086,1148,1030,1145,1011,1144,992,1142
3810,h,1,1,831,831,1277,1277,127.0,877,981,870,1031,868,1085,871,1138,880,1189,897,1233,928,1269,966,1294,1018,1305,1078,1302,1137,1290,1192,1270,1236,1236,1266,1188,1283,1131,1294,1072,1303,1010,886,908,903,876,937,864,974,865,1007,878,1070,880,1111,867,1157,869,1198,886,1224,921,1033,931,1027,954,1021,976,1013,1000,976,1052,995,1058,1017,1062,1042,1061,1066,1057,915,955,936,943,961,941,986,953,961,958,936,959,1098,955,1125,943,1152,947,1177,962,1150,964,1123,961,950,1149,968,1113,992,1096,1012,1102,1033,1099,1068,1118,1107,1153,1068,1172,1034,1177,1011,1178,989,1175,968,1169,965,1144,992,1124,1013,1126,1033,1127,1091,1149,1034,1148,1013,1147,992,1146
3811,h,1,1,831,831,1277,1277,127.03333333333333,879,988,874,1038,874,1090,878,1140,887,1188,903,1230,932,1265,968,1289,1018,1300,1077,1298,1138,1287,1194,1269,1239,1237,1268,1190,1286,1134,1297,1074,1306,1013,886,904,904,874,937,863,974,864,1007,877,1073,878,1113,865,1159,867,1199,884,1225,919,1034,931,1028,954,1020,977,1012,1002,977,1052,996,1058,1016,1062,1042,1060,1066,1057,916,953,937,941,962,939,987,952,961,956,936,958,1099,955,1126,941,1153,945,1178,960,1151,963,1124,960,949,1147,969,1113,992,1096,1011,1102,1032,1099,1067,1117,1109,1151,1067,1169,1032,1174,1010,1175,989,1172,968,1165,963,1142,993,1124,1012,1126,1032,1126,1092,1148,1032,1146,1011,1146,991,1144
3812,h,1,1,831,831,1277,1277,127.06666666666666,879,988,874,1038,874,1090,878,1140,887,1188,903,1230,932,1265,968,1289,1018,1300,1077,1298,1138,1287,1194,1269,1239,1237,1268,1190,1286,1134,1297,1074,1306,1013,886,904,904,874,937,863,974,864,1007,877,1073,878,1113,865,1159,867,1199,884,1225,919,1034,931,1028,954,1020,977,1012,1002,977,1052,996,1058,1016,1062,1042,1060,1066,1057,916,953,937,941,962,939,987,952,961,956,936,958,1099,955,1126,941,1153,945,1178,960,1151,963,1124,960,949,1147,969,1113,992,1096,1011,1102,1032,1099,1067,1117,1109,1151,1067,1169,1032,1174,1010,1175,989,1172,968,1165,963,1142,993,1124,1012,1126,1032,1126,1092,1148,1032,1146,1011,1146,991,1144
3813,h,1,1,831,831,1277,1277,127.1,868,978,864,1030,864,1084,868,1135,878,1184,895,1227,926,1261,964,1285,1017,1295,1076,1292,1136,1278,1193,1258,1239,1225,1270,1177,1286,1120,1296,1061,1305,999,876,910,893,875,928,861,968,861,1005,872,1070,874,1114,863,1161,864,1203,879,1229,914,1033,928,1027,952,1020,974,1012,999,975,1051,995,1056,1016,1060,1041,1058,1066,1055,910,955,932,946,957,943,982,951,957,956,933,958,1101,951,1129,943,1156,947,1180,959,1153,960,1126,957,951,1144,969,1112,992,1096,1011,1100,1031,1098,1065,1115,1106,1148,1065,1165,1031,1168,1009,1169,989,1167,968,1162,965,1140,992,1122,1011,1124,1031,1125,1089,1144,1031,1140,1011,1139,992,1138
3814,h,1,1,831,831,1277,1277,127.13333333333334,877,977,872,1027,873,1080,876,1132,884,1181,900,1222,929,1254,968,1277,1020,1287,1079,1285,1141,1274,1198,1254,1243,1222,1272,1175,1288,1120,1298,1061,1308,1000,880,904,897,873,931,862,969,862,1003,875,1075,875,1116,865,1161,867,1203,882,1229,916,1033,929,1027,952,1020,975,1012,1000,977,1052,996,1057,1016,1060,1041,1059,1065,1056,912,953,934,943,959,942,985,952,959,956,933,957,1101,953,1129,944,1157,948,1181,961,1153,963,1126,959,951,1141,971,1110,993,1095,1012,1101,1032,1098,1065,1116,1107,1146,1065,1160,1031,1162,1010,1163,990,1160,969,1156,965,1137,992,1121,1012,1124,1032,1124,1091,1142,1032,1135,1012,1135,992,1133
3815,h,1,1,831,831,1277,1277,127.16666666666667,878,979,875,1029,876,1081,878,1132,885,1180,902,1222,933,1255,971,1279,1022,1289,1081,1287,1141,1276,1198,1258,1243,1225,1272,1177,1288,1121,1298,1061,1308,1000,881,912,896,877,932,863,971,864,1007,877,1073,876,1116,865,1164,867,1206,885,1231,923,1035,928,1029,952,1023,975,1015,1000,977,1051,997,1057,1018,1060,1044,1059,1068,1057,915,953,937,944,961,941,985,949,961,954,937,956,1102,951,1129,943,1155,948,1179,961,1151,961,1125,957,953,1142,972,1111,995,1095,1012,1101,1032,1099,1066,1118,1107,1149,1065,1163,1031,1165,1010,1165,990,1162,970,1157,967,1138,994,1121,1012,1124,1031,1125,1091,1145,1031,1137,1011,1136,993,1134
3816,h,1,1,831,831,1277,1277,127.2,878,979,875,1029,876,1081,878,1132,885,1180,902,1222,933,1255,971,1279,1022,1289,1081,1287,1141,1276,1198,1258,1243,1225,1272,1177,1288,1121,1298,1061,1308,1000,881,912,896,877,932,863,971,864,1007,877,1073,876,1116,865,1164,867,1206,885,1231,923,1035,928,1029,952,1023,975,1015,1000,977,1051,997,1057,1018,1060,1044,1059,1068,1057,915,953,937,944,961,941,985,949,961,954,937,956,1102,951,1129,943,1155,948,1179,961,1151,961,1125,957,953,1142,972,1111,995,1095,1012,1101,1032,1099,1066,1118,1107,1149,1065,1163,1031,1165,1010,1165,990,1162,970,1157,967,1138,994,1121,1012,1124,1031,1125,1091,1145,1031,1137,1011,1136,993,1134
3817,h,1,1,831,831,1277,1277,127.23333333333333,871,979,868,1031,870,1084,873,1136,881,1185,899,1227,931,1261,973,1283,1026,1292,1085,1288,1144,1275,1198,1255,1242,1220,1270,1172,1286,1116,1296,1058,1306,997,875,907,892,874,926,859,966,858,1002,868,1075,867,1118,859,1163,862,1203,880,1227,914,1036,931,1030,954,1023,976,1017,1001,979,1055,999,1059,1019,1062,1044,1061,1068,1060,911,955,934,944,960,943,984,952,959,958,933,959,1102,954,1129,944,1157,948,1180,961,1154,964,1127,961,955,1145,974,1114,996,1099,1014,1104,1034,1102,1068,1119,1109,1148,1067,1164,1034,1167,1012,1167,993,1165,972,1161,967,1140,996,1124,1015,1126,1034,1127,1093,1145,1034,1141,1014,1141,995,1140
3818,h,1,1,831,831,1277,1277,127.26666666666667,880,981,872,1032,869,1087,873,1140,883,1189,900,1231,930,1265,969,1287,1020,1296,1077,1294,1137,1284,1192,1265,1239,1232,1268,1185,1286,1128,1297,1068,1307,1006,891,902,910,876,941,867,977,869,1008,882,1078,882,1118,870,1161,869,1201,883,1228,914,1038,935,1031,958,1023,981,1015,1006,980,1057,999,1062,1019,1066,1044,1064,1069,1062,916,955,939,945,964,944,989,955,964,960,938,961,1104,956,1131,945,1158,949,1183,963,1156,966,1129,963,952,1148,972,1115,996,1099,1014,1105,1034,1102,1069,1120,1110,1151,1069,1171,1034,1176,1012,1177,992,1174,970,1168,966,1144,996,1127,1014,1129,1034,1129,1094,1149,1034,1147,1014,1147,995,1145
3819,h,1,1,858,858,1229,1229,127.3,885,979,880,1029,880,1081,883,1132,891,1182,906,1226,933,1260,970,1283,1018,1293,1075,1290,1133,1277,1185,1253,1226,1218,1255,1173,1272,1121,1286,1066,1299,1006,894,907,913,879,944,870,980,873,1011,887,1074,885,1114,873,1158,873,1198,890,1222,924,1037,936,1030,959,1022,982,1014,1007,980,1057,999,1061,1019,1065,1043,1064,1067,1062,923,956,944,942,968,942,991,956,968,960,943,961,1102,957,1127,943,1154,946,1177,962,1152,964,1126,962,956,1153,972,1117,997,1101,1015,1107,1035,1103,1069,1122,1106,1158,1069,1180,1035,1187,1014,1187,993,1184,971,1175,969,1150,996,1129,1015,1131,1035,1131,1091,1155,1036,1157,1015,1158,996,1156
3820,h,1,1,858,858,1229,1229,127.33333333333333,885,979,880,1029,880,1081,883,1132,891,1182,906,1226,933,1260,970,1283,1018,1293,1075,1290,1133,1277,1185,1253,1226,1218,1255,1173,1272,1121,1286,1066,1299,1006,894,907,913,879,944,870,980,873,1011,887,1074,885,1114,873,1158,873,1198,890,1222,924,1037,936,1030,959,1022,982,1014,1007,980,1057,999,1061,1019,1065,1043,1064,1067,1062,923,956,944,942,968,942,991,956,968,960,943,961,1102,957,1127,943,1154,946,1177,962,1152,964,1126,962,956,1153,972,1117,997,1101,1015,1107,1035,1103,1069,1122,1106,1158,1069,1180,1035,1187,1014,1187,993,1184,971,1175,969,1150,996,1129,1015,1131,1035,1131,1091,1155,1036,1157,1015,1158,996,1156
3821,h,1,1,831,831,1277,1277,127.36666666666666,875,979,867,1031,865,1085,868,1139,877,1192,895,1238,927,1276,967,1301,1020,1311,1080,1307,1140,1295,1195,1275,1241,1242,1271,1193,1289,1136,1300,1075,1309,1013,890,904,906,875,939,863,975,864,1007,878,1074,878,1117,867,1163,868,1205,885,1228,921,1036,934,1029,958,1021,981,1013,1007,977,1058,996,1063,1017,1067,1043,1066,1067,1063,918,956,939,946,963,944,987,954,962,960,938,961,1102,956,1129,946,1156,950,1181,964,1153,966,1127,962,953,1157,969,1120,993,1103,1012,1109,1032,1105,1067,1124,1106,1161,1067,1182,1033,1188,1011,1189,990,1187,968,1179,966,1153,992,1131,1012,1133,1032,1133,1090,1157,1033,1159,1012,1159,992,1157
3822,h,1,1,858,858,1229,1229,127.4,885,988,881,1037,881,1088,885,1137,892,1185,906,1228,933,1262,970,1286,1017,1297,1073,1294,1129,1280,1180,1256,1220,1220,1248,1174,1265,1121,1279,1066,1291,1007,892,913,910,883,943,871,979,873,1012,887,1072,885,1113,872,1158,873,1199,891,1222,927,1036,936,1030,961,1023,984,1016,1010,980,1059,999,1064,1019,1068,1044,1067,1068,1064,922,959,942,945,967,944,990,958,966,962,942,964,1100,959,1126,945,1153,948,1176,964,1151,966,1125,963,956,1153,973,1119,997,1104,1015,1110,1035,1107,1069,1125,1106,1159,1068,1180,1035,1187,1013,1187,993,1184,971,1175,969,1150,996,1132,1015,1134,1035,1135,1090,1156,1035,1157,1015,1157,996,1155
3823,h,1,1,858,858,1229,1229,127.43333333333334,885,988,881,1037,881,1088,885,1137,892,1185,906,1228,933,1262,970,1286,1017,1297,1073,1294,1129,1280,1180,1256,1220,1220,1248,1174,1265,1121,1279,1066,1291,1007,892,913,910,883,943,871,979,873,1012,887,1072,885,1113,872,1158,873,1199,891,1222,927,1036,936,1030,961,1023,984,1016,1010,980,1059,999,1064,1019,1068,1044,1067,1068,1064,922,959,942,945,967,944,990,958,966,962,942,964,1100,959,1126,945,1153,948,1176,964,1151,966,1125,963,956,1153,973,1119,997,1104,1015,1110,1035,1107,1069,1125,1106,1159,1068,1180,1035,1187,1013,1187,993,1184,971,1175,969,1150,996,1132,1015,1134,1035,1135,1090,1156,1035,1157,1015,1157,996,1155
3824,h,1,1,858,858,1229,1229,127.46666666666667,885,981,880,1028,879,1078,881,1128,888,1176,903,1219,930,1254,967,1279,1017,1291,1074,1289,1130,1275,1181,1250,1221,1214,1249,1168,1266,1115,1280,1060,1292,1003,893,908,912,881,943,872,978,875,1010,889,1071,887,1111,875,1155,875,1195,890,1220,922,1034,939,1028,963,1021,987,1013,1012,980,1061,998,1066,1017,1070,1042,1069,1066,1066,920,958,940,946,965,945,990,959,966,964,940,965,1099,960,1125,947,1152,950,1176,965,1151,969,1124,966,956,1151,973,1119,997,1105,1014,1110,1033,1107,1066,1124,1105,1156,1066,1175,1033,1180,1013,1180,993,1177,972,1169,968,1147,996,1133,1014,1135,1033,1136,1089,1153,1033,1150,1014,1149,996,1147
3825,h,1,1,831,831,1277,1277,127.5,884,979,878,1031,876,1085,880,1137,888,1187,906,1230,936,1264,974,1288,1024,1298,1081,1296,1141,1285,1196,1265,1241,1232,1271,1184,1289,1126,1299,1065,1308,1002,889,904,906,875,938,866,973,869,1004,882,1074,882,1114,869,1158,870,1199,884,1225,915,1034,937,1027,961,1019,985,1011,1011,978,1061,996,1066,1017,1069,1043,1067,1068,1064,916,958,937,947,962,945,987,957,962,963,936,964,1102,957,1127,945,1154,949,1179,963,1152,966,1125,963,955,1151,973,1121,995,1105,1012,1110,1031,1107,1066,1124,1109,1154,1067,1171,1033,1175,1013,1176,993,1173,974,1168,968,1147,995,1131,1013,1133,1031,1133,1094,1150,1033,1147,1014,1147,995,1145
3826,h,1,1,858,858,1229,1229,127.53333333333333,887,979,881,1028,881,1078,883,1129,890,1177,904,1220,932,1254,969,1278,1018,1289,1076,1287,1134,1275,1185,1251,1226,1216,1254,1170,1271,1116,1284,1059,1295,999,895,904,913,879,944,871,977,874,1007,886,1072,886,1110,875,1152,874,1192,888,1217,920,1034,935,1027,959,1019,983,1011,1008,979,1057,997,1062,1017,1065,1041,1064,1065,1062,921,954,941,943,965,942,988,954,965,958,940,959,1101,956,1126,944,1152,947,1175,960,1150,962,1124,960,956,1150,973,1118,996,1102,1013,1108,1032,1105,1067,1123,1107,1154,1067,1173,1033,1179,1013,1179,993,1176,972,1168,968,1147,996,1131,1014,1133,1033,1133,1092,1151,1033,1150,1014,1149,995,1147
3827,h,1,1,858,858,1229,1229,127.56666666666666,887,979,881,1028,881,1078,883,1129,890,1177,904,1220,932,1254,969,1278,1018,1289,1076,1287,1134,1275,1185,1251,1226,1216,1254,1170,1271,1116,1284,1059,1295,999,895,904,913,879,944,871,977,874,1007,886,1072,886,1110,875,1152,874,1192,888,1217,920,1034,935,1027,959,1019,983,1011,1008,979,1057,997,1062,1017,1065,1041,1064,1065,1062,921,954,941,943,965,942,988,954,965,958,940,959,1101,956,1126,944,1152,947,1175,960,1150,962,1124,960,956,1150,973,1118,996,1102,1013,1108,1032,1105,1067,1123,1107,1154,1067,1173,1033,1179,1013,1179,993,1176,972,1168,968,1147,996,1131,1014,1133,1033,1133,1092,1151,1033,1150,1014,1149,995,1147
3828,h,1,1,831,831,1277,1277,127.6,871,978,865,1028,862,1081,866,1134,875,1185,893,1229,925,1266,966,1291,1019,1301,1080,1298,1141,1285,1198,1265,1244,1231,1272,1181,1288,1122,1299,1062,1309,999,880,907,897,875,930,864,968,865,1003,879,1072,878,1114,865,1159,866,1201,880,1227,913,1032,932,1026,956,1018,979,1010,1005,976,1056,995,1061,1015,1064,1040,1062,1066,1059,914,956,935,947,959,945,984,952,959,958,934,960,1102,953,1128,944,1155,948,1180,959,1153,961,1126,959,952,1153,970,1119,992,1102,1010,1106,1029,1103,1065,1121,1106,1155,1067,1178,1032,1184,1011,1185,990,1183,969,1176,965,1150,992,1129,1010,1130,1030,1130,1090,1152,1032,1157,1011,1156,992,1155
3829,h,1,1,831,831,1277,1277,127.63333333333334,885,977,880,1027,879,1079,881,1130,889,1181,904,1225,931,1263,967,1292,1019,1305,1080,1303,1143,1290,1201,1268,1247,1232,1276,1181,1294,1122,1304,1059,1314,995,887,899,902,871,933,862,969,864,1000,878,1074,877,1115,865,1161,864,1204,877,1231,908,1032,934,1025,957,1017,979,1008,1005,976,1056,995,1061,1015,1065,1040,1063,1065,1060,913,953,935,945,960,943,985,951,959,957,934,958,1103,952,1130,944,1158,948,1185,958,1156,962,1128,959,955,1154,968,1119,991,1101,1009,1106,1029,1103,1065,1122,1107,1157,1067,1183,1031,1190,1009,1191,989,1189,967,1180,968,1151,991,1129,1010,1130,1029,1130,1090,1154,1030,1158,1010,1158,991,1157
3830,h,1,1,831,831,1277,1277,127.66666666666667,866,981,860,1032,857,1087,862,1140,874,1192,893,1235,926,1272,965,1299,1018,1310,1079,1306,1140,1293,1198,1271,1243,1236,1272,1184,1289,1125,1298,1061,1306,997,877,903,894,871,928,860,966,861,1001,875,1072,876,1114,864,1160,865,1201,879,1226,914,1031,930,1025,955,1018,979,1010,1005,975,1056,994,1061,1015,1065,1041,1062,1066,1059,910,955,931,945,956,943,981,951,955,957,930,958,1101,953,1129,944,1156,948,1180,960,1153,963,1126,959,953,1156,969,1120,993,1101,1011,1105,1031,1103,1069,1123,1109,1160,1069,1184,1033,1191,1011,1192,990,1189,968,1181,967,1152,993,1131,1011,1132,1031,1133,1092,1156,1033,1159,1012,1157,992,1156
3831,h,1,1,831,831,1277,1277,127.7,866,981,860,1032,857,1087,862,1140,874,1192,893,1235,926,1272,965,1299,1018,1310,1079,1306,1140,1293,1198,1271,1243,1236,1272,1184,1289,1125,1298,1061,1306,997,877,903,894,871,928,860,966,861,1001,875,1072,876,1114,864,1160,865,1201,879,1226,914,1031,930,1025,955,1018,979,1010,1005,975,1056,994,1061,1015,1065,1041,1062,1066,1059,910,955,931,945,956,943,981,951,955,957,930,958,1101,953,1129,944,1156,948,1180,960,1153,963,1126,959,953,1156,969,1120,993,1101,1011,1105,1031,1103,1069,1123,1109,1160,1069,1184,1033,1191,1011,1192,990,1189,968,1181,967,1152,993,1131,1011,1132,1031,1133,1092,1156,1033,1159,1012,1157,992,1156
3832,h,1,1,831,831,1277,1277,127.73333333333333,873,985,868,1034,867,1086,871,1138,879,1188,896,1232,926,1269,965,1295,1018,1307,1078,1304,1139,1290,1195,1268,1240,1233,1269,1184,1286,1127,1296,1068,1305,1007,876,914,891,878,927,862,968,863,1004,877,1073,878,1117,865,1164,867,1206,884,1230,922,1033,932,1028,956,1021,979,1015,1004,978,1056,997,1061,1017,1065,1043,1063,1068,1061,911,956,933,946,957,944,983,953,957,958,932,960,1102,954,1130,945,1157,949,1181,963,1154,964,1127,961,953,1152,971,1118,994,1101,1012,1106,1032,1104,1069,1124,1110,1158,1068,1180,1032,1184,1010,1184,989,1181,968,1174,967,1149,993,1128,1012,1130,1031,1131,1094,1154,1032,1155,1012,1154,992,1152
3833,h,1,1,831,831,1277,1277,127.76666666666667,885,973,879,1022,877,1073,879,1124,885,1174,900,1219,929,1256,968,1282,1019,1293,1077,1292,1139,1279,1195,1259,1242,1225,1272,1178,1289,1121,1300,1061,1309,1000,886,905,903,877,936,868,972,870,1005,884,1070,883,1111,870,1157,871,1198,886,1225,918,1032,936,1025,960,1018,983,1010,1009,977,1058,996,1063,1016,1067,1042,1064,1067,1061,915,955,935,946,960,944,985,955,960,960,935,961,1101,956,1127,945,1153,949,1179,962,1151,965,1125,962,952,1148,971,1118,995,1102,1013,1107,1032,1104,1067,1121,1109,1151,1067,1172,1033,1177,1012,1178,992,1175,970,1169,965,1145,995,1129,1013,1130,1032,1131,1093,1148,1032,1149,1013,1149,994,1147
3834,h,1,1,831,831,1277,1277,127.8,887,977,880,1026,878,1077,880,1127,886,1177,901,1221,929,1257,967,1283,1019,1294,1079,1291,1142,1277,1199,1256,1246,1222,1276,1175,1292,1118,1302,1060,1311,999,881,907,898,876,932,866,969,869,1002,883,1072,881,1114,869,1159,870,1201,885,1227,918,1033,936,1026,960,1019,983,1011,1008,975,1057,995,1063,1016,1066,1041,1064,1066,1061,915,956,935,947,960,945,984,955,960,960,935,961,1102,955,1128,946,1155,950,1179,962,1153,964,1126,961,954,1149,970,1117,993,1102,1010,1107,1030,1104,1066,1121,1107,1151,1066,1172,1031,1177,1009,1178,990,1176,969,1170,966,1146,992,1127,1011,1129,1030,1129,1092,1148,1031,1151,1011,1151,992,1150
3835,h,1,1,831,831,1277,1277,127.83333333333333,887,977,880,1026,878,1077,880,1127,886,1177,901,1221,929,1257,967,1283,1019,1294,1079,1291,1142,1277,1199,1256,1246,1222,1276,1175,1292,1118,1302,1060,1311,999,881,907,898,876,932,866,969,869,1002,883,1072,881,1114,869,1159,870,1201,885,1227,918,1033,936,1026,960,1019,983,1011,1008,975,1057,995,1063,1016,1066,1041,1064,1066,1061,915,956,935,947,960,945,984,955,960,960,935,961,1102,955,1128,946,1155,950,1179,962,1153,964,1126,961,954,1149,970,1117,993,1102,1010,1107,1030,1104,1066,1121,1107,1151,1066,1172,1031,1177,1009,1178,990,1176,969,1170,966,1146,992,1127,1011,1129,1030,1129,1092,1148,1031,1151,1011,1151,992,1150
3836,h,1,1,831,831,1277,1277,127.86666666666666,883,984,878,1034,879,1087,883,1138,890,1188,905,1233,934,1270,972,1297,1024,1307,1084,1303,1144,1290,1200,1269,1244,1234,1271,1184,1287,1127,1298,1067,1307,1004,879,910,895,877,929,863,968,863,1002,877,1072,876,1114,864,1161,868,1202,884,1227,920,1032,930,1026,955,1019,979,1012,1006,976,1056,996,1061,1016,1065,1042,1063,1067,1060,913,957,934,946,959,943,984,953,959,958,933,960,1101,953,1128,944,1155,948,1180,961,1152,963,1125,959,952,1156,968,1119,992,1101,1011,1106,1032,1103,1070,1122,1111,1157,1071,1182,1034,1189,1012,1191,990,1188,967,1180,965,1152,992,1128,1012,1130,1033,1129,1094,1154,1034,1161,1012,1161,992,1160
3837,h,1,1,831,831,1277,1277,127.9,868,983,864,1034,864,1088,868,1142,878,1195,897,1240,929,1278,970,1307,1025,1318,1085,1312,1145,1295,1201,1272,1245,1236,1272,1184,1287,1125,1296,1064,1305,1002,875,913,889,876,925,858,965,857,1003,870,1073,870,1117,859,1164,862,1206,880,1230,918,1034,926,1029,950,1023,973,1017,999,978,1052,999,1057,1020,1061,1045,1058,1069,1056,914,954,935,942,960,940,985,950,960,955,935,957,1101,950,1128,940,1155,944,1179,959,1153,959,1126,956,954,1157,970,1116,994,1097,1013,1102,1034,1099,1072,1120,1112,1160,1073,1188,1037,1197,1014,1198,991,1195,969,1185,968,1153,995,1125,1014,1126,1035,1126,1094,1156,1036,1167,1015,1166,994,1165
3838,h,1,1,831,831,1277,1277,127.93333333333334,868,983,864,1034,864,1088,868,1142,878,1195,897,1240,929,1278,970,1307,1025,1318,1085,1312,1145,1295,1201,1272,1245,1236,1272,1184,1287,1125,1296,1064,1305,1002,875,913,889,876,925,858,965,857,1003,870,1073,870,1117,859,1164,862,1206,880,1230,918,1034,926,1029,950,1023,973,1017,999,978,1052,999,1057,1020,1061,1045,1058,1069,1056,914,954,935,942,960,940,985,950,960,955,935,957,1101,950,1128,940,1155,944,1179,959,1153,959,1126,956,954,1157,970,1116,994,1097,1013,1102,1034,1099,1072,1120,1112,1160,1073,1188,1037,1197,1014,1198,991,1195,969,1185,968,1153,995,1125,1014,1126,1035,1126,1094,1156,1036,1167,1015,1166,994,1165
3839,h,1,1,831,831,1277,1277,127.96666666666667,883,979,879,1029,880,1082,883,1134,891,1185,906,1228,933,1267,969,1297,1019,1308,1079,1306,1141,1290,1198,1268,1245,1233,1276,1182,1292,1122,1301,1060,1310,995,881,906,897,872,930,859,967,860,1002,872,1070,871,1113,860,1159,861,1201,879,1227,914,1031,925,1024,948,1017,970,1010,996,976,1047,995,1052,1015,1055,1039,1053,1064,1051,916,951,935,940,960,938,984,946,960,952,936,954,1101,946,1126,937,1152,942,1176,954,1150,955,1124,952,955,1150,968,1111,990,1093,1009,1097,1030,1094,1066,1115,1105,1153,1067,1182,1032,1190,1009,1191,987,1188,966,1178,968,1146,990,1120,1009,1121,1030,1122,1088,1150,1031,1159,1010,1159,990,1157
3840,h,1,1,831,831,1277,1277,128.0,887,971,881,1020,879,1072,882,1123,889,1175,903,1220,929,1260,967,1290,1016,1302,1075,1299,1136,1287,1193,1265,1239,1229,1270,1180,1287,1122,1297,1061,1305,998,894,900,911,871,942,862,977,864,1007,877,1070,877,1108,863,1152,863,1193,878,1220,910,1031,927,1024,948,1016,969,1008,992,977,1046,995,1050,1014,1053,1038,1051,1063,1049,919,951,938,939,962,936,986,947,962,952,938,954,1100,946,1124,934,1150,938,1174,953,1148,954,1122,951,953,1145,966,1107,989,1088,1008,1092,1027,1089,1064,1110,1104,1147,1065,1173,1030,1181,1008,1182,987,1179,966,1169,967,1141,989,1118,1008,1118,1027,1119,1088,1144,1029,1149,1009,1149,990,1148
3841,h,1,1,831,831,1277,1277,128.03333333333333,883,981,879,1032,879,1085,883,1135,891,1184,907,1225,937,1259,975,1282,1026,1293,1084,1290,1143,1278,1198,1259,1242,1225,1270,1177,1286,1120,1298,1059,1309,996,887,906,902,874,934,859,972,859,1004,872,1072,869,1114,858,1161,860,1202,879,1228,914,1034,921,1027,943,1020,965,1012,989,977,1042,996,1047,1016,1050,1041,1049,1064,1047,917,949,938,939,962,936,988,945,963,950,939,952,1101,944,1129,935,1155,939,1181,952,1153,953,1126,950,952,1135,968,1100,990,1083,1008,1088,1028,1086,1064,1106,1108,1141,1065,1161,1029,1164,1008,1164,988,1162,967,1155,965,1130,991,1109,1008,1111,1028,1112,1091,1137,1029,1137,1009,1136,990,1134
3842,h,1,1,831,831,1277,1277,128.06666666666666,883,981,879,1032,879,1085,883,1135,891,1184,907,1225,937,1259,975,1282,1026,1293,1084,1290,1143,1278,1198,1259,1242,1225,1270,1177,1286,1120,1298,1059,1309,996,887,906,902,874,934,859,972,859,1004,872,1072,869,1114,858,1161,860,1202,879,1228,914,1034,921,1027,943,1020,965,1012,989,977,1042,996,1047,1016,1050,1041,1049,1064,1047,917,949,938,939,962,936,988,945,963,950,939,952,1101,944,1129,935,1155,939,1181,952,1153,953,1126,950,952,1135,968,1100,990,1083,1008,1088,1028,1086,1064,1106,1108,1141,1065,1161,1029,1164,1008,1164,988,1162,967,1155,965,1130,991,1109,1008,1111,1028,1112,1091,1137,1029,1137,1009,1136,990,1134
3843,h,1,1,858,858,1229,1229,128.1,884,980,879,1027,879,1075,881,1122,887,1169,904,1209,935,1239,975,1260,1024,1268,1082,1265,1139,1252,1190,1231,1230,1200,1256,1156,1272,1106,1284,1054,1296,999,887,904,905,872,939,860,975,861,1009,873,1072,869,1112,859,1156,861,1197,879,1222,913,1037,922,1030,944,1023,965,1016,988,981,1039,999,1043,1019,1047,1043,1046,1066,1045,920,947,940,935,965,933,988,945,965,949,940,951,1102,944,1127,933,1153,937,1176,952,1151,952,1125,949,955,1131,973,1096,996,1081,1013,1086,1033,1084,1066,1102,1106,1135,1066,1150,1032,1152,1012,1152,993,1150,972,1145,968,1127,996,1108,1014,1110,1033,1110,1090,1132,1032,1125,1013,1125,995,1123
3844,h,1,1,858,858,1229,1229,128.13333333333333,883,986,880,1034,880,1082,883,1129,889,1174,904,1212,934,1241,974,1259,1023,1266,1079,1263,1137,1251,1189,1231,1228,1200,1252,1156,1266,1106,1278,1054,1290,999,882,911,897,876,929,859,967,857,1000,870,1069,869,1109,858,1153,861,1193,880,1216,916,1031,922,1026,944,1020,965,1013,989,979,1041,998,1045,1017,1048,1040,1046,1062,1045,916,949,936,936,961,935,985,947,961,952,936,953,1098,946,1123,933,1149,936,1172,951,1147,953,1122,951,951,1132,970,1098,994,1082,1011,1087,1030,1084,1064,1102,1105,1133,1064,1146,1031,1147,1010,1148,991,1146,969,1143,964,1127,994,1109,1012,1110,1031,1111,1088,1130,1031,1121,1012,1120,993,1119
3845,h,1,1,858,858,1229,1229,128.16666666666666,893,982,887,1027,884,1074,885,1120,889,1165,903,1205,930,1233,969,1251,1016,1259,1074,1259,1132,1249,1185,1230,1225,1198,1251,1155,1265,1106,1278,1055,1290,1001,908,908,921,878,949,866,981,866,1010,878,1074,875,1110,863,1152,864,1190,881,1213,914,1035,922,1027,945,1019,965,1010,988,980,1039,997,1043,1015,1046,1039,1045,1062,1044,935,950,951,935,973,933,994,947,974,950,952,952,1099,946,1122,930,1146,934,1167,950,1144,951,1120,949,953,1126,972,1096,994,1082,1011,1086,1029,1084,1062,1101,1104,1129,1062,1139,1029,1139,1010,1139,992,1137,971,1134,965,1121,994,1108,1011,1109,1030,1110,1089,1126,1030,1114,1011,1113,994,1112
3846,h,1,1,858,858,1229,1229,128.2,893,982,887,1027,884,1074,885,1120,889,1165,903,1205,930,1233,969,1251,1016,1259,1074,1259,1132,1249,1185,1230,1225,1198,1251,1155,1265,1106,1278,1055,1290,1001,908,908,921,878,949,866,981,866,1010,878,1074,875,1110,863,1152,864,1190,881,1213,914,1035,922,1027,945,1019,965,1010,988,980,1039,997,1043,1015,1046,1039,1045,1062,1044,935,950,951,935,973,933,994,947,974,950,952,952,1099,946,1122,930,1146,934,1167,950,1144,951,1120,949,953,1126,972,1096,994,1082,1011,1086,1029,1084,1062,1101,1104,1129,1062,1139,1029,1139,1010,1139,992,1137,971,1134,965,1121,994,1108,1011,1109,1030,1110,1089,1126,1030,1114,1011,1113,994,1112
3847,h,1,1,858,858,1229,1229,128.23333333333332,885,985,882,1032,881,1080,884,1128,891,1172,908,1210,939,1238,979,1253,1028,1259,1082,1256,1137,1244,1186,1225,1222,1193,1245,1151,1258,1102,1269,1051,1281,998,889,908,907,877,939,864,975,864,1008,876,1073,875,1111,863,1152,863,1191,881,1213,916,1035,923,1030,945,1024,966,1017,990,983,1041,1001,1045,1020,1048,1044,1046,1066,1045,920,950,941,935,965,934,990,948,966,952,941,954,1096,947,1122,933,1148,936,1170,953,1146,954,1121,952,954,1126,976,1096,1000,1083,1017,1088,1037,1086,1068,1101,1109,1130,1068,1139,1037,1139,1016,1139,997,1136,975,1133,967,1121,999,1108,1018,1110,1037,1110,1094,1127,1037,1115,1018,1114,999,1112
3848,h,1,1,831,831,1277,1277,128.26666666666668,881,983,879,1033,879,1084,882,1133,889,1180,907,1219,942,1248,982,1267,1033,1276,1092,1273,1152,1264,1208,1248,1250,1216,1275,1168,1288,1112,1295,1055,1304,994,878,914,892,878,926,862,966,860,1002,872,1072,872,1114,859,1161,861,1203,878,1233,912,1032,921,1026,943,1018,965,1010,989,978,1042,997,1047,1017,1049,1042,1048,1066,1046,916,952,936,942,960,939,988,947,961,951,937,954,1102,945,1129,937,1156,941,1183,953,1154,953,1127,950,954,1126,975,1098,997,1085,1015,1089,1034,1087,1071,1103,1118,1133,1074,1142,1037,1140,1017,1140,997,1137,976,1136,968,1121,998,1106,1016,1108,1035,1109,1103,1128,1036,1119,1017,1117,998,1115
3849,h,1,1,831,831,1277,1277,128.3,872,983,868,1033,868,1085,873,1135,884,1182,904,1220,937,1248,978,1266,1030,1274,1088,1272,1147,1263,1203,1246,1246,1214,1272,1166,1285,1110,1293,1052,1300,992,877,909,894,874,929,859,969,859,1004,873,1072,872,1113,860,1158,861,1199,877,1227,910,1033,922,1028,944,1021,965,1014,988,979,1042,999,1047,1019,1050,1043,1048,1067,1046,914,949,936,939,961,937,986,948,960,953,935,954,1101,948,1127,937,1154,940,1179,954,1153,957,1126,954,955,1125,976,1097,998,1085,1016,1089,1037,1087,1072,1103,1116,1132,1075,1142,1040,1141,1018,1141,997,1138,977,1136,969,1121,998,1106,1017,1108,1037,1109,1101,1128,1039,1121,1018,1119,999,1117
3850,h,1,1,831,831,1277,1277,128.33333333333334,872,983,868,1033,868,1085,873,1135,884,1182,904,1220,937,1248,978,1266,1030,1274,1088,1272,1147,1263,1203,1246,1246,1214,1272,1166,1285,1110,1293,1052,1300,992,877,909,894,874,929,859,969,859,1004,873,1072,872,1113,860,1158,861,1199,877,1227,910,1033,922,1028,944,1021,965,1014,988,979,1042,999,1047,1019,1050,1043,1048,1067,1046,914,949,936,939,961,937,986,948,960,953,935,954,1101,948,1127,937,1154,940,1179,954,1153,957,1126,954,955,1125,976,1097,998,1085,1016,1089,1037,1087,1072,1103,1116,1132,1075,1142,1040,1141,1018,1141,997,1138,977,1136,969,1121,998,1106,1017,1108,1037,1109,1101,1128,1039,1121,1018,1119,999,1117
3851,h,1,1,831,831,1277,1277,128.36666666666667,887,982,882,1030,881,1080,884,1129,892,1177,908,1215,938,1246,977,1263,1026,1270,1084,1267,1145,1259,1202,1243,1246,1212,1273,1166,1287,1110,1295,1053,1303,994,895,911,909,879,939,865,975,865,1007,876,1070,875,1110,862,1155,863,1197,879,1226,911,1035,925,1028,947,1019,968,1011,991,980,1044,997,1047,1016,1050,1040,1049,1064,1048,926,954,944,942,968,940,993,951,969,956,945,958,1103,949,1128,937,1154,940,1180,954,1153,957,1127,955,953,1127,974,1099,995,1086,1013,1090,1031,1088,1064,1103,1109,1131,1065,1140,1032,1138,1013,1138,995,1136,975,1136,967,1121,996,1109,1013,1111,1031,1111,1094,1127,1032,1115,1014,1114,996,1113
3852,h,1,1,831,831,1277,1277,128.4,885,976,880,1026,878,1076,880,1126,887,1174,903,1215,935,1244,976,1263,1028,1271,1088,1268,1149,1258,1206,1240,1249,1207,1275,1161,1289,1105,1298,1048,1308,989,883,906,899,872,933,861,971,863,1006,875,1071,873,1115,860,1161,861,1204,875,1235,908,1035,924,1028,946,1020,967,1012,990,979,1042,997,1048,1016,1051,1041,1049,1065,1047,915,950,936,940,962,938,988,947,962,953,937,955,1103,947,1132,937,1159,941,1186,953,1157,956,1129,953,955,1128,975,1100,996,1086,1013,1091,1032,1089,1066,1105,1110,1135,1066,1141,1031,1139,1012,1138,994,1136,975,1136,968,1123,996,1110,1014,1112,1032,1112,1095,1130,1031,1116,1013,1115,996,1114
3853,h,1,1,831,831,1277,1277,128.43333333333334,885,976,880,1026,878,1076,880,1126,887,1174,903,1215,935,1244,976,1263,1028,1271,1088,1268,1149,1258,1206,1240,1249,1207,1275,1161,1289,1105,1298,1048,1308,989,883,906,899,872,933,861,971,863,1006,875,1071,873,1115,860,1161,861,1204,875,1235,908,1035,924,1028,946,1020,967,1012,990,979,1042,997,1048,1016,1051,1041,1049,1065,1047,915,950,936,940,962,938,988,947,962,953,937,955,1103,947,1132,937,1159,941,1186,953,1157,956,1129,953,955,1128,975,1100,996,1086,1013,1091,1032,1089,1066,1105,1110,1135,1066,1141,1031,1139,1012,1138,994,1136,975,1136,968,1123,996,1110,1014,1112,1032,1112,1095,1130,1031,1116,1013,1115,996,1114
3854,h,1,1,831,831,1277,1277,128.46666666666667,880,993,879,1043,880,1092,883,1142,891,1187,907,1224,937,1253,977,1270,1028,1278,1086,1275,1146,1267,1202,1251,1245,1220,1272,1173,1287,1117,1296,1059,1306,999,879,917,893,880,927,863,966,862,1001,874,1072,872,1114,860,1160,862,1203,880,1231,916,1034,926,1028,948,1021,968,1013,991,981,1047,999,1050,1018,1053,1042,1051,1066,1050,914,956,935,944,960,942,986,954,960,958,935,960,1103,951,1128,938,1156,941,1182,956,1155,958,1127,956,953,1133,975,1103,997,1088,1015,1091,1034,1089,1069,1105,1113,1136,1070,1143,1036,1142,1015,1143,996,1141,975,1142,967,1128,998,1111,1015,1112,1034,1112,1097,1132,1035,1120,1016,1120,998,1119
3855,h,1,1,831,831,1277,1277,128.5,871,992,869,1042,870,1090,874,1140,883,1185,902,1222,934,1250,976,1266,1029,1275,1089,1272,1149,1264,1206,1246,1248,1213,1274,1164,1288,1108,1296,1051,1304,990,875,911,891,877,926,861,966,859,1002,871,1072,870,1116,858,1163,858,1206,873,1236,906,1035,924,1029,947,1023,969,1016,993,979,1047,999,1051,1020,1054,1045,1052,1070,1050,905,957,927,945,954,942,982,951,955,956,929,959,1104,949,1134,939,1162,942,1190,954,1161,957,1132,955,948,1133,972,1100,997,1086,1017,1090,1040,1089,1076,1105,1120,1137,1076,1148,1040,1148,1016,1148,995,1145,972,1143,961,1127,997,1110,1018,1112,1039,1113,1104,1133,1040,1124,1017,1123,996,1122
3856,h,1,1,831,831,1277,1277,128.53333333333333,884,985,881,1035,882,1087,884,1137,892,1184,910,1222,940,1252,978,1270,1030,1277,1090,1275,1150,1265,1205,1247,1247,1215,1272,1168,1286,1114,1296,1058,1306,998,881,911,895,875,929,861,969,861,1004,875,1068,873,1112,860,1159,861,1201,879,1230,915,1033,925,1027,947,1021,968,1014,991,978,1046,998,1050,1018,1053,1043,1052,1068,1050,914,952,935,941,960,939,986,950,960,956,935,957,1102,950,1128,939,1156,942,1182,956,1155,960,1127,957,951,1132,973,1102,996,1088,1014,1093,1035,1090,1070,1107,1115,1137,1071,1146,1036,1146,1015,1145,995,1143,974,1142,965,1127,996,1113,1015,1115,1035,1115,1100,1133,1036,1122,1015,1122,996,1120
3857,h,1,1,831,831,1277,1277,128.56666666666666,884,985,881,1035,882,1087,884,1137,892,1184,910,1222,940,1252,978,1270,1030,1277,1090,1275,1150,1265,1205,1247,1247,1215,1272,1168,1286,1114,1296,1058,1306,998,881,911,895,875,929,861,969,861,1004,875,1068,873,1112,860,1159,861,1201,879,1230,915,1033,925,1027,947,1021,968,1014,991,978,1046,998,1050,1018,1053,1043,1052,1068,1050,914,952,935,941,960,939,986,950,960,956,935,957,1102,950,1128,939,1156,942,1182,956,1155,960,1127,957,951,1132,973,1102,996,1088,1014,1093,1035,1090,1070,1107,1115,1137,1071,1146,1036,1146,1015,1145,995,1143,974,1142,965,1127,996,1113,1015,1115,1035,1115,1100,1133,1036,1122,1015,1122,996,1120
3858,h,1,1,831,831,1277,1277,128.6,883,985,879,1034,879,1085,881,1135,888,1182,906,1221,935,1251,976,1271,1029,1278,1089,1274,1149,1264,1205,1248,1248,1217,1275,1170,1289,1116,1298,1058,1307,1000,877,915,891,878,926,863,965,863,1002,876,1072,874,1116,862,1162,863,1205,880,1234,915,1034,927,1028,949,1020,970,1013,993,978,1048,998,1052,1017,1055,1042,1053,1066,1052,912,954,933,943,959,941,985,952,959,956,933,958,1103,951,1131,939,1158,942,1184,956,1157,958,1130,956,950,1133,972,1104,995,1090,1014,1095,1035,1093,1071,1108,1115,1137,1071,1145,1035,1143,1014,1143,993,1141,972,1140,963,1128,995,1115,1014,1117,1035,1117,1100,1133,1035,1120,1015,1119,995,1117
3859,h,1,1,831,831,1277,1277,128.63333333333333,881,983,877,1033,878,1084,880,1134,888,1181,905,1221,938,1252,978,1272,1029,1280,1088,1277,1148,1268,1202,1250,1245,1218,1273,1170,1288,1115,1296,1057,1305,997,885,910,901,878,934,866,970,867,1003,879,1072,877,1111,864,1155,864,1196,880,1225,911,1033,926,1026,948,1020,970,1013,994,978,1047,997,1051,1016,1054,1041,1053,1065,1052,918,953,938,942,961,940,985,950,961,955,938,956,1102,949,1126,937,1152,940,1177,953,1150,955,1125,953,953,1132,974,1104,995,1090,1013,1094,1033,1093,1068,1108,1112,1137,1068,1145,1034,1143,1014,1143,994,1140,974,1139,965,1127,995,1114,1014,1116,1033,1116,1098,1133,1034,1121,1014,1120,995,1118
3860,h,1,1,831,831,1277,1277,128.66666666666666,882,988,879,1039,880,1091,884,1141,892,1187,911,1225,942,1253,981,1269,1033,1277,1091,1275,1151,1266,1205,1248,1248,1216,1274,1168,1288,1111,1296,1054,1305,994,878,911,893,876,927,861,966,861,1001,874,1071,874,1115,860,1162,859,1206,874,1235,909,1033,927,1027,950,1020,971,1013,995,978,1049,999,1053,1019,1056,1044,1054,1068,1053,911,955,932,944,958,942,984,952,958,958,932,960,1104,952,1131,940,1159,943,1186,956,1158,960,1130,958,952,1134,974,1103,997,1089,1015,1093,1035,1092,1072,1109,1118,1140,1073,1151,1036,1150,1015,1149,996,1146,974,1144,965,1128,997,1113,1016,1115,1036,1116,1102,1135,1036,1127,1016,1126,997,1123
3861,h,1,1,831,831,1277,1277,128.7,882,988,879,1039,880,1091,884,1141,892,1187,911,1225,942,1253,981,1269,1033,1277,1091,1275,1151,1266,1205,1248,1248,1216,1274,1168,1288,1111,1296,1054,1305,994,878,911,893,876,927,861,966,861,1001,874,1071,874,1115,860,1162,859,1206,874,1235,909,1033,927,1027,950,1020,971,1013,995,978,1049,999,1053,1019,1056,1044,1054,1068,1053,911,955,932,944,958,942,984,952,958,958,932,960,1104,952,1131,940,1159,943,1186,956,1158,960,1130,958,952,1134,974,1103,997,1089,1015,1093,1035,1092,1072,1109,1118,1140,1073,1151,1036,1150,1015,1149,996,1146,974,1144,965,1128,997,1113,1016,1115,1036,1116,1102,1135,1036,1127,1016,1126,997,1123
3862,h,1,1,831,831,1277,1277,128.73333333333332,883,977,880,1027,881,1078,882,1128,888,1176,904,1216,935,1246,974,1265,1026,1274,1084,1270,1144,1260,1200,1244,1245,1214,1274,1167,1290,1112,1299,1054,1310,994,880,912,894,877,928,861,967,862,1004,874,1073,873,1117,861,1164,859,1208,874,1237,909,1033,926,1026,948,1018,969,1010,992,976,1046,996,1050,1016,1054,1041,1052,1067,1050,912,954,934,944,959,941,986,950,959,955,934,957,1104,949,1133,939,1160,943,1188,955,1158,957,1130,954,951,1133,971,1104,993,1090,1011,1094,1030,1092,1066,1108,1112,1136,1068,1146,1032,1146,1012,1145,993,1144,972,1143,964,1128,993,1113,1011,1115,1030,1115,1096,1132,1031,1122,1013,1121,994,1120
3863,h,1,1,831,831,1277,1277,128.76666666666668,871,986,867,1037,866,1091,869,1143,881,1190,902,1228,935,1256,976,1273,1029,1280,1086,1275,1143,1266,1198,1249,1241,1217,1269,1170,1284,1115,1291,1057,1299,997,878,918,892,880,929,863,970,863,1007,875,1067,874,1109,862,1154,863,1196,881,1222,916,1033,925,1028,947,1022,968,1015,991,978,1046,998,1050,1018,1052,1044,1051,1068,1049,913,953,936,942,961,939,986,950,961,955,936,957,1097,949,1124,938,1151,941,1174,954,1148,956,1122,953,950,1134,972,1103,997,1089,1017,1093,1039,1091,1074,1106,1116,1137,1074,1145,1039,1147,1016,1147,995,1145,972,1143,963,1128,997,1112,1017,1114,1039,1114,1101,1132,1039,1125,1017,1125,996,1124
3864,h,1,1,831,831,1277,1277,128.8,895,985,887,1034,884,1084,887,1131,894,1176,908,1216,934,1247,970,1268,1017,1278,1073,1277,1132,1268,1189,1252,1236,1222,1267,1179,1283,1126,1293,1067,1302,1007,911,912,924,883,952,871,983,871,1012,883,1074,880,1111,868,1153,868,1191,884,1218,916,1034,928,1027,950,1018,970,1009,993,980,1046,997,1050,1015,1053,1040,1051,1065,1048,936,958,952,943,973,940,994,952,973,956,952,958,1101,950,1124,937,1148,940,1170,956,1145,956,1122,954,954,1134,974,1105,996,1090,1013,1094,1030,1091,1064,1105,1107,1135,1064,1143,1031,1144,1013,1144,995,1143,975,1141,967,1129,996,1115,1013,1116,1030,1116,1092,1131,1031,1119,1014,1119,996,1118
3865,h,1,1,831,831,1277,1277,128.83333333333334,895,985,887,1034,884,1084,887,1131,894,1176,908,1216,934,1247,970,1268,1017,1278,1073,1277,1132,1268,1189,1252,1236,1222,1267,1179,1283,1126,1293,1067,1302,1007,911,912,924,883,952,871,983,871,1012,883,1074,880,1111,868,1153,868,1191,884,1218,916,1034,928,1027,950,1018,970,1009,993,980,1046,997,1050,1015,1053,1040,1051,1065,1048,936,958,952,943,973,940,994,952,973,956,952,958,1101,950,1124,937,1148,940,1170,956,1145,956,1122,954,954,1134,974,1105,996,1090,1013,1094,1030,1091,1064,1105,1107,1135,1064,1143,1031,1144,1013,1144,995,1143,975,1141,967,1129,996,1115,1013,1116,1030,1116,1092,1131,1031,1119,1014,1119,996,1118
3866,h,1,1,831,831,1277,1277,128.86666666666667,887,982,885,1031,885,1082,888,1131,895,1178,912,1216,944,1243,985,1259,1036,1267,1094,1264,1154,1257,1210,1241,1252,1210,1279,1164,1293,1109,1303,1051,1314,990,884,908,900,875,934,862,973,862,1007,874,1078,872,1122,860,1170,858,1214,872,1245,906,1037,925,1030,947,1022,968,1014,992,981,1047,1001,1051,1020,1053,1045,1052,1070,1051,913,953,936,942,962,939,991,950,963,955,936,957,1110,948,1140,936,1169,939,1198,952,1168,956,1138,954,957,1134,976,1102,998,1087,1017,1091,1037,1088,1073,1106,1118,1140,1074,1147,1039,1146,1017,1145,997,1143,977,1142,971,1129,998,1112,1018,1114,1038,1114,1102,1135,1039,1120,1018,1119,998,1117
3867,h,1,1,831,831,1277,1277,128.9,878,986,874,1036,875,1088,879,1139,890,1187,909,1227,941,1256,982,1273,1035,1280,1092,1275,1151,1266,1208,1249,1251,1217,1278,1170,1293,1115,1302,1058,1311,998,883,908,898,872,932,852,972,849,1008,861,1078,861,1122,850,1170,849,1213,867,1240,904,1039,918,1033,943,1026,965,1019,991,981,1043,1001,1047,1022,1050,1048,1048,1072,1047,917,948,938,936,964,933,990,944,964,949,938,951,1108,943,1137,930,1164,933,1189,948,1162,950,1134,948,952,1135,974,1102,997,1087,1016,1091,1037,1088,1072,1105,1115,1137,1073,1144,1038,1144,1017,1144,997,1143,975,1143,965,1129,998,1112,1017,1113,1037,1113,1099,1132,1038,1120,1017,1120,998,1119
3868,h,1,1,831,831,1277,1277,128.93333333333334,878,986,874,1036,875,1088,879,1139,890,1187,909,1227,941,1256,982,1273,1035,1280,1092,1275,1151,1266,1208,1249,1251,1217,1278,1170,1293,1115,1302,1058,1311,998,883,908,898,872,932,852,972,849,1008,861,1078,861,1122,850,1170,849,1213,867,1240,904,1039,918,1033,943,1026,965,1019,991,981,1043,1001,1047,1022,1050,1048,1048,1072,1047,917,948,938,936,964,933,990,944,964,949,938,951,1108,943,1137,930,1164,933,1189,948,1162,950,1134,948,952,1135,974,1102,997,1087,1016,1091,1037,1088,1072,1105,1115,1137,1073,1144,1038,1144,1017,1144,997,1143,975,1143,965,1129,998,1112,1017,1113,1037,1113,1099,1132,1038,1120,1017,1120,998,1119
3869,h,1,1,831,831,1277,1277,128.96666666666667,889,986,885,1036,884,1087,886,1138,894,1185,912,1224,944,1253,985,1271,1037,1279,1095,1276,1156,1266,1211,1247,1253,1215,1279,1168,1294,1112,1303,1055,1312,995,887,902,903,869,937,854,976,855,1010,868,1080,864,1122,851,1169,850,1212,866,1240,902,1040,918,1034,941,1027,963,1019,987,984,1042,1003,1046,1023,1049,1048,1048,1071,1046,919,945,940,933,966,930,991,942,966,946,941,948,1110,941,1138,928,1166,931,1191,946,1164,949,1137,946,954,1131,976,1099,999,1084,1017,1089,1038,1087,1075,1104,1120,1136,1076,1143,1040,1143,1018,1142,998,1140,976,1138,967,1126,999,1110,1018,1112,1038,1112,1104,1132,1039,1118,1019,1117,1000,1116
3870,h,1,1,831,831,1277,1277,129.0,888,989,885,1038,886,1088,888,1137,897,1184,914,1220,946,1247,986,1263,1037,1270,1093,1267,1154,1258,1212,1241,1254,1208,1280,1161,1294,1106,1302,1048,1310,989,889,907,903,872,936,853,974,850,1009,861,1079,862,1122,850,1168,849,1210,865,1238,900,1039,916,1034,939,1028,961,1021,986,986,1039,1006,1044,1026,1046,1050,1044,1074,1043,919,946,939,930,966,927,993,941,967,945,940,948,1109,939,1136,922,1164,924,1190,941,1163,945,1135,943,954,1129,978,1099,1001,1083,1020,1088,1039,1085,1074,1102,1119,1133,1074,1139,1039,1138,1019,1138,999,1137,977,1138,967,1123,1001,1106,1020,1108,1040,1108,1104,1128,1039,1115,1019,1114,1001,1114
3871,h,1,1,831,782,1277,1228,129.03333333333333,899,967,893,1017,889,1068,890,1119,897,1167,914,1204,945,1234,985,1254,1036,1262,1095,1260,1157,1249,1214,1231,1258,1202,1284,1156,1297,1102,1305,1046,1314,988,906,889,919,859,950,845,985,844,1016,858,1087,858,1129,847,1173,848,1213,867,1235,902,1046,917,1040,939,1032,961,1024,984,989,1034,1007,1040,1027,1043,1051,1043,1075,1042,937,937,956,922,980,922,1002,938,980,940,956,941,1112,939,1136,923,1163,926,1186,943,1161,945,1135,943,962,1123,981,1092,1004,1079,1021,1084,1039,1082,1073,1100,1117,1131,1073,1137,1040,1136,1020,1134,1002,1132,981,1129,974,1117,1004,1105,1022,1107,1040,1108,1102,1126,1040,1112,1022,1110,1003,1108
3872,h,1,1,831,782,1277,1228,129.06666666666666,899,967,893,1017,889,1068,890,1119,897,1167,914,1204,945,1234,985,1254,1036,1262,1095,1260,1157,1249,1214,1231,1258,1202,1284,1156,1297,1102,1305,1046,1314,988,906,889,919,859,950,845,985,844,1016,858,1087,858,1129,847,1173,848,1213,867,1235,902,1046,917,1040,939,1032,961,1024,984,989,1034,1007,1040,1027,1043,1051,1043,1075,1042,937,937,956,922,980,922,1002,938,980,940,956,941,1112,939,1136,923,1163,926,1186,943,1161,945,1135,943,962,1123,981,1092,1004,1079,1021,1084,1039,1082,1073,1100,1117,1131,1073,1137,1040,1136,1020,1134,1002,1132,981,1129,974,1117,1004,1105,1022,1107,1040,1108,1102,1126,1040,1112,1022,1110,1003,1108
3873,h,1,1,831,831,1277,1277,129.1,896,973,889,1025,888,1076,889,1127,896,1175,914,1215,946,1248,986,1267,1039,1274,1099,1270,1160,1259,1214,1239,1255,1206,1281,1159,1295,1103,1303,1047,1312,989,895,895,913,862,948,848,987,849,1021,863,1086,862,1130,848,1175,847,1217,864,1243,901,1050,910,1044,934,1036,957,1029,982,992,1033,1011,1039,1032,1043,1056,1041,1080,1039,932,934,953,920,978,919,1002,933,979,936,954,937,1113,935,1140,920,1168,923,1192,940,1167,942,1140,940,960,1121,982,1089,1006,1076,1025,1080,1047,1079,1084,1097,1127,1130,1084,1140,1047,1141,1024,1141,1004,1138,981,1134,973,1117,1006,1100,1025,1103,1047,1104,1113,1126,1048,1118,1025,1117,1006,1116
3952,h,1,1,980,782,1426,1228,131.73333333333332,1024,940,1011,987,999,1036,992,1087,995,1136,1014,1175,1051,1201,1093,1220,1144,1235,1203,1243,1269,1244,1328,1238,1368,1213,1396,1174,1415,1126,1432,1078,1449,1028,1060,848,1082,817,1117,799,1157,801,1191,818,1250,840,1296,838,1344,852,1380,883,1397,928,1204,879,1194,899,1184,918,1173,940,1131,986,1149,994,1168,1001,1193,1006,1217,1009,1086,883,1110,873,1135,876,1156,895,1131,891,1106,888,1263,923,1295,914,1323,923,1344,947,1315,941,1288,931,1092,1073,1113,1038,1139,1029,1155,1039,1174,1041,1208,1071,1243,1120,1198,1112,1161,1100,1142,1093,1123,1085,1104,1077,1104,1069,1134,1057,1153,1064,1170,1070,1228,1110,1166,1075,1149,1067,1131,1060
3953,h,1,1,980,782,1426,1228,131.76666666666668,1024,953,1012,999,1002,1045,998,1093,1004,1136,1026,1170,1063,1193,1102,1213,1151,1229,1208,1239,1271,1244,1331,1239,1373,1214,1401,1174,1419,1127,1436,1078,1453,1028,1057,851,1077,818,1111,798,1150,799,1184,815,1244,838,1291,834,1340,847,1377,879,1398,924,1199,880,1190,900,1181,918,1172,939,1134,988,1151,996,1169,1001,1193,1005,1217,1009,1080,891,1103,877,1128,879,1153,898,1125,896,1099,894,1263,924,1296,914,1324,923,1345,948,1317,942,1289,933,1103,1081,1121,1043,1143,1032,1160,1041,1179,1044,1213,1075,1250,1125,1205,1117,1168,1103,1150,1096,1132,1087,1115,1079,1117,1076,1141,1061,1158,1067,1175,1074,1234,1114,1173,1078,1155,1068,1138,1061
3957,h,1,1,980,782,1426,1228,131.9,1033,925,1017,974,1004,1025,993,1077,992,1128,1008,1169,1042,1199,1082,1221,1132,1238,1193,1248,1261,1251,1322,1246,1366,1223,1397,1183,1418,1136,1437,1088,1457,1037,1065,842,1088,811,1125,796,1165,800,1199,821,1259,848,1306,846,1353,860,1390,893,1408,937,1210,885,1199,905,1188,924,1176,946,1135,989,1151,997,1167,1005,1192,1011,1215,1015,1090,880,1113,870,1139,875,1160,896,1133,890,1107,886,1270,929,1303,921,1330,932,1350,956,1321,948,1294,938,1089,1069,1112,1039,1138,1029,1154,1039,1171,1043,1203,1073,1240,1122,1191,1114,1155,1100,1136,1092,1119,1084,1101,1075,1101,1067,1133,1058,1150,1065,1166,1072,1225,1112,1162,1078,1145,1069,1128,1062
3958,h,1,1,980,782,1426,1228,131.93333333333334,1033,925,1017,974,1004,1025,993,1077,992,1128,1008,1169,1042,1199,1082,1221,1132,1238,1193,1248,1261,1251,1322,1246,1366,1223,1397,1183,1418,1136,1437,1088,1457,1037,1065,842,1088,811,1125,796,1165,800,1199,821,1259,848,1306,846,1353,860,1390,893,1408,937,1210,885,1199,905,1188,924,1176,946,1135,989,1151,997,1167,1005,1192,1011,1215,1015,1090,880,1113,870,1139,875,1160,896,1133,890,1107,886,1270,929,1303,921,1330,932,1350,956,1321,948,1294,938,1089,1069,1112,1039,1138,1029,1154,1039,1171,1043,1203,1073,1240,1122,1191,1114,1155,1100,1136,1092,1119,1084,1101,1075,1101,1067,1133,1058,1150,1065,1166,1072,1225,1112,1162,1078,1145,1069,1128,1062
3959,h,1,1,980,782,1426,1228,131.96666666666667,1033,939,1017,987,1004,1038,998,1089,1002,1138,1020,1177,1056,1205,1095,1223,1145,1239,1204,1247,1269,1248,1327,1242,1368,1219,1396,1180,1416,1134,1435,1089,1454,1041,1068,847,1091,818,1126,803,1166,806,1200,825,1261,850,1306,849,1350,862,1385,891,1403,931,1214,888,1204,907,1192,924,1181,945,1141,989,1157,998,1173,1006,1196,1011,1218,1014,1096,890,1119,881,1142,885,1162,901,1137,896,1114,893,1272,931,1303,926,1328,937,1348,958,1321,950,1295,941,1102,1079,1121,1043,1145,1033,1159,1042,1176,1046,1208,1078,1241,1128,1196,1123,1162,1108,1145,1099,1128,1091,1111,1083,1116,1076,1141,1062,1156,1068,1172,1076,1226,1118,1168,1082,1152,1073,1136,1066
3963,h,1,1,980,782,1426,1228,132.1,1040,923,1021,972,1005,1025,994,1077,994,1127,1007,1167,1037,1197,1073,1219,1121,1238,1181,1249,1247,1254,1310,1249,1357,1229,1389,1193,1413,1149,1432,1103,1453,1053,1074,840,1097,810,1134,796,1174,802,1206,826,1269,852,1315,849,1361,865,1397,898,1412,945,1219,888,1207,907,1193,924,1179,944,1133,990,1150,999,1167,1009,1193,1014,1217,1018,1101,881,1125,873,1149,879,1171,900,1144,895,1118,889,1273,933,1304,926,1331,938,1351,962,1322,955,1296,944,1077,1068,1106,1041,1135,1034,1151,1043,1169,1047,1201,1078,1236,1125,1188,1118,1152,1105,1133,1096,1115,1088,1093,1077,1091,1066,1129,1059,1146,1067,1164,1074,1220,1115,1160,1083,1142,1074,1125,1067
3964,h,1,1,980,782,1426,1228,132.13333333333333,1038,919,1020,967,1003,1017,991,1069,988,1120,1001,1163,1032,1192,1070,1216,1119,1236,1180,1247,1249,1250,1314,1245,1362,1223,1395,1184,1418,1138,1438,1091,1455,1041,1067,835,1092,808,1127,796,1166,802,1198,822,1265,847,1309,845,1355,860,1389,889,1408,929,1211,885,1199,905,1186,923,1173,945,1129,991,1146,999,1164,1007,1189,1013,1212,1016,1090,883,1115,876,1140,880,1162,899,1135,893,1109,889,1270,930,1303,925,1329,936,1350,958,1320,950,1294,940,1073,1067,1103,1043,1132,1034,1148,1043,1166,1046,1199,1076,1236,1121,1187,1120,1149,1109,1130,1101,1111,1093,1090,1083,1086,1066,1127,1060,1144,1067,1161,1074,1221,1113,1157,1084,1139,1075,1121,1069
3965,h,1,1,980,782,1426,1228,132.16666666666666,1034,923,1016,971,1000,1022,988,1074,986,1124,999,1164,1030,1195,1068,1218,1119,1238,1181,1247,1250,1251,1313,1246,1360,1225,1393,1188,1415,1141,1434,1093,1452,1044,1068,840,1092,813,1126,799,1164,803,1196,822,1256,849,1301,847,1348,861,1383,892,1401,935,1205,885,1194,904,1182,922,1170,943,1126,991,1144,999,1162,1008,1188,1012,1213,1015,1088,885,1112,877,1137,881,1159,899,1131,894,1106,890,1267,930,1299,925,1325,935,1347,957,1317,948,1290,938,1070,1067,1102,1041,1131,1033,1148,1042,1167,1045,1201,1075,1238,1121,1189,1119,1150,1109,1130,1102,1111,1094,1088,1083,1083,1066,1126,1059,1144,1066,1162,1073,1222,1113,1157,1086,1139,1078,1120,1071
3966,h,1,1,980,782,1426,1228,132.2,1034,923,1016,971,1000,1022,988,1074,986,1124,999,1164,1030,1195,1068,1218,1119,1238,1181,1247,1250,1251,1313,1246,1360,1225,1393,1188,1415,1141,1434,1093,1452,1044,1068,840,1092,813,1126,799,1164,803,1196,822,1256,849,1301,847,1348,861,1383,892,1401,935,1205,885,1194,904,1182,922,1170,943,1126,991,1144,999,1162,1008,1188,1012,1213,1015,1088,885,1112,877,1137,881,1159,899,1131,894,1106,890,1267,930,1299,925,1325,935,1347,957,1317,948,1290,938,1070,1067,1102,1041,1131,1033,1148,1042,1167,1045,1201,1075,1238,1121,1189,1119,1150,1109,1130,1102,1111,1094,1088,1083,1083,1066,1126,1059,1144,1066,1162,1073,1222,1113,1157,1086,1139,1078,1120,1071
3967,h,1,1,980,782,1426,1228,132.23333333333332,1028,931,1012,980,998,1031,988,1083,987,1133,1002,1173,1033,1203,1070,1227,1119,1248,1180,1258,1248,1258,1312,1252,1360,1229,1392,1192,1415,1144,1435,1097,1453,1047,1062,841,1085,811,1119,797,1157,800,1190,821,1256,848,1300,844,1346,859,1381,891,1399,936,1202,884,1191,904,1179,924,1167,946,1124,991,1141,1000,1161,1007,1186,1012,1211,1015,1087,884,1110,875,1134,879,1156,898,1130,892,1105,888,1264,929,1296,924,1322,934,1343,958,1313,948,1287,938,1070,1069,1102,1043,1130,1033,1147,1043,1165,1045,1198,1075,1235,1123,1187,1121,1149,1111,1131,1104,1112,1096,1089,1086,1083,1068,1126,1059,1143,1066,1160,1073,1219,1114,1156,1089,1139,1080,1121,1074
3968,h,1,1,980,782,1426,1228,132.26666666666668,1033,921,1015,968,1000,1019,988,1071,985,1123,998,1164,1029,1197,1069,1221,1120,1241,1180,1251,1247,1253,1310,1246,1357,1224,1390,1185,1414,1140,1434,1094,1455,1046,1066,837,1089,808,1125,795,1164,800,1196,820,1263,846,1308,845,1353,861,1388,893,1406,937,1210,885,1198,905,1186,923,1174,944,1128,990,1145,999,1163,1007,1189,1013,1213,1017,1085,883,1109,875,1136,880,1158,899,1130,893,1104,888,1267,932,1302,926,1328,937,1350,960,1319,952,1292,942,1069,1068,1102,1040,1132,1031,1148,1040,1167,1045,1200,1075,1237,1123,1186,1121,1148,1110,1128,1102,1109,1093,1087,1083,1083,1066,1126,1058,1143,1066,1161,1073,1221,1114,1156,1087,1137,1078,1120,1072
3969,h,1,1,980,782,1426,1228,132.3,1028,920,1012,968,999,1020,988,1072,985,1122,998,1164,1027,1196,1067,1218,1119,1236,1181,1246,1250,1249,1314,1243,1361,1220,1392,1181,1414,1135,1434,1087,1454,1038,1055,843,1077,808,1116,793,1158,798,1192,821,1259,847,1305,843,1354,858,1391,891,1409,937,1208,886,1197,906,1185,926,1172,948,1124,993,1143,1001,1163,1010,1189,1014,1214,1017,1080,883,1105,871,1132,876,1156,898,1127,893,1099,888,1266,929,1302,921,1330,931,1351,955,1321,947,1293,937,1067,1070,1099,1043,1127,1033,1146,1042,1166,1044,1200,1074,1237,1120,1187,1117,1150,1106,1129,1099,1108,1092,1086,1083,1081,1068,1122,1060,1142,1066,1161,1072,1221,1111,1157,1084,1138,1076,1117,1070
3970,h,1,1,980,782,1426,1228,132.33333333333334,1028,920,1012,968,999,1020,988,1072,985,1122,998,1164,1027,1196,1067,1218,1119,1236,1181,1246,1250,1249,1314,1243,1361,1220,1392,1181,1414,1135,1434,1087,1454,1038,1055,843,1077,808,1116,793,1158,798,1192,821,1259,847,1305,843,1354,858,1391,891,1409,937,1208,886,1197,906,1185,926,1172,948,1124,993,1143,1001,1163,1010,1189,1014,1214,1017,1080,883,1105,871,1132,876,1156,898,1127,893,1099,888,1266,929,1302,921,1330,931,1351,955,1321,947,1293,937,1067,1070,1099,1043,1127,1033,1146,1042,1166,1044,1200,1074,1237,1120,1187,1117,1150,1106,1129,1099,1108,1092,1086,1083,1081,1068,1122,1060,1142,1066,1161,1072,1221,1111,1157,1084,1138,1076,1117,1070
3971,h,1,1,980,782,1426,1228,132.36666666666667,1031,923,1012,972,998,1024,987,1076,985,1126,1001,1167,1034,1199,1074,1224,1126,1243,1186,1254,1254,1254,1316,1246,1361,1222,1392,1184,1414,1138,1432,1091,1451,1041,1063,840,1088,809,1126,794,1168,799,1201,824,1263,850,1307,845,1354,860,1390,891,1407,935,1216,886,1205,905,1193,924,1181,944,1134,992,1151,1000,1169,1009,1193,1014,1217,1019,1090,882,1115,875,1140,880,1161,899,1134,893,1109,888,1274,931,1307,926,1332,936,1351,957,1323,950,1298,940,1079,1070,1110,1043,1139,1034,1154,1044,1172,1047,1205,1077,1241,1123,1193,1120,1156,1108,1138,1101,1119,1092,1098,1083,1094,1069,1133,1062,1149,1068,1167,1076,1225,1114,1164,1084,1146,1075,1130,1068
3972,h,1,1,980,782,1426,1228,132.4,1026,929,1010,979,997,1032,988,1085,988,1136,1005,1176,1039,1209,1081,1231,1133,1247,1195,1256,1260,1254,1321,1245,1365,1220,1394,1180,1415,1133,1434,1084,1454,1034,1054,855,1077,820,1117,802,1160,804,1196,825,1263,847,1308,844,1354,858,1391,889,1408,932,1214,888,1204,909,1193,928,1181,950,1135,998,1153,1005,1172,1012,1197,1016,1221,1020,1088,894,1112,884,1137,887,1161,904,1134,900,1108,897,1271,931,1304,925,1329,935,1350,957,1321,949,1296,940,1077,1074,1109,1046,1141,1037,1159,1046,1178,1049,1212,1078,1249,1123,1201,1122,1164,1112,1143,1106,1123,1098,1097,1088,1091,1072,1136,1064,1155,1071,1174,1077,1233,1116,1170,1089,1151,1082,1131,1076
3973,h,1,1,980,782,1426,1228,132.43333333333334,1023,936,1009,985,996,1036,989,1087,991,1136,1008,1175,1044,1203,1084,1223,1135,1240,1196,1249,1260,1250,1319,1244,1362,1219,1390,1181,1411,1135,1429,1087,1446,1038,1050,855,1072,819,1111,800,1155,803,1191,825,1257,848,1302,841,1349,856,1386,886,1404,930,1210,886,1201,906,1191,924,1180,946,1134,995,1152,1002,1171,1010,1196,1015,1220,1017,1083,892,1108,882,1133,884,1158,902,1130,899,1104,896,1266,929,1300,922,1326,931,1348,953,1319,947,1292,938,1079,1073,1109,1046,1139,1035,1157,1044,1176,1046,1210,1076,1247,1122,1201,1119,1164,1108,1144,1101,1122,1093,1099,1084,1094,1071,1135,1063,1154,1069,1172,1076,1231,1113,1169,1083,1151,1075,1131,1069
3974,h,1,1,980,782,1426,1228,132.46666666666667,1023,936,1009,985,996,1036,989,1087,991,1136,1008,1175,1044,1203,1084,1223,1135,1240,1196,1249,1260,1250,1319,1244,1362,1219,1390,1181,1411,1135,1429,1087,1446,1038,1050,855,1072,819,1111,800,1155,803,1191,825,1257,848,1302,841,1349,856,1386,886,1404,930,1210,886,1201,906,1191,924,1180,946,1134,995,1152,1002,1171,1010,1196,1015,1220,1017,1083,892,1108,882,1133,884,1158,902,1130,899,1104,896,1266,929,1300,922,1326,931,1348,953,1319,947,1292,938,1079,1073,1109,1046,1139,1035,1157,1044,1176,1046,1210,1076,1247,1122,1201,1119,1164,1108,1144,1101,1122,1093,1099,1084,1094,1071,1135,1063,1154,1069,1172,1076,1231,1113,1169,1083,1151,1075,1131,1069
3975,h,1,1,980,782,1426,1228,132.5,1027,921,1011,972,997,1026,987,1079,988,1129,1005,1169,1041,1198,1082,1218,1132,1235,1192,1243,1256,1243,1318,1239,1362,1217,1390,1180,1411,1134,1430,1087,1451,1038,1065,849,1088,816,1126,801,1168,805,1202,829,1266,850,1311,844,1358,859,1394,891,1407,938,1220,891,1209,910,1197,928,1184,948,1135,996,1154,1004,1173,1012,1198,1017,1222,1020,1099,893,1121,882,1143,885,1163,904,1140,899,1118,895,1273,932,1302,924,1327,935,1346,958,1319,950,1295,941,1081,1074,1112,1046,1142,1036,1159,1046,1177,1048,1210,1077,1246,1122,1199,1119,1163,1106,1143,1099,1124,1091,1101,1084,1095,1071,1137,1064,1155,1069,1173,1076,1230,1113,1169,1083,1151,1075,1133,1070
3976,h,1,1,980,782,1426,1228,132.53333333333333,1024,923,1011,973,998,1025,987,1078,987,1129,1002,1168,1035,1199,1077,1221,1129,1238,1190,1245,1255,1244,1316,1238,1359,1215,1388,1178,1409,1133,1427,1087,1446,1037,1049,855,1074,817,1118,801,1166,806,1202,834,1260,853,1306,843,1356,857,1396,888,1412,936,1217,890,1207,909,1197,929,1185,950,1136,999,1154,1007,1173,1014,1199,1018,1222,1020,1084,896,1110,886,1135,889,1160,906,1132,903,1106,899,1272,933,1305,926,1331,937,1352,960,1323,952,1296,943,1077,1074,1111,1048,1143,1038,1159,1046,1178,1048,1210,1077,1246,1119,1198,1122,1162,1113,1142,1106,1123,1099,1099,1090,1091,1073,1137,1064,1155,1070,1173,1075,1231,1112,1169,1090,1151,1082,1133,1077
3977,h,1,1,980,782,1426,1228,132.56666666666666,1024,923,1011,973,998,1025,987,1078,987,1129,1002,1168,1035,1199,1077,1221,1129,1238,1190,1245,1255,1244,1316,1238,1359,1215,1388,1178,1409,1133,1427,1087,1446,1037,1049,855,1074,817,1118,801,1166,806,1202,834,1260,853,1306,843,1356,857,1396,888,1412,936,1217,890,1207,909,1197,929,1185,950,1136,999,1154,1007,1173,1014,1199,1018,1222,1020,1084,896,1110,886,1135,889,1160,906,1132,903,1106,899,1272,933,1305,926,1331,937,1352,960,1323,952,1296,943,1077,1074,1111,1048,1143,1038,1159,1046,1178,1048,1210,1077,1246,1119,1198,1122,1162,1113,1142,1106,1123,1099,1099,1090,1091,1073,1137,1064,1155,1070,1173,1075,1231,1112,1169,1090,1151,1082,1133,1077
3978,h,1,1,980,782,1426,1228,132.6,1029,923,1011,972,997,1024,988,1078,988,1129,1004,1171,1040,1200,1083,1222,1135,1238,1196,1248,1261,1250,1321,1240,1362,1216,1390,1178,1412,1132,1431,1083,1450,1032,1078,849,1100,822,1135,812,1172,819,1201,841,1270,857,1312,853,1355,865,1388,891,1403,929,1222,896,1210,914,1198,932,1184,952,1141,1001,1158,1009,1174,1016,1198,1021,1221,1024,1105,897,1127,884,1149,889,1167,910,1145,904,1122,900,1278,935,1306,925,1330,933,1347,957,1323,950,1299,942,1087,1078,1117,1050,1146,1041,1161,1050,1180,1052,1213,1080,1248,1124,1203,1119,1167,1108,1147,1102,1128,1095,1106,1088,1100,1076,1141,1070,1158,1075,1176,1081,1234,1116,1173,1086,1155,1078,1137,1073
3979,h,1,1,980,782,1426,1228,132.63333333333333,1025,926,1009,977,997,1030,988,1083,989,1133,1005,1175,1040,1204,1083,1224,1135,1240,1196,1247,1259,1249,1319,1242,1362,1218,1390,1178,1410,1133,1429,1086,1447,1036,1069,857,1091,827,1128,815,1166,820,1197,841,1261,856,1305,853,1350,865,1385,894,1400,935,1217,897,1206,915,1195,933,1183,953,1138,1002,1155,1010,1173,1018,1196,1022,1220,1024,1097,900,1120,886,1142,890,1161,910,1138,906,1115,902,1272,936,1301,925,1325,934,1343,958,1318,951,1293,943,1086,1081,1115,1053,1143,1043,1159,1052,1177,1054,1209,1081,1245,1124,1199,1119,1164,1109,1145,1103,1126,1096,1105,1089,1099,1078,1138,1071,1156,1077,1173,1083,1230,1115,1170,1086,1152,1079,1135,1075
3980,h,1,1,980,782,1426,1228,132.66666666666666,1021,928,1005,978,992,1030,984,1083,985,1134,1002,1177,1038,1207,1081,1227,1135,1243,1198,1250,1262,1250,1321,1240,1362,1215,1389,1177,1409,1132,1426,1084,1442,1035,1064,857,1084,824,1122,810,1162,814,1194,836,1261,853,1304,847,1349,859,1385,887,1400,929,1214,895,1203,914,1192,933,1180,954,1133,1003,1151,1011,1170,1020,1196,1023,1221,1025,1094,903,1117,889,1140,892,1160,911,1136,907,1113,904,1270,934,1300,924,1324,933,1343,957,1317,949,1292,941,1083,1083,1114,1056,1143,1046,1159,1054,1176,1055,1210,1082,1246,1126,1200,1121,1165,1111,1146,1105,1127,1099,1104,1091,1097,1080,1138,1073,1155,1078,1173,1083,1231,1117,1170,1087,1153,1080,1135,1075
3981,h,1,1,980,782,1426,1228,132.7,1021,928,1005,978,992,1030,984,1083,985,1134,1002,1177,1038,1207,1081,1227,1135,1243,1198,1250,1262,1250,1321,1240,1362,1215,1389,1177,1409,1132,1426,1084,1442,1035,1064,857,1084,824,1122,810,1162,814,1194,836,1261,853,1304,847,1349,859,1385,887,1400,929,1214,895,1203,914,1192,933,1180,954,1133,1003,1151,1011,1170,1020,1196,1023,1221,1025,1094,903,1117,889,1140,892,1160,911,1136,907,1113,904,1270,934,1300,924,1324,933,1343,957,1317,949,1292,941,1083,1083,1114,1056,1143,1046,1159,1054,1176,1055,1210,1082,1246,1126,1200,1121,1165,1111,1146,1105,1127,1099,1104,1091,1097,1080,1138,1073,1155,1078,1173,1083,1231,1117,1170,1087,1153,1080,1135,1075
3983,h,1,1,930,782,1376,1228,132.76666666666668,992,942,985,997,982,1051,980,1103,987,1152,1010,1190,1052,1214,1096,1229,1149,1241,1208,1245,1267,1242,1322,1232,1360,1204,1384,1163,1402,1114,1416,1064,1430,1013,1014,868,1040,829,1084,813,1131,817,1171,836,1240,854,1284,847,1330,855,1367,880,1387,919,1194,896,1189,916,1183,936,1177,958,1129,1009,1150,1014,1171,1020,1195,1022,1218,1023,1055,903,1082,890,1110,892,1136,911,1108,910,1079,908,1253,931,1287,920,1315,928,1337,948,1310,945,1282,938,1077,1092,1112,1063,1143,1050,1160,1057,1181,1057,1214,1084,1250,1125,1206,1124,1172,1115,1151,1111,1132,1106,1105,1101,1092,1089,1140,1077,1158,1081,1178,1086,1235,1117,1175,1090,1156,1085,1138,1082
3986,h,1,1,930,782,1376,1228,132.86666666666667,1001,934,990,988,983,1043,979,1099,985,1150,1007,1191,1047,1221,1093,1239,1148,1249,1208,1252,1266,1247,1321,1234,1359,1206,1383,1163,1400,1114,1414,1064,1427,1012,1025,856,1051,821,1093,807,1139,811,1175,833,1234,846,1280,837,1328,848,1368,875,1384,919,1196,894,1190,916,1184,936,1178,959,1126,1011,1148,1018,1168,1024,1194,1026,1218,1028,1057,899,1083,889,1111,892,1136,909,1108,907,1080,905,1251,929,1285,919,1312,927,1333,946,1306,943,1279,936,1077,1094,1111,1066,1142,1053,1159,1062,1180,1061,1212,1087,1247,1126,1204,1124,1170,1117,1149,1113,1129,1108,1103,1103,1090,1092,1138,1082,1156,1087,1177,1090,1234,1118,1174,1092,1154,1087,1136,1083
3987,h,1,1,930,782,1376,1228,132.9,1004,928,991,981,982,1037,977,1092,983,1142,1001,1182,1036,1212,1080,1231,1133,1244,1193,1249,1255,1248,1311,1238,1352,1213,1380,1173,1399,1125,1413,1073,1427,1019,1037,853,1063,821,1104,811,1147,818,1180,843,1239,856,1284,845,1331,854,1370,879,1386,921,1199,897,1191,918,1183,938,1175,961,1124,1010,1145,1018,1166,1024,1192,1027,1216,1029,1067,897,1093,887,1119,890,1140,909,1116,906,1089,902,1257,930,1288,918,1313,926,1332,947,1307,941,1282,935,1077,1093,1111,1067,1141,1055,1157,1063,1177,1063,1207,1088,1241,1125,1198,1123,1166,1116,1145,1112,1126,1107,1101,1103,1090,1090,1136,1083,1154,1088,1174,1091,1226,1118,1171,1091,1151,1086,1133,1082
3988,h,1,1,930,782,1376,1228,132.93333333333334,1004,935,991,987,982,1041,977,1096,982,1147,1002,1189,1039,1219,1084,1240,1138,1253,1199,1256,1261,1250,1319,1236,1358,1207,1384,1166,1401,1119,1415,1068,1429,1018,1043,857,1067,826,1106,816,1147,823,1179,844,1239,857,1282,846,1327,853,1366,876,1383,916,1198,900,1190,922,1181,942,1172,965,1125,1016,1145,1023,1165,1029,1190,1031,1214,1033,1076,904,1098,891,1122,894,1141,914,1120,910,1095,908,1257,932,1285,919,1310,926,1328,947,1305,943,1281,938,1080,1095,1113,1069,1142,1058,1156,1066,1175,1065,1207,1090,1241,1126,1199,1125,1167,1118,1147,1114,1130,1110,1105,1105,1093,1093,1138,1086,1154,1091,1172,1093,1228,1120,1171,1094,1152,1090,1136,1087
3989,h,1,1,930,782,1376,1228,132.96666666666667,1004,935,991,987,982,1041,977,1096,982,1147,1002,1189,1039,1219,1084,1240,1138,1253,1199,1256,1261,1250,1319,1236,1358,1207,1384,1166,1401,1119,1415,1068,1429,1018,1043,857,1067,826,1106,816,1147,823,1179,844,1239,857,1282,846,1327,853,1366,876,1383,916,1198,900,1190,922,1181,942,1172,965,1125,1016,1145,1023,1165,1029,1190,1031,1214,1033,1076,904,1098,891,1122,894,1141,914,1120,910,1095,908,1257,932,1285,919,1310,926,1328,947,1305,943,1281,938,1080,1095,1113,1069,1142,1058,1156,1066,1175,1065,1207,1090,1241,1126,1199,1125,1167,1118,1147,1114,1130,1110,1105,1105,1093,1093,1138,1086,1154,1091,1172,1093,1228,1120,1171,1094,1152,1090,1136,1087
3990,h,1,1,930,782,1376,1228,133.0,1001,936,989,989,979,1044,976,1098,982,1150,1002,1193,1038,1224,1082,1245,1136,1258,1196,1261,1256,1258,1313,1245,1354,1217,1381,1174,1399,1125,1414,1073,1428,1020,1041,863,1062,831,1100,817,1142,822,1175,842,1237,854,1281,846,1327,855,1364,880,1379,921,1196,901,1188,923,1179,943,1170,967,1122,1018,1143,1025,1163,1031,1188,1033,1211,1035,1073,906,1095,892,1118,894,1138,914,1117,911,1092,909,1255,932,1283,919,1308,926,1327,948,1303,943,1279,938,1077,1100,1109,1072,1139,1059,1154,1067,1173,1067,1208,1092,1243,1130,1201,1129,1166,1122,1146,1119,1128,1114,1103,1109,1091,1097,1135,1088,1151,1092,1171,1095,1230,1123,1170,1098,1151,1094,1134,1090
3991,h,1,1,981,816,1353,1188,133.03333333333333,999,943,988,992,981,1044,976,1095,978,1144,998,1186,1034,1215,1079,1234,1130,1246,1187,1250,1242,1245,1293,1229,1330,1201,1355,1161,1373,1116,1388,1068,1401,1019,1042,865,1065,834,1100,822,1139,827,1170,848,1239,858,1277,849,1318,856,1353,878,1369,916,1195,904,1187,926,1180,947,1172,970,1127,1021,1146,1026,1165,1032,1188,1034,1210,1036,1071,910,1094,894,1121,897,1141,921,1117,919,1091,916,1249,937,1276,920,1303,925,1322,949,1300,948,1273,943,1077,1101,1111,1075,1142,1064,1157,1072,1176,1070,1207,1093,1240,1128,1200,1132,1168,1129,1148,1125,1130,1121,1104,1114,1090,1099,1139,1092,1155,1096,1173,1099,1226,1123,1171,1102,1153,1099,1136,1095
3992,h,1,1,981,816,1353,1188,133.06666666666666,999,943,988,992,981,1044,976,1095,978,1144,998,1186,1034,1215,1079,1234,1130,1246,1187,1250,1242,1245,1293,1229,1330,1201,1355,1161,1373,1116,1388,1068,1401,1019,1042,865,1065,834,1100,822,1139,827,1170,848,1239,858,1277,849,1318,856,1353,878,1369,916,1195,904,1187,926,1180,947,1172,970,1127,1021,1146,1026,1165,1032,1188,1034,1210,1036,1071,910,1094,894,1121,897,1141,921,1117,919,1091,916,1249,937,1276,920,1303,925,1322,949,1300,948,1273,943,1077,1101,1111,1075,1142,1064,1157,1072,1176,1070,1207,1093,1240,1128,1200,1132,1168,1129,1148,1125,1130,1121,1104,1114,1090,1099,1139,1092,1155,1096,1173,1099,1226,1123,1171,1102,1153,1099,1136,1095
3993,h,1,1,930,782,1376,1228,133.1,993,938,982,992,974,1047,972,1102,979,1153,997,1195,1031,1227,1076,1248,1132,1261,1193,1264,1254,1261,1309,1245,1350,1218,1379,1177,1398,1126,1412,1072,1425,1018,1032,862,1053,830,1091,818,1132,824,1165,845,1233,856,1275,846,1320,853,1358,877,1376,916,1190,902,1182,925,1174,946,1165,970,1118,1022,1138,1028,1159,1033,1184,1036,1209,1037,1066,909,1088,895,1112,898,1132,917,1110,915,1085,913,1251,933,1278,921,1303,928,1323,950,1299,946,1274,940,1072,1107,1105,1078,1136,1065,1152,1073,1173,1073,1206,1096,1241,1134,1198,1135,1164,1130,1143,1126,1123,1122,1098,1117,1085,1103,1132,1092,1150,1096,1170,1099,1228,1127,1168,1105,1148,1100,1130,1097
3994,h,1,1,930,782,1376,1228,133.13333333333333,990,945,981,999,974,1053,972,1107,980,1158,1000,1200,1036,1232,1082,1254,1138,1266,1199,1268,1260,1260,1313,1241,1351,1209,1377,1166,1393,1116,1405,1063,1417,1010,1027,865,1050,834,1087,823,1129,828,1162,848,1226,858,1268,847,1312,853,1350,874,1368,913,1186,905,1180,927,1173,949,1165,972,1117,1025,1138,1031,1159,1036,1184,1039,1208,1040,1061,912,1084,897,1108,900,1129,920,1106,918,1081,916,1245,935,1273,921,1298,926,1318,948,1294,946,1269,941,1072,1108,1105,1079,1136,1068,1152,1074,1172,1074,1206,1098,1244,1134,1201,1137,1166,1132,1145,1129,1125,1124,1099,1119,1085,1104,1133,1095,1150,1099,1170,1102,1230,1127,1169,1108,1149,1103,1131,1100
3997,h,1,1,930,831,1376,1277,133.23333333333332,979,943,972,1000,968,1058,967,1113,976,1164,998,1204,1034,1234,1079,1255,1132,1266,1190,1267,1250,1260,1303,1243,1342,1212,1368,1167,1384,1115,1399,1061,1413,1004,1008,866,1034,834,1075,825,1118,830,1154,850,1219,860,1261,849,1307,854,1347,874,1367,914,1178,906,1172,930,1166,953,1160,980,1112,1029,1133,1036,1155,1041,1180,1041,1205,1042,1043,912,1069,902,1097,904,1119,922,1093,921,1066,919,1238,936,1268,926,1293,931,1314,949,1290,948,1264,943,1068,1115,1102,1087,1132,1074,1149,1081,1169,1079,1200,1101,1236,1135,1194,1139,1162,1135,1141,1133,1122,1129,1096,1126,1082,1111,1129,1100,1147,1104,1167,1106,1221,1129,1165,1110,1145,1107,1127,1104
3998,h,1,1,930,831,1376,1277,133.26666666666668,979,956,971,1011,967,1066,967,1121,978,1171,999,1212,1035,1242,1081,1262,1136,1274,1196,1273,1255,1264,1307,1245,1344,1213,1368,1170,1383,1120,1397,1067,1410,1012,1015,878,1036,844,1073,832,1113,835,1147,852,1220,858,1262,851,1306,857,1344,880,1359,921,1177,910,1170,934,1163,956,1156,981,1111,1034,1131,1039,1152,1044,1176,1045,1200,1045,1050,921,1073,907,1098,908,1119,927,1096,926,1071,925,1237,940,1263,927,1288,932,1308,953,1285,950,1260,946,1067,1119,1100,1090,1129,1077,1147,1084,1166,1083,1199,1104,1236,1138,1196,1144,1163,1141,1142,1138,1122,1135,1096,1131,1081,1116,1127,1103,1145,1106,1165,1108,1222,1132,1165,1116,1145,1113,1126,1110
3999,h,1,1,930,831,1376,1277,133.3,976,954,968,1010,964,1066,965,1121,975,1173,996,1215,1032,1247,1078,1268,1133,1278,1193,1277,1251,1268,1302,1247,1340,1214,1364,1170,1379,1120,1392,1067,1404,1012,1016,880,1037,848,1074,836,1113,840,1147,858,1216,863,1256,854,1299,859,1336,882,1353,920,1174,911,1167,935,1160,959,1153,984,1108,1036,1128,1042,1149,1047,1175,1048,1198,1047,1048,925,1071,911,1095,912,1117,931,1093,929,1069,928,1233,942,1260,929,1285,934,1306,954,1281,951,1256,947,1065,1121,1098,1092,1127,1079,1144,1085,1165,1084,1198,1104,1235,1138,1194,1145,1160,1143,1139,1141,1120,1137,1093,1133,1079,1118,1125,1107,1143,1110,1163,1111,1221,1133,1162,1117,1142,1114,1124,1112
4000,h,1,1,930,831,1376,1277,133.33333333333334,976,954,968,1010,964,1066,965,1121,975,1173,996,1215,1032,1247,1078,1268,1133,1278,1193,1277,1251,1268,1302,1247,1340,1214,1364,1170,1379,1120,1392,1067,1404,1012,1016,880,1037,848,1074,836,1113,840,1147,858,1216,863,1256,854,1299,859,1336,882,1353,920,1174,911,1167,935,1160,959,1153,984,1108,1036,1128,1042,1149,1047,1175,1048,1198,1047,1048,925,1071,911,1095,912,1117,931,1093,929,1069,928,1233,942,1260,929,1285,934,1306,954,1281,951,1256,947,1065,1121,1098,1092,1127,1079,1144,1085,1165,1084,1198,1104,1235,1138,1194,1145,1160,1143,1139,1141,1120,1137,1093,1133,1079,1118,1125,1107,1143,1110,1163,1111,1221,1133,1162,1117,1142,1114,1124,1112
4001,h,1,1,930,831,1376,1277,133.36666666666667,963,963,960,1020,960,1076,962,1130,973,1179,998,1218,1036,1246,1084,1264,1138,1273,1196,1271,1254,1262,1304,1242,1341,1208,1363,1163,1377,1113,1390,1058,1403,1002,990,879,1015,847,1054,836,1097,838,1134,854,1213,860,1255,852,1299,856,1338,876,1357,915,1167,917,1162,940,1157,962,1151,986,1107,1040,1128,1045,1149,1050,1173,1050,1195,1050,1029,930,1055,915,1084,916,1108,938,1082,939,1052,938,1228,947,1255,930,1283,934,1305,955,1281,958,1253,953,1063,1124,1097,1096,1126,1083,1145,1089,1165,1088,1197,1107,1234,1140,1194,1148,1162,1145,1140,1143,1120,1139,1092,1136,1078,1121,1124,1110,1143,1113,1164,1115,1219,1134,1163,1119,1143,1116,1123,1113
4002,h,1,1,930,831,1376,1277,133.4,968,966,963,1021,961,1075,962,1128,972,1177,996,1217,1033,1246,1081,1265,1135,1276,1193,1274,1251,1263,1302,1242,1338,1209,1360,1164,1373,1113,1384,1059,1396,1003,1002,882,1025,852,1061,841,1101,844,1134,861,1206,866,1246,856,1290,860,1328,881,1346,919,1164,917,1159,940,1154,963,1148,988,1105,1041,1125,1047,1146,1051,1171,1051,1194,1051,1038,929,1061,914,1087,916,1109,936,1085,936,1058,935,1224,945,1250,929,1276,933,1298,953,1274,953,1248,950,1065,1125,1098,1098,1127,1085,1144,1091,1163,1089,1195,1109,1232,1140,1193,1147,1161,1145,1141,1143,1121,1140,1094,1136,1080,1122,1125,1112,1143,1115,1162,1117,1217,1135,1162,1120,1143,1117,1124,1114
4003,h,1,1,930,831,1376,1277,133.43333333333334,961,974,958,1030,957,1084,960,1137,972,1184,998,1224,1038,1251,1087,1269,1141,1278,1199,1274,1255,1263,1302,1242,1337,1209,1359,1164,1372,1112,1382,1058,1393,1001,997,889,1021,858,1058,847,1097,850,1132,865,1200,868,1240,858,1283,861,1321,878,1341,913,1161,918,1157,942,1153,966,1148,992,1105,1045,1126,1049,1147,1053,1170,1053,1193,1053,1034,935,1057,919,1084,919,1107,941,1082,941,1056,941,1221,946,1246,929,1273,931,1295,950,1273,953,1246,950,1068,1127,1100,1099,1128,1085,1145,1091,1163,1090,1195,1110,1233,1140,1194,1148,1162,1146,1142,1145,1123,1142,1097,1138,1083,1124,1127,1114,1144,1116,1163,1118,1218,1136,1163,1120,1144,1117,1127,1116
4004,h,1,1,930,831,1376,1277,133.46666666666667,961,974,958,1030,957,1084,960,1137,972,1184,998,1224,1038,1251,1087,1269,1141,1278,1199,1274,1255,1263,1302,1242,1337,1209,1359,1164,1372,1112,1382,1058,1393,1001,997,889,1021,858,1058,847,1097,850,1132,865,1200,868,1240,858,1283,861,1321,878,1341,913,1161,918,1157,942,1153,966,1148,992,1105,1045,1126,1049,1147,1053,1170,1053,1193,1053,1034,935,1057,919,1084,919,1107,941,1082,941,1056,941,1221,946,1246,929,1273,931,1295,950,1273,953,1246,950,1068,1127,1100,1099,1128,1085,1145,1091,1163,1090,1195,1110,1233,1140,1194,1148,1162,1146,1142,1145,1123,1142,1097,1138,1083,1124,1127,1114,1144,1116,1163,1118,1218,1136,1163,1120,1144,1117,1127,1116
4005,h,1,1,930,831,1376,1277,133.5,957,972,954,1029,954,1083,958,1136,970,1184,995,1224,1034,1250,1083,1266,1138,1275,1196,1272,1252,1262,1302,1242,1336,1209,1357,1163,1368,1110,1378,1056,1387,1000,1001,893,1022,862,1057,850,1096,854,1129,869,1195,871,1234,861,1276,863,1313,880,1335,915,1158,917,1154,941,1150,964,1145,990,1103,1044,1123,1049,1144,1053,1167,1053,1189,1052,1037,936,1058,919,1084,919,1106,940,1082,941,1057,941,1217,946,1241,928,1267,931,1288,951,1266,953,1240,950,1064,1130,1096,1102,1124,1087,1141,1093,1159,1091,1191,1110,1228,1140,1189,1146,1158,1144,1139,1143,1120,1140,1093,1138,1078,1126,1123,1115,1141,1118,1158,1119,1213,1135,1158,1119,1140,1117,1122,1116
4006,h,1,1,930,831,1376,1277,133.53333333333333,955,981,952,1035,952,1088,956,1140,970,1189,996,1229,1034,1257,1082,1273,1136,1281,1193,1276,1248,1266,1296,1244,1328,1210,1349,1165,1362,1116,1373,1064,1383,1009,996,895,1016,863,1052,850,1092,853,1126,870,1193,874,1232,862,1275,864,1314,883,1334,920,1152,922,1149,945,1145,967,1140,991,1097,1048,1118,1052,1140,1056,1164,1055,1187,1053,1027,942,1049,929,1075,929,1098,945,1073,947,1048,947,1212,951,1239,938,1265,942,1287,959,1263,959,1237,956,1059,1134,1091,1105,1119,1090,1139,1095,1158,1092,1189,1112,1227,1142,1189,1149,1157,1149,1136,1148,1114,1145,1088,1142,1074,1130,1118,1117,1138,1119,1157,1119,1212,1137,1157,1125,1137,1123,1117,1121
4007,h,1,1,930,831,1376,1277,133.56666666666666,955,981,952,1035,952,1088,956,1140,970,1189,996,1229,1034,1257,1082,1273,1136,1281,1193,1276,1248,1266,1296,1244,1328,1210,1349,1165,1362,1116,1373,1064,1383,1009,996,895,1016,863,1052,850,1092,853,1126,870,1193,874,1232,862,1275,864,1314,883,1334,920,1152,922,1149,945,1145,967,1140,991,1097,1048,1118,1052,1140,1056,1164,1055,1187,1053,1027,942,1049,929,1075,929,1098,945,1073,947,1048,947,1212,951,1239,938,1265,942,1287,959,1263,959,1237,956,1059,1134,1091,1105,1119,1090,1139,1095,1158,1092,1189,1112,1227,1142,1189,1149,1157,1149,1136,1148,1114,1145,1088,1142,1074,1130,1118,1117,1138,1119,1157,1119,1212,1137,1157,1125,1137,1123,1117,1121
4008,h,1,1,930,831,1376,1277,133.6,950,989,949,1044,951,1097,956,1148,970,1196,996,1235,1035,1261,1082,1278,1135,1286,1190,1282,1243,1272,1292,1251,1326,1217,1348,1171,1359,1119,1369,1064,1376,1008,996,907,1016,873,1051,858,1090,859,1122,874,1188,877,1225,863,1267,866,1304,885,1325,920,1149,926,1146,949,1142,973,1139,999,1097,1051,1117,1056,1139,1060,1163,1058,1186,1056,1029,950,1051,936,1075,936,1098,952,1074,954,1050,954,1209,955,1234,941,1259,944,1280,961,1257,961,1233,959,1061,1136,1093,1108,1119,1094,1138,1099,1156,1097,1188,1115,1227,1143,1187,1152,1156,1151,1136,1151,1116,1148,1090,1146,1076,1132,1118,1120,1137,1123,1156,1123,1212,1139,1156,1127,1137,1125,1118,1123
4009,h,1,1,930,831,1376,1277,133.63333333333333,946,995,945,1050,948,1103,953,1155,968,1202,995,1240,1036,1267,1085,1283,1138,1290,1194,1284,1247,1271,1293,1248,1325,1213,1346,1168,1357,1117,1366,1063,1373,1007,990,909,1011,877,1047,863,1086,865,1119,880,1187,881,1223,868,1264,869,1302,886,1323,920,1148,934,1145,956,1142,978,1139,1003,1099,1059,1118,1062,1139,1065,1162,1064,1184,1063,1024,955,1046,939,1072,939,1094,958,1070,960,1045,960,1208,960,1233,943,1258,945,1280,963,1258,965,1232,963,1058,1143,1092,1115,1121,1100,1139,1106,1158,1103,1190,1120,1228,1149,1190,1158,1158,1157,1137,1157,1117,1155,1090,1153,1073,1139,1120,1127,1139,1129,1158,1129,1214,1145,1158,1132,1138,1131,1119,1129
4010,h,1,1,930,831,1376,1277,133.66666666666666,942,994,942,1050,945,1104,952,1156,967,1205,993,1243,1033,1271,1080,1287,1135,1295,1193,1290,1247,1275,1292,1250,1324,1213,1344,1165,1354,1111,1362,1055,1369,998,982,917,1002,881,1040,866,1082,868,1118,884,1179,885,1216,871,1260,870,1300,886,1320,924,1142,935,1140,960,1136,984,1132,1010,1091,1066,1113,1068,1135,1071,1159,1069,1183,1068,1020,957,1041,944,1065,942,1088,956,1065,959,1041,960,1206,957,1229,944,1254,946,1276,961,1252,963,1228,961,1060,1151,1088,1123,1115,1107,1135,1112,1154,1109,1186,1127,1224,1154,1186,1163,1155,1163,1135,1163,1113,1161,1087,1159,1074,1146,1114,1133,1135,1135,1154,1135,1209,1150,1154,1137,1135,1137,1115,1135
4011,h,1,1,930,831,1376,1277,133.7,942,994,942,1050,945,1104,952,1156,967,1205,993,1243,1033,1271,1080,1287,1135,1295,1193,1290,1247,1275,1292,1250,1324,1213,1344,1165,1354,1111,1362,1055,1369,998,982,917,1002,881,1040,866,1082,868,1118,884,1179,885,1216,871,1260,870,1300,886,1320,924,1142,935,1140,960,1136,984,1132,1010,1091,1066,1113,1068,1135,1071,1159,1069,1183,1068,1020,957,1041,944,1065,942,1088,956,1065,959,1041,960,1206,957,1229,944,1254,946,1276,961,1252,963,1228,961,1060,1151,1088,1123,1115,1107,1135,1112,1154,1109,1186,1127,1224,1154,1186,1163,1155,1163,1135,1163,1113,1161,1087,1159,1074,1146,1114,1133,1135,1135,1154,1135,1209,1150,1154,1137,1135,1137,1115,1135
4012,h,1,1,930,831,1376,1277,133.73333333333332,940,997,941,1053,944,1108,950,1161,965,1211,991,1250,1031,1279,1078,1297,1133,1304,1191,1300,1247,1286,1294,1261,1328,1224,1348,1176,1359,1121,1367,1064,1372,1006,979,921,996,884,1033,868,1074,869,1111,884,1176,885,1216,872,1260,872,1301,890,1322,928,1139,938,1136,964,1133,989,1130,1016,1090,1072,1111,1075,1133,1078,1157,1077,1181,1074,1016,962,1037,945,1063,944,1088,961,1063,964,1037,965,1202,963,1227,947,1254,948,1277,966,1253,968,1227,966,1057,1157,1086,1130,1113,1114,1133,1119,1151,1115,1183,1132,1221,1159,1184,1170,1153,1170,1132,1171,1111,1169,1084,1166,1070,1152,1113,1140,1133,1142,1152,1141,1207,1155,1152,1145,1133,1144,1112,1142
4013,h,1,1,930,831,1376,1277,133.76666666666668,939,992,938,1049,940,1104,945,1157,960,1206,987,1247,1026,1279,1073,1299,1128,1306,1186,1300,1239,1283,1285,1257,1318,1220,1340,1173,1352,1120,1361,1064,1369,1005,978,919,1000,886,1038,873,1079,876,1115,890,1172,890,1212,878,1256,877,1298,892,1321,926,1139,943,1136,970,1132,996,1128,1024,1087,1076,1108,1080,1130,1084,1155,1082,1179,1079,1016,963,1037,949,1061,947,1085,962,1061,964,1037,965,1202,963,1226,950,1251,952,1273,968,1250,969,1225,967,1054,1162,1084,1137,1110,1122,1129,1127,1148,1123,1179,1139,1218,1163,1180,1173,1150,1174,1130,1174,1109,1173,1084,1171,1068,1158,1110,1147,1129,1150,1149,1148,1203,1159,1149,1150,1130,1150,1111,1149
4014,h,1,1,930,881,1376,1327,133.8,926,1004,931,1063,937,1119,944,1171,962,1219,991,1258,1033,1285,1081,1305,1134,1313,1189,1308,1239,1289,1282,1261,1315,1222,1336,1173,1346,1118,1354,1061,1360,1001,964,937,988,904,1027,891,1069,892,1107,905,1171,907,1209,893,1252,892,1291,906,1315,939,1138,956,1137,984,1136,1012,1134,1041,1093,1088,1114,1092,1135,1096,1157,1093,1178,1090,1008,979,1031,962,1060,961,1084,981,1058,987,1030,987,1196,979,1220,962,1248,962,1270,980,1248,987,1221,985,1060,1170,1090,1146,1118,1135,1138,1140,1158,1137,1189,1150,1224,1173,1190,1190,1159,1192,1137,1192,1116,1189,1090,1185,1075,1167,1117,1159,1138,1162,1158,1161,1210,1170,1158,1165,1138,1164,1118,1162
4015,h,1,1,930,881,1376,1327,133.83333333333334,926,1004,931,1063,937,1119,944,1171,962,1219,991,1258,1033,1285,1081,1305,1134,1313,1189,1308,1239,1289,1282,1261,1315,1222,1336,1173,1346,1118,1354,1061,1360,1001,964,937,988,904,1027,891,1069,892,1107,905,1171,907,1209,893,1252,892,1291,906,1315,939,1138,956,1137,984,1136,1012,1134,1041,1093,1088,1114,1092,1135,1096,1157,1093,1178,1090,1008,979,1031,962,1060,961,1084,981,1058,987,1030,987,1196,979,1220,962,1248,962,1270,980,1248,987,1221,985,1060,1170,1090,1146,1118,1135,1138,1140,1158,1137,1189,1150,1224,1173,1190,1190,1159,1192,1137,1192,1116,1189,1090,1185,1075,1167,1117,1159,1138,1162,1158,1161,1210,1170,1158,1165,1138,1164,1118,1162
4016,h,1,1,930,881,1376,1327,133.86666666666667,930,1011,930,1069,933,1126,939,1182,955,1231,981,1273,1018,1306,1063,1328,1118,1338,1176,1335,1228,1318,1272,1289,1306,1250,1328,1203,1341,1149,1353,1093,1361,1034,971,943,994,911,1032,902,1073,905,1109,922,1174,924,1213,911,1256,911,1296,925,1319,961,1136,971,1132,999,1127,1026,1122,1056,1080,1104,1101,1110,1124,1114,1149,1113,1172,1110,1010,987,1032,973,1057,972,1081,988,1056,990,1031,991,1196,992,1221,978,1247,981,1270,997,1245,1000,1220,997,1049,1190,1078,1168,1104,1155,1124,1161,1144,1158,1175,1173,1212,1195,1175,1210,1145,1211,1123,1210,1101,1207,1076,1203,1062,1187,1103,1177,1123,1180,1144,1180,1198,1192,1145,1186,1124,1185,1104,1182
4017,h,1,1,930,881,1376,1327,133.9,928,1020,928,1077,931,1133,937,1189,953,1241,979,1285,1013,1323,1059,1351,1114,1362,1171,1357,1222,1336,1265,1303,1300,1262,1323,1213,1336,1157,1345,1099,1353,1040,966,960,991,929,1031,919,1073,923,1111,941,1167,946,1205,931,1248,929,1288,941,1312,975,1133,993,1131,1023,1127,1053,1124,1084,1080,1132,1102,1137,1126,1142,1150,1139,1174,1136,1010,1005,1032,994,1055,993,1079,1007,1055,1010,1031,1010,1192,1012,1216,1000,1240,1002,1262,1016,1238,1019,1214,1017,1046,1213,1076,1194,1103,1184,1125,1191,1146,1186,1175,1200,1210,1220,1175,1235,1146,1240,1123,1241,1100,1238,1073,1230,1060,1211,1102,1205,1124,1209,1145,1208,1196,1217,1145,1215,1124,1215,1102,1212
4018,h,1,1,930,930,1376,1376,133.93333333333334,937,1047,935,1103,937,1160,944,1216,963,1266,989,1310,1023,1346,1065,1373,1117,1386,1169,1381,1216,1360,1256,1330,1290,1292,1317,1246,1333,1193,1345,1137,1353,1078,980,989,1006,961,1046,956,1086,963,1121,982,1181,988,1216,974,1256,971,1294,981,1318,1010,1145,1027,1141,1057,1136,1086,1132,1117,1088,1160,1109,1166,1131,1170,1155,1169,1179,1167,1018,1034,1041,1022,1066,1023,1090,1039,1065,1040,1040,1039,1202,1045,1227,1033,1253,1035,1274,1050,1251,1053,1226,1050,1053,1238,1083,1220,1112,1212,1131,1218,1151,1214,1181,1227,1215,1246,1180,1266,1151,1271,1128,1271,1107,1268,1080,1258,1066,1237,1110,1233,1130,1236,1150,1235,1202,1244,1151,1244,1130,1244,1110,1241
4019,h,1,1,930,930,1376,1376,133.96666666666667,937,1047,935,1103,937,1160,944,1216,963,1266,989,1310,1023,1346,1065,1373,1117,1386,1169,1381,1216,1360,1256,1330,1290,1292,1317,1246,1333,1193,1345,1137,1353,1078,980,989,1006,961,1046,956,1086,963,1121,982,1181,988,1216,974,1256,971,1294,981,1318,1010,1145,1027,1141,1057,1136,1086,1132,1117,1088,1160,1109,1166,1131,1170,1155,1169,1179,1167,1018,1034,1041,1022,1066,1023,1090,1039,1065,1040,1040,1039,1202,1045,1227,1033,1253,1035,1274,1050,1251,1053,1226,1050,1053,1238,1083,1220,1112,1212,1131,1218,1151,1214,1181,1227,1215,1246,1180,1266,1151,1271,1128,1271,1107,1268,1080,1258,1066,1237,1110,1233,1130,1236,1150,1235,1202,1244,1151,1244,1130,1244,1110,1241
4020,h,1,1,930,930,1376,1376,134.0,935,1062,934,1117,937,1174,945,1230,962,1282,990,1326,1024,1365,1066,1395,1118,1408,1172,1403,1218,1380,1261,1348,1297,1308,1323,1260,1339,1205,1351,1148,1360,1089,982,1010,1006,981,1045,974,1086,980,1122,1000,1183,1004,1218,988,1258,985,1296,995,1320,1025,1147,1049,1144,1084,1141,1116,1137,1151,1093,1188,1114,1195,1137,1200,1161,1197,1184,1194,1023,1054,1046,1044,1069,1044,1091,1058,1068,1059,1045,1059,1204,1064,1228,1052,1252,1054,1272,1067,1250,1070,1227,1068,1058,1262,1087,1248,1115,1241,1135,1248,1156,1244,1184,1254,1217,1269,1183,1287,1154,1294,1131,1295,1108,1291,1083,1281,1071,1262,1113,1261,1135,1265,1156,1263,1204,1268,1154,1269,1133,1269,1112,1266
4021,h,1,1,930,980,1376,1426,134.03333333333333,943,1088,942,1145,944,1202,952,1256,971,1308,998,1354,1031,1392,1073,1421,1125,1433,1176,1428,1220,1402,1257,1369,1291,1328,1321,1281,1338,1227,1350,1171,1359,1113,990,1033,1016,1006,1056,1001,1097,1011,1131,1032,1190,1036,1224,1020,1263,1015,1301,1025,1323,1055,1155,1078,1152,1113,1149,1146,1146,1181,1099,1216,1121,1223,1144,1229,1168,1226,1191,1222,1030,1080,1053,1070,1077,1072,1098,1086,1075,1087,1052,1086,1210,1093,1233,1081,1257,1084,1277,1097,1255,1100,1232,1098,1064,1289,1095,1276,1123,1270,1142,1276,1163,1272,1190,1283,1221,1298,1189,1319,1160,1326,1138,1327,1117,1324,1091,1313,1076,1289,1121,1287,1141,1291,1162,1290,1208,1297,1161,1302,1140,1303,1121,1299
4022,h,1,1,930,980,1376,1426,134.06666666666666,943,1088,942,1145,944,1202,952,1256,971,1308,998,1354,1031,1392,1073,1421,1125,1433,1176,1428,1220,1402,1257,1369,1291,1328,1321,1281,1338,1227,1350,1171,1359,1113,990,1033,1016,1006,1056,1001,1097,1011,1131,1032,1190,1036,1224,1020,1263,1015,1301,1025,1323,1055,1155,1078,1152,1113,1149,1146,1146,1181,1099,1216,1121,1223,1144,1229,1168,1226,1191,1222,1030,1080,1053,1070,1077,1072,1098,1086,1075,1087,1052,1086,1210,1093,1233,1081,1257,1084,1277,1097,1255,1100,1232,1098,1064,1289,1095,1276,1123,1270,1142,1276,1163,1272,1190,1283,1221,1298,1189,1319,1160,1326,1138,1327,1117,1324,1091,1313,1076,1289,1121,1287,1141,1291,1162,1290,1208,1297,1161,1302,1140,1303,1121,1299
4023,h,1,1,930,980,1376,1426,134.1,940,1107,940,1166,943,1225,952,1282,974,1333,1004,1377,1042,1414,1085,1444,1137,1456,1187,1448,1228,1421,1265,1386,1298,1345,1324,1298,1342,1244,1354,1189,1362,1130,988,1062,1016,1034,1057,1029,1099,1038,1136,1058,1195,1062,1230,1048,1269,1045,1306,1054,1329,1083,1162,1106,1159,1140,1157,1172,1154,1207,1106,1244,1128,1250,1152,1256,1176,1254,1198,1250,1032,1107,1056,1098,1082,1100,1103,1115,1080,1116,1054,1115,1214,1122,1239,1111,1264,1113,1284,1125,1262,1130,1238,1128,1069,1315,1102,1306,1131,1300,1149,1306,1168,1302,1195,1313,1227,1324,1195,1348,1167,1356,1146,1357,1125,1353,1098,1341,1083,1317,1130,1317,1148,1321,1168,1320,1213,1325,1167,1331,1147,1331,1129,1327
4024,h,1,1,930,1029,1376,1475,134.13333333333333,945,1134,945,1192,947,1250,957,1305,978,1355,1009,1398,1046,1432,1089,1458,1140,1468,1187,1462,1226,1438,1262,1406,1294,1368,1323,1324,1341,1272,1354,1218,1362,1160,995,1089,1024,1062,1065,1057,1107,1066,1143,1086,1202,1092,1236,1079,1275,1074,1311,1083,1333,1113,1168,1134,1166,1169,1163,1201,1161,1236,1113,1271,1135,1277,1158,1283,1181,1280,1203,1277,1037,1133,1063,1124,1088,1126,1109,1142,1086,1143,1060,1141,1219,1150,1244,1137,1268,1139,1288,1151,1267,1156,1243,1155,1074,1339,1108,1330,1137,1324,1155,1331,1175,1327,1201,1336,1230,1348,1199,1368,1172,1376,1151,1377,1130,1373,1103,1363,1087,1341,1135,1342,1154,1345,1174,1344,1218,1348,1172,1352,1152,1352,1134,1349
4025,h,1,1,930,1029,1376,1475,134.16666666666666,952,1159,951,1217,955,1274,965,1328,987,1377,1016,1419,1054,1453,1099,1480,1149,1489,1197,1483,1237,1457,1270,1422,1301,1383,1327,1339,1345,1287,1356,1234,1363,1179,999,1111,1029,1084,1071,1080,1113,1089,1149,1108,1207,1114,1241,1099,1279,1095,1315,1102,1336,1131,1175,1158,1173,1193,1172,1227,1171,1263,1119,1295,1143,1301,1167,1307,1191,1304,1213,1299,1041,1158,1066,1148,1093,1149,1115,1166,1091,1168,1064,1167,1224,1173,1248,1159,1274,1160,1295,1174,1273,1179,1248,1178,1079,1362,1115,1354,1145,1348,1164,1354,1183,1350,1209,1359,1240,1369,1208,1390,1181,1399,1160,1401,1139,1398,1110,1388,1093,1364,1144,1366,1163,1369,1182,1368,1226,1370,1181,1374,1161,1376,1142,1373
4026,h,1,1,930,1029,1376,1475,134.2,952,1159,951,1217,955,1274,965,1328,987,1377,1016,1419,1054,1453,1099,1480,1149,1489,1197,1483,1237,1457,1270,1422,1301,1383,1327,1339,1345,1287,1356,1234,1363,1179,999,1111,1029,1084,1071,1080,1113,1089,1149,1108,1207,1114,1241,1099,1279,1095,1315,1102,1336,1131,1175,1158,1173,1193,1172,1227,1171,1263,1119,1295,1143,1301,1167,1307,1191,1304,1213,1299,1041,1158,1066,1148,1093,1149,1115,1166,1091,1168,1064,1167,1224,1173,1248,1159,1274,1160,1295,1174,1273,1179,1248,1178,1079,1362,1115,1354,1145,1348,1164,1354,1183,1350,1209,1359,1240,1369,1208,1390,1181,1399,1160,1401,1139,1398,1110,1388,1093,1364,1144,1366,1163,1369,1182,1368,1226,1370,1181,1374,1161,1376,1142,1373
4027,h,1,1,981,1105,1353,1477,134.23333333333332,962,1187,963,1242,968,1296,979,1347,999,1394,1027,1436,1062,1470,1107,1496,1158,1505,1206,1499,1246,1473,1277,1437,1303,1397,1322,1351,1336,1302,1345,1254,1351,1204,1014,1148,1044,1128,1082,1127,1121,1136,1154,1153,1212,1158,1242,1144,1277,1137,1310,1138,1332,1160,1182,1188,1181,1223,1181,1255,1180,1290,1129,1312,1151,1320,1175,1326,1198,1322,1219,1315,1051,1185,1076,1176,1102,1178,1124,1194,1100,1197,1074,1195,1228,1199,1251,1184,1276,1184,1296,1196,1277,1204,1252,1204,1088,1378,1122,1368,1152,1363,1171,1369,1191,1365,1217,1373,1245,1384,1217,1410,1189,1420,1167,1421,1146,1418,1117,1406,1101,1381,1151,1381,1171,1383,1190,1382,1233,1386,1189,1394,1169,1396,1150,1393
4028,h,1,1,981,1105,1353,1477,134.26666666666668,967,1183,967,1238,971,1294,982,1347,1002,1396,1031,1439,1069,1475,1115,1501,1166,1509,1215,1502,1255,1476,1287,1440,1313,1398,1333,1352,1347,1302,1357,1251,1363,1200,1019,1148,1050,1128,1089,1129,1128,1139,1161,1157,1218,1161,1249,1147,1283,1138,1317,1140,1340,1162,1188,1193,1188,1228,1188,1262,1188,1298,1135,1319,1158,1327,1182,1334,1206,1330,1226,1324,1056,1187,1081,1178,1107,1180,1129,1197,1105,1199,1079,1197,1235,1201,1258,1187,1283,1186,1303,1197,1284,1205,1259,1205,1094,1384,1129,1376,1159,1371,1178,1376,1198,1372,1223,1380,1251,1389,1222,1413,1195,1423,1174,1424,1153,1422,1124,1410,1107,1386,1158,1388,1177,1391,1197,1390,1238,1391,1196,1397,1175,1399,1156,1396
4029,h,1,1,980,1029,1426,1475,134.3,964,1158,966,1221,971,1283,982,1341,1005,1394,1037,1438,1078,1474,1123,1499,1175,1505,1223,1495,1261,1466,1295,1428,1325,1384,1350,1336,1367,1285,1379,1230,1384,1172,1020,1127,1052,1100,1095,1095,1139,1104,1177,1124,1234,1130,1267,1116,1305,1111,1341,1117,1363,1143,1202,1172,1201,1210,1201,1247,1201,1286,1147,1312,1170,1320,1195,1327,1220,1322,1242,1315,1065,1170,1091,1162,1116,1163,1139,1177,1114,1179,1088,1178,1251,1183,1275,1172,1299,1173,1320,1183,1299,1189,1275,1188,1106,1379,1142,1374,1173,1369,1192,1375,1211,1370,1233,1378,1258,1386,1231,1407,1206,1418,1185,1420,1163,1416,1135,1405,1120,1381,1171,1385,1190,1389,1209,1387,1244,1387,1207,1393,1187,1395,1168,1392
4030,h,1,1,980,1029,1426,1475,134.33333333333334,964,1158,966,1221,971,1283,982,1341,1005,1394,1037,1438,1078,1474,1123,1499,1175,1505,1223,1495,1261,1466,1295,1428,1325,1384,1350,1336,1367,1285,1379,1230,1384,1172,1020,1127,1052,1100,1095,1095,1139,1104,1177,1124,1234,1130,1267,1116,1305,1111,1341,1117,1363,1143,1202,1172,1201,1210,1201,1247,1201,1286,1147,1312,1170,1320,1195,1327,1220,1322,1242,1315,1065,1170,1091,1162,1116,1163,1139,1177,1114,1179,1088,1178,1251,1183,1275,1172,1299,1173,1320,1183,1299,1189,1275,1188,1106,1379,1142,1374,1173,1369,1192,1375,1211,1370,1233,1378,1258,1386,1231,1407,1206,1418,1185,1420,1163,1416,1135,1405,1120,1381,1171,1385,1190,1389,1209,1387,1244,1387,1207,1393,1187,1395,1168,1392
4031,h,1,1,980,1029,1426,1475,134.36666666666667,972,1153,971,1214,974,1274,984,1332,1007,1383,1039,1427,1078,1463,1122,1489,1172,1497,1218,1491,1257,1466,1292,1431,1323,1391,1349,1345,1367,1294,1380,1241,1387,1186,1033,1109,1064,1083,1107,1079,1149,1089,1185,1110,1243,1119,1275,1104,1312,1100,1347,1107,1367,1135,1210,1161,1208,1199,1206,1236,1204,1274,1150,1301,1174,1309,1198,1316,1222,1313,1245,1308,1075,1156,1101,1148,1127,1149,1148,1166,1124,1168,1097,1165,1257,1176,1282,1164,1307,1165,1326,1178,1305,1184,1281,1181,1110,1368,1145,1362,1175,1357,1194,1363,1213,1360,1236,1369,1261,1380,1233,1401,1208,1410,1187,1410,1166,1407,1139,1394,1124,1370,1173,1374,1192,1378,1211,1377,1249,1381,1209,1385,1190,1385,1171,1382
4032,h,1,1,980,1029,1426,1475,134.4,975,1127,973,1191,975,1254,985,1314,1009,1367,1039,1413,1078,1450,1122,1477,1173,1488,1221,1482,1260,1456,1295,1421,1326,1379,1354,1332,1374,1280,1388,1224,1398,1166,1037,1088,1070,1063,1115,1059,1159,1070,1197,1091,1252,1101,1286,1088,1325,1084,1360,1092,1379,1122,1219,1143,1216,1179,1214,1215,1212,1253,1156,1283,1180,1290,1205,1298,1229,1296,1252,1291,1079,1136,1107,1128,1133,1130,1155,1147,1130,1148,1103,1145,1266,1158,1291,1146,1316,1149,1336,1161,1315,1167,1290,1164,1111,1354,1148,1345,1180,1341,1199,1348,1218,1345,1241,1355,1267,1369,1237,1388,1211,1396,1190,1397,1168,1392,1140,1380,1125,1356,1177,1358,1196,1362,1216,1362,1254,1368,1213,1371,1193,1371,1174,1368
4033,h,1,1,980,980,1426,1426,134.43333333333334,976,1104,974,1168,976,1234,985,1296,1008,1351,1040,1398,1080,1437,1124,1467,1177,1478,1227,1472,1267,1443,1301,1405,1333,1363,1361,1317,1382,1263,1397,1208,1406,1151,1042,1068,1076,1041,1121,1037,1166,1048,1204,1071,1260,1083,1295,1070,1334,1066,1369,1075,1389,1105,1226,1125,1224,1161,1222,1195,1220,1232,1162,1265,1186,1272,1211,1280,1235,1278,1258,1274,1085,1116,1112,1109,1140,1111,1162,1128,1137,1129,1109,1126,1272,1141,1299,1130,1324,1133,1344,1146,1322,1150,1297,1148,1116,1339,1153,1328,1185,1323,1204,1330,1223,1327,1247,1339,1271,1356,1242,1376,1216,1385,1194,1385,1173,1380,1144,1366,1130,1341,1182,1342,1201,1346,1221,1347,1257,1355,1218,1358,1198,1358,1179,1353
4034,h,1,1,980,980,1426,1426,134.46666666666667,976,1104,974,1168,976,1234,985,1296,1008,1351,1040,1398,1080,1437,1124,1467,1177,1478,1227,1472,1267,1443,1301,1405,1333,1363,1361,1317,1382,1263,1397,1208,1406,1151,1042,1068,1076,1041,1121,1037,1166,1048,1204,1071,1260,1083,1295,1070,1334,1066,1369,1075,1389,1105,1226,1125,1224,1161,1222,1195,1220,1232,1162,1265,1186,1272,1211,1280,1235,1278,1258,1274,1085,1116,1112,1109,1140,1111,1162,1128,1137,1129,1109,1126,1272,1141,1299,1130,1324,1133,1344,1146,1322,1150,1297,1148,1116,1339,1153,1328,1185,1323,1204,1330,1223,1327,1247,1339,1271,1356,1242,1376,1216,1385,1194,1385,1173,1380,1144,1366,1130,1341,1182,1342,1201,1346,1221,1347,1257,1355,1218,1358,1198,1358,1179,1353
4035,h,1,1,980,980,1426,1426,134.5,975,1089,973,1155,977,1222,987,1284,1010,1340,1043,1387,1084,1427,1131,1456,1185,1468,1236,1461,1277,1432,1313,1393,1346,1349,1373,1300,1393,1246,1407,1191,1416,1134,1041,1050,1078,1026,1126,1022,1173,1033,1213,1056,1272,1066,1307,1054,1344,1049,1380,1056,1401,1085,1236,1106,1235,1142,1234,1177,1233,1215,1173,1246,1197,1255,1223,1263,1247,1260,1269,1256,1088,1095,1117,1088,1145,1090,1169,1107,1143,1109,1114,1106,1283,1120,1311,1109,1337,1111,1357,1126,1335,1131,1309,1127,1122,1321,1161,1311,1195,1305,1214,1313,1234,1311,1257,1324,1280,1341,1250,1362,1224,1370,1203,1370,1181,1365,1151,1350,1137,1323,1192,1325,1211,1330,1231,1330,1266,1340,1227,1342,1207,1342,1188,1338
4038,h,1,1,1029,930,1475,1376,134.6,1001,1018,996,1087,995,1155,1005,1219,1029,1278,1065,1326,1108,1368,1154,1404,1207,1420,1257,1415,1299,1386,1340,1351,1378,1310,1406,1262,1430,1209,1446,1153,1457,1095,1086,1001,1126,981,1175,982,1220,998,1258,1023,1313,1038,1349,1026,1388,1023,1423,1032,1441,1059,1276,1079,1272,1115,1269,1150,1266,1187,1205,1217,1229,1225,1253,1234,1278,1232,1300,1230,1129,1057,1159,1052,1186,1056,1208,1074,1182,1074,1154,1069,1319,1092,1348,1083,1374,1087,1393,1101,1370,1106,1345,1101,1158,1286,1194,1278,1227,1273,1245,1282,1263,1280,1283,1294,1302,1312,1277,1333,1252,1343,1231,1342,1211,1337,1183,1318,1173,1288,1223,1293,1241,1299,1259,1299,1288,1310,1256,1310,1237,1310,1218,1305
